X13n0285_001:0220b06	大佛頂如來密因修證了義諸菩薩	大 佛 頂 如 來 密 因 修 證 了 義 諸 菩 薩 
X13n0285_001:0220b07	萬行首楞嚴經卷第一文句	萬 行 首 楞 嚴 經 卷 第 一 文 句 
X13n0285_001:0220b09	唐天竺沙門般剌密諦　譯經	唐 天 竺 沙 門 般 剌 密 諦 譯 經 
X13n0285_001:0220b10	明菩薩沙彌古吳智旭　文句	明 菩 薩 沙 彌 古 吳 智 旭 文 句 
X13n0285_001:0220b11	明菩薩比丘溫陵道昉　參訂	明 菩 薩 比 丘 溫 陵 道 昉 參 訂 
X13n0285_001:0220b12	經題具如玄義中說今更略提綱要此經以人法	經 題 具 如 玄 義 中 說 今 更 略 提 綱 要 此 經 以 人 法 
X13n0285_001:0220b13	為名謂此大佛頂法非因非果一切因果無不依	為 名 謂 此 大 佛 頂 法 非 因 非 果 一 切 因 果 無 不 依 
X13n0285_001:0220b14	之如來果人以此為密因故若修若證無非了義	之 如 來 果 人 以 此 為 密 因 故 若 修 若 證 無 非 了 義 
X13n0285_001:0220b15	而果徹因源諸菩薩因人亦以此具足萬行故根	而 果 徹 因 源 諸 菩 薩 因 人 亦 以 此 具 足 萬 行 故 根 
X13n0285_001:0220b16	塵識大一切皆得畢竟堅固而因該果海也如來	塵 識 大 一 切 皆 得 畢 竟 堅 固 而 因 該 果 海 也 如 來 
X13n0285_001:0220b17	藏妙真如性為體由法法皆如來藏故稱為大佛	藏 妙 真 如 性 為 體 由 法 法 皆 如 來 藏 故 稱 為 大 佛 
X13n0285_001:0220b18	頂也不生不滅因果為宗因果皆不生滅故稱密	頂 也 不生不滅 因 果 為 宗 因 果 皆 不 生 滅 故 稱 密 
X13n0285_001:0220b19	因也離愛得脫為用永離諸愛究竟解脫故號首	因 也 離 愛 得 脫 為 用 永 離 諸 愛 究 竟 解 脫 故 號 首 
X13n0285_001:0220b20	楞嚴也生酥毒發為教相此是方等部中圓頓味	楞 嚴 也 生 酥 毒 發 為 教 相 此 是 方 等 部 中 圓 頓 味 
X13n0285_001:0220b21	也。將釋經文大分為三初從如是我聞至歸來佛	也 將 釋 經 文 大 分 為 三 初 從 如是我聞 至 歸 來 佛 
X13n0285_001:0220b22	所是序分次從阿難見佛至第十卷知有涅槃不	所 是 序 分 次 從 阿 難 見 佛 至 第 十 卷 知 有 涅 槃 不 
X13n0285_001:0220b23	戀三界是正宗分後從阿難若復有人至終是流	戀 三 界 是 正 宗 分 後 從 阿 難 若 復 有 人 至 終 是 流 
X13n0285_001:0220b24	通分。	通 分 
X13n0285_001:0220c01	初序分二初通序二別序。初通序者證信序也	初 序 分 二 初 通 序 二 別 序 初 通 序 者 證 信 序 也 
X13n0285_001:0220c02	諸經同有故名為通以此六義證成可信故名證	諸 經 同 有 故 名 為 通 以 此 六 義 證 成 可 信 故 名 證 
X13n0285_001:0220c03	信六義者如是二字顯所信法體成就我聞二字	信 六 義 者 如 是 二 字 顯 所 信 法 體 成 就 我 聞 二 字 
X13n0285_001:0220c04	顯能聞成就一時二字顯機感成就佛字顯說法	顯 能 聞 成 就 一 時 二 字 顯 機 感 成 就 佛 字 顯 說 法 
X13n0285_001:0220c05	主成就在室羅筏城等顯所依說法處成就與大	主 成 就 在 室 羅 筏 城 等 顯 所 依 說 法 處 成 就 與 大 
X13n0285_001:0220c06	比丘以下具列常隨雲集兩類顯同聞眾成就今	比 丘 以 下 具 列 常 隨 雲 集 兩 類 顯 同 聞 眾 成 就 今 
X13n0285_001:0220c07	恐割裂經文不便句讀總科為二一標聞說時處	恐 割 裂 經 文 不 便 句 讀 總 科 為 二 一 標 聞 說 時 處 
X13n0285_001:0220c08	二引大眾同聞。一標聞說時處所聞即法體能	二 引 大 眾 同 聞 一 標 聞 說 時 處 所 聞 即 法 體 能 
X13n0285_001:0220c09	聞即我所說亦即法體能說即佛也時處可知。	聞 即 我 所 說 亦 即 法 體 能 說 即 佛 也 時 處 可 知 
X13n0285_001:0220c10	如是我聞一時佛在室羅筏城祇桓精舍。	如是我聞 一 時 佛 在 室 羅 筏 城 祇 桓 精 舍 
X13n0285_001:0220c11	如是者指法之辭通指下文十卷文義而言亦是	如 是 者 指 法 之 辭 通 指 下 文 十 卷 文 義 而 言 亦 是 
X13n0285_001:0220c12	信順之義大凡信者則謂是事如是不信者則謂	信 順 之 義 大 凡 信 者 則 謂 是 事 如 是 不 信 者 則 謂 
X13n0285_001:0220c13	是事不如是今言如是即顯信順也我者阿難自	是 事 不 如 是 今 言 如 是 即 顯 信 順 也 我 者 阿 難 自 
X13n0285_001:0220c14	稱此非外道妄計之我亦非凡夫妄執之我乃深	稱 此 非 外 道 妄 計 之 我 亦 非 凡 夫 妄 執 之 我 乃 深 
X13n0285_001:0220c15	達八自在我非我非無我而隨世假名稱為我也	達 八 自 在 我 非 我 非 無 我 而 隨 世 假 名 稱 為 我 也 
X13n0285_001:0220c16	聞者耳根發耳識能達音聲現量體性也一時者	聞 者 耳 根 發 耳 識 能 達 音 聲 現 量 體 性 也 一 時 者 
X13n0285_001:0220c17	機應相符說聽終竟總名一時佛者自覺覺他覺	機 應 相 符 說 聽 終 竟 總 名 一 時 佛 者 自覺覺他 覺 
X13n0285_001:0220c18	行圓滿即是娑婆教主釋迦牟尼在者示迹此間	行 圓 滿 即 是 娑 婆 教 主 釋 迦 牟 尼 在 者 示 迹 此 間 
X13n0285_001:0220c19	行住坐臥總名為在室羅筏城或云舍衛梵音楚	行住坐臥 總 名 為 在 室 羅 筏 城 或 云 舍 衛 梵 音 楚 
X13n0285_001:0220c20	夏之別此翻豐德亦翻聞物亦翻好道即憍薩羅	夏 之 別 此 翻 豐 德 亦 翻 聞 物 亦 翻 好 道 即 憍 薩 羅 
X13n0285_001:0220c21	國之城名也祇桓者本是祇陀太子之園梵語祇	國 之 城 名 也 祇 桓 者 本 是 祇 陀 太 子 之 園 梵 語 祇 
X13n0285_001:0220c22	陀此云戰勝精舍者給孤獨居士為佛及僧所構	陀 此 云 戰 勝 精 舍 者 給 孤 獨 居 士 為 佛 及 僧 所 構 
X13n0285_001:0220c23	精修梵行之處也。然此五事證信一往雖通而	精 修 梵 行 之 處 也 然 此 五 事 證 信 一 往 雖 通 而 
X13n0285_001:0220c24	所序各別所謂如是法異我聞聞異一時時異乃	所 序 各 別 所 謂 如 是 法 異 我 聞 聞 異 一 時 時 異 乃 
X13n0285_001:0221a01	至能住所住各異若不稍為發明安知其為此經	至 能 住 所 住 各 異 若 不 稍 為 發 明 安 知 其 為 此 經 
X13n0285_001:0221a02	通序且文旨既泛將何以為隨文入觀之階故今	通 序 且 文 旨 既 泛 將 何 以 為 隨 文 入 觀 之 階 故 今 
X13n0285_001:0221a03	不敢避繁一一皆作約教觀心二釋初約教釋如	不 敢 避 繁 一 一 皆 作 約 教 觀 心 二 釋 初 約 教 釋 如 
X13n0285_001:0221a04	是者若言俗諦中有文字真諦則無文字阿難傳	是 者 若 言 俗 諦 中 有 文 字 真 諦 則 無 文 字 阿 難 傳 
X13n0285_001:0221a05	佛俗諦文字與佛說不異故名為如因此俗諦文	佛 俗 諦 文 字 與 佛 說 不 異 故 名 為 如 因 此 俗 諦 文 
X13n0285_001:0221a06	字會真諦理故名為是此三藏經初明如是也若	字 會 真 諦 理 故 名 為 是 此 三 藏 經 初 明 如 是 也 若 
X13n0285_001:0221a07	言佛明色即是空空即是色色空空色無二無別	言 佛 明 色 即 是 空 空 即 是 色 色 空 空 色 無 二 無 別 
X13n0285_001:0221a08	空色不異為如即事而真為是阿難傳佛文不異	空 色 不 異 為 如 即 事 而 真 為 是 阿 難 傳 佛 文 不 異 
X13n0285_001:0221a09	為如能詮即所詮為是此通教經初明如是也若	為 如 能 詮 即 所 詮 為 是 此 通 教 經 初 明 如 是 也 若 
X13n0285_001:0221a10	言佛明生死是有邊涅槃是無邊出生死有邊入	言 佛 明 生 死 是 有 邊 涅 槃 是 無 邊 出 生 死 有 邊 入 
X13n0285_001:0221a11	涅槃無邊出涅槃無邊入於中道阿難傳此出有	涅 槃 無 邊 出 涅 槃 無 邊 入 於 中 道 阿 難 傳 此 出 有 
X13n0285_001:0221a12	入無出無入中之法與佛說無異名如從淺至深	入 無 出 無 入 中 之 法 與 佛 說 無 異 名 如 從 淺 至 深 
X13n0285_001:0221a13	無非曰是此別教經初明如是也若言佛明生死	無 非 曰 是 此 別 教 經 初 明 如 是 也 若 言 佛 明 生 死 
X13n0285_001:0221a14	即涅槃亦即中道況復涅槃寧非中道真如法界	即 涅 槃 亦 即 中 道 況 復 涅 槃 寧 非 中 道 真 如 法 界 
X13n0285_001:0221a15	實性實際徧一切處無非佛法阿難傳此與佛說	實 性 實 際 徧一切處 無 非 佛 法 阿 難 傳 此 與 佛 說 
X13n0285_001:0221a16	無異故名為如如如不動故名為是此圓教經初	無 異 故 名 為 如 如 如 不 動 故 名 為 是 此 圓 教 經 初 
X13n0285_001:0221a17	明如是也今經陰入處界皆如來藏性真圓融本	明 如 是 也 今 經 陰 入 處 界 皆 如 來 藏 性 真 圓 融 本 
X13n0285_001:0221a18	無生滅的是圓教如是而三卷中云此法亦緣非	無 生 滅 的 是 圓 教 如 是 而 三 卷 中 云 此 法 亦 緣 非 
X13n0285_001:0221a19	得法性者不過因當機迷重聊借三藏中義還破	得 法 性 者 不 過 因 當 機 迷 重 聊 借 三 藏 中 義 還 破 
X13n0285_001:0221a20	三藏中習正所謂彈偏斥小義也觀心釋如是者	三 藏 中 習 正 所 謂 彈 偏 斥 小 義 也 觀 心 釋 如 是 者 
X13n0285_001:0221a21	觀心惟是生滅審諦不謬為如破除生滅會於真	觀 心 惟 是 生 滅 審 諦 不 謬 為 如 破 除 生 滅 會 於 真 
X13n0285_001:0221a22	諦名是折空意也觀心生滅無性為如了達當體	諦 名 是 折 空 意 也 觀 心 生 滅 無 性 為 如 了 達 當 體 
X13n0285_001:0221a23	無生為是體空意也觀心中道不變名如永捨二	無 生 為 是 體 空 意 也 觀 心 中 道 不 變 名 如 永 捨 二 
X13n0285_001:0221a24	邊名是次第意也觀心全體法界名如即邊即中	邊 名 是 次 第 意 也 觀 心 全 體 法 界 名 如 即 邊 即 中 
X13n0285_001:0221b01	名是一心意也次約教釋我者若言凡夫有三種	名 是 一 心 意 也 次 約 教 釋 我 者 若 言 凡 夫 有 三 種 
X13n0285_001:0221b02	我謂我見我慢及名字我學人無我見惟二種我	我 謂 我 見 我 慢 及 名 字 我 學 人 無 我 見 惟 二 種 我 
X13n0285_001:0221b03	無學并無我慢惟名字我今阿難是學人無邪我	無 學 并 無 我 慢 惟 名 字 我 今 阿 難 是 學 人 無 邪 我 
X13n0285_001:0221b04	能伏慢我但隨世名字稱我無咎此三藏意也若	能 伏 慢 我 但 隨 世 名 字 稱 我 無 咎 此 三 藏 意 也 若 
X13n0285_001:0221b05	云四句稱我皆隨邪見佛正法中無我誰聞此通	云 四 句 稱 我 皆 隨 邪 見 佛 正 法 中 無 我 誰 聞 此 通 
X13n0285_001:0221b06	教意也若云阿難多聞士知我無我而不二雙分	教 意 也 若 云 阿 難 多 聞 士 知 我 無 我 而 不 二 雙 分 
X13n0285_001:0221b07	別我無我此別教意也若云阿難知我無我而不	別 我 無 我 此 別 教 意 也 若 云 阿 難 知 我 無 我 而 不 
X13n0285_001:0221b08	二方便為侍者傳持如來無礙智慧以自在音聲	二 方 便 為 侍 者 傳 持 如 來 無 礙 智 慧 以 自 在 音 聲 
X13n0285_001:0221b09	傳權傳實無所不可此圓教意也今經如來藏性	傳 權 傳 實 無 所 不 可 此 圓 教 意 也 今 經 如 來 藏 性 
X13n0285_001:0221b10	三義圓融非我即我離即離非是即非即的是圓	三 義 圓 融 非 我 即 我 離 即 離 非 是 即 非 即 的 是 圓 
X13n0285_001:0221b11	教真我意也觀心釋我者觀一念心屬因緣所生	教 真 我 意 也 觀 心 釋 我 者 觀 一 念 心 屬 因緣所生 
X13n0285_001:0221b12	是假名我觀心即空是我無我觀心即假是分別	是 假 名 我 觀 心 即 空 是 我 無 我 觀 心 即 假 是 分 別 
X13n0285_001:0221b13	我與非我觀心即中是真妙我次約教釋聞者有	我 與 非 我 觀 心 即 中 是 真 妙 我 次 約 教 釋 聞 者 有 
X13n0285_001:0221b14	聞聞有聞不聞有不聞聞有不聞不聞聞聞者耳	聞 聞 有 聞 不 聞 有 不 聞 聞 有 不 聞 不 聞 聞 聞 者 耳 
X13n0285_001:0221b15	根不壞聲在可聞處作心欲聞眾緣和合故有聞	根 不 壞 聲 在 可 聞 處 作 心 欲 聞 眾 緣 和 合 故 有 聞 
X13n0285_001:0221b16	藏教意也聞不聞者隨世俗說假名為聞第一義	藏 教 意 也 聞 不 聞 者 隨 世 俗 說 假 名 為 聞 第 一 義 
X13n0285_001:0221b17	中無聲無字安有能聞所聞通教意也不聞聞者	中 無 聲 無 字 安 有 能 聞 所 聞 通 教 意 也 不 聞 聞 者 
X13n0285_001:0221b18	妙性本自離名絕相依假名分別則有聞與不聞	妙 性 本 自 離 名 絕 相 依 假 名 分 別 則 有 聞 與 不 聞 
X13n0285_001:0221b19	別教意也不聞不聞者性既離名絕相則一切根	別 教 意 也 不 聞 不 聞 者 性 既 離 名 絕 相 則 一 切 根 
X13n0285_001:0221b20	塵無不當體離名絕相此經明七大一一清淨本	塵 無 不 當 體 離 名 絕 相 此 經 明 七 大 一 一 清 淨 本 
X13n0285_001:0221b21	然周徧法界圓教意也觀心釋聞者觀因緣所生	然 周 徧 法 界 圓 教 意 也 觀 心 釋 聞 者 觀 因緣所生 
X13n0285_001:0221b22	法是觀聞聞觀因緣即空是觀聞不聞觀因緣即	法 是 觀 聞 聞 觀 因 緣 即 空 是 觀 聞 不 聞 觀 因 緣 即 
X13n0285_001:0221b23	空即假是觀不聞聞觀因緣即空即假即中是觀	空 即 假 是 觀 不 聞 聞 觀 因 緣 即 空 即 假 即 中 是 觀 
X13n0285_001:0221b24	不聞不聞次約教釋一時者時無實法依色心相	不 聞 不 聞 次 約 教 釋 一 時 者 時 無 實 法 依 色 心 相 
X13n0285_001:0221c01	續分位則有長短劫數不同藏教意也一念不生	續 分 位 則 有 長 短 劫 數 不 同 藏 教 意 也 一 念 不 生 
X13n0285_001:0221c02	三際叵得通教意也於一無住法性分別世界劫	三 際 叵 得 通 教 意 也 於 一 無 住 法 性 分 別 世 界 劫 
X13n0285_001:0221c03	數無量差別別教意也十世古今始終不離當念	數 無量差別 別 教 意 也 十 世 古 今 始 終 不 離 當 念 
X13n0285_001:0221c04	一念普觀無量劫無去無來亦無住圓教意也又	一 念 普 觀 無 量 劫 無 去 無 來 亦 無 住 圓 教 意 也 又 
X13n0285_001:0221c05	見諦已上無學已下名一時藏教也三乘同入第	見 諦 已 上 無 學 已 下 名 一 時 藏 教 也 三 乘 同 入 第 
X13n0285_001:0221c06	一義名一時通教也登地已上名一時別教也初	一 義 名 一 時 通 教 也 登 地 已 上 名 一 時 別 教 也 初 
X13n0285_001:0221c07	發心時便成正覺名一時圓教也今經不歷僧祇	發 心 時 便 成 正 覺 名 一 時 圓 教 也 今 經 不 歷 僧 祇 
X13n0285_001:0221c08	獲法身狂心頓歇歇即菩提是圓教一時觀心釋	獲 法 身 狂 心 頓 歇 歇 即 菩 提 是 圓 教 一 時 觀 心 釋 
X13n0285_001:0221c09	一時者觀心因緣生法是假名時觀心即空是不	一 時 者 觀 心 因緣生法 是 假 名 時 觀 心 即 空 是 不 
X13n0285_001:0221c10	可得時觀心即假是分別種種時觀心即中是不	可 得 時 觀 心 即 假 是 分 別 種 種 時 觀 心 即 中 是 不 
X13n0285_001:0221c11	思議時次約教釋佛者梵語佛陀此云覺者知者	思 議 時 次 約 教 釋 佛 者 梵 語 佛 陀 此 云 覺 者 知 者 
X13n0285_001:0221c12	若言菩提樹下三十四心斷結正習俱盡既自覺	若 言 菩提樹下 三 十 四 心 斷 結 正 習 俱 盡 既 自 覺 
X13n0285_001:0221c13	悟生滅四諦亦以生滅四諦覺他即藏教佛相若	悟 生 滅 四 諦 亦 以 生 滅 四 諦 覺 他 即 藏 教 佛 相 若 
X13n0285_001:0221c14	言正使先斷今機緣熟時於道樹下以一念相應	言 正 使 先 斷 今 機 緣 熟 時 於 道 樹 下 以 一 念 相 應 
X13n0285_001:0221c15	慧斷餘殘習現帶劣勝應身轉無生四諦法輪者	慧 斷 餘 殘 習 現 帶 劣 勝 應 身 轉 無 生 四 諦 法 輪 者 
X13n0285_001:0221c16	即通佛自覺覺他相若言次第斷盡三惑坐蓮華	即 通 佛 自覺覺他 相 若 言 次 第 斷 盡 三 惑 坐 蓮 華 
X13n0285_001:0221c17	臺藏世界轉無量四諦法輪者即別佛自覺覺他	臺 藏 世 界 轉 無 量 四 諦 法 輪 者 即 別 佛 自覺覺他 
X13n0285_001:0221c18	相若言一心圓斷三惑至於究竟證不可思議法	相 若 言 一 心 圓 斷 三 惑 至 於 究 竟 證 不可思議 法 
X13n0285_001:0221c19	身而能示現一切佛身一一身相同於虗空不可	身 而 能 示 現 一 切 佛 身 一 一 身 相 同 於 虗 空 不 可 
X13n0285_001:0221c20	思議能轉無作四諦法輪亦能方便轉前三教法	思 議 能 轉 無 作 四 諦 法 輪 亦 能 方 便 轉 前 三 教 法 
X13n0285_001:0221c21	輪者即圓佛自覺覺他相今經云我以妙明不滅	輪 者 即 圓 佛 自覺覺他 相 今 經 云 我 以 妙 明 不 滅 
X13n0285_001:0221c22	不生合如來藏而如來藏惟妙覺明圓炤法界是	不 生 合 如 來 藏 而 如 來 藏 惟 妙 覺 明 圓 炤 法 界 是 
X13n0285_001:0221c23	故於中一為無量無量為一小中現大大中現小	故 於 中 一 為 無 量 無 量 為 一 小 中 現 大 大 中 現 小 
X13n0285_001:0221c24	等當知的是圓教佛相觀心釋佛者觀心因緣生	等 當 知 的 是 圓 教 佛 相 觀 心 釋 佛 者 觀 心 因 緣 生 
X13n0285_001:0222a01	法是藏佛觀心因緣即空是通佛觀心因緣先空	法 是 藏 佛 觀 心 因 緣 即 空 是 通 佛 觀 心 因 緣 先 空 
X13n0285_001:0222a02	次假後中是別佛觀心因緣即空假中是圓佛也	次 假 後 中 是 別 佛 觀 心 因 緣 即 空 假 中 是 圓 佛 也 
X13n0285_001:0222a03	次約教釋在者行住坐臥通名為在在即是住住	次 約 教 釋 在 者 行住坐臥 通 名 為 在 在 即 是 住 住 
X13n0285_001:0222a04	即攝餘三儀今當以住釋在復有兩番能住所住	即 攝 餘 三 儀 今 當 以 住 釋 在 復 有 兩 番 能 住 所 住 
X13n0285_001:0222a05	佛為能住天住梵住聖住佛住等法為所住又法	佛 為 能 住 天 住 梵 住 聖 住 佛 住 等 法 為 所 住 又 法 
X13n0285_001:0222a06	為能住精舍為所住也十善名天住是天道因故	為 能 住 精 舍 為 所 住 也 十 善 名 天 住 是 天 道 因 故 
X13n0285_001:0222a07	慈悲喜捨名梵住是梵天因故三三昧名聖住是	慈 悲 喜 捨 名 梵 住 是 梵 天 因 故 三 三 昧 名 聖 住 是 
X13n0285_001:0222a08	出世法故首楞嚴三昧名佛住是無上法故若言	出 世 法 故 首楞嚴三昧 名 佛 住 是 無 上 法 故 若 言 
X13n0285_001:0222a09	從折空觀發真無漏住有餘涅槃示迹人間以十	從 折 空 觀 發 真 無 漏 住 有餘涅槃 示 迹 人 間 以 十 
X13n0285_001:0222a10	善四等應世間機以三三昧應出世機者是藏教	善 四 等 應 世 間 機 以 三 三 昧 應 出 世 機 者 是 藏 教 
X13n0285_001:0222a11	佛住若言從體空觀發真無漏住有餘涅槃示迹	佛 住 若 言 從 體 空 觀 發 真 無 漏 住 有餘涅槃 示 迹 
X13n0285_001:0222a12	人間亦以天梵二住應世間機以聖住應出世機	人 間 亦 以 天 梵 二 住 應 世 間 機 以 聖 住 應 出 世 機 
X13n0285_001:0222a13	者是通佛住若言從次第三觀住三德祕藏示迹	者 是 通 佛 住 若 言 從 次 第 三 觀 住 三 德 祕 藏 示 迹 
X13n0285_001:0222a14	人間遍用四種住應世出世機者是別佛住若言	人 間 遍 用 四 種 住 應 世 出 世 機 者 是 別 佛 住 若 言 
X13n0285_001:0222a15	從一心三觀住三德祕藏示迹人間亦徧用四住	從 一 心 三 觀 住 三 德 祕 藏 示 迹 人 間 亦 徧 用 四 住 
X13n0285_001:0222a16	應世出世機而能住四法所住諸處一一無非三	應 世 出 世 機 而 能 住 四 法 所 住 諸 處 一 一 無 非 三 
X13n0285_001:0222a17	德祕藏者即圓佛住今經云於一毛端現寶王剎	德 祕 藏 者 即 圓 佛 住 今 經 云 於 一 毛 端 現 寶 王 剎 
X13n0285_001:0222a18	坐微塵裏轉大法輪的是圓教佛住也觀心釋住	坐 微 塵 裏 轉 大 法 輪 的 是 圓 教 佛 住 也 觀 心 釋 住 
X13n0285_001:0222a19	者觀住於境或住無常境住即假即中即空等境	者 觀 住 於 境 或 住 無 常 境 住 即 假 即 中 即 空 等 境 
X13n0285_001:0222a20	以無住法住於境中故名為在次約教釋室羅筏	以 無 住 法 住 於 境 中 故 名 為 在 次 約 教 釋 室 羅 筏 
X13n0285_001:0222a21	城祇恒精舍者若見此處土砂艸木石壁是藏教	城 祇 恒 精 舍 者 若 見 此 處 土 砂 艸 木 石 壁 是 藏 教 
X13n0285_001:0222a22	境若見此處清淨七寶莊嚴是通教境若見此處	境 若 見 此 處 清 淨 七 寶 莊 嚴 是 通 教 境 若 見 此 處 
X13n0285_001:0222a23	即華藏世界是別教境若見此處即不可思議諸	即 華藏世界 是 別 教 境 若 見 此 處 即 不可思議 諸 
X13n0285_001:0222a24	佛境界是圓教境今經云一切眾生為物所轉故	佛 境 界 是 圓 教 境 今 經 云 一 切 眾 生 為 物 所 轉 故 
X13n0285_001:0222b01	於是中觀大觀小若能轉物則同如來身心圓明	於 是 中 觀 大 觀 小 若 能 轉 物 則 同 如 來 身 心 圓 明 
X13n0285_001:0222b02	不動道場於一毛端徧能含受十方國土當知此	不 動 道 場 於 一 毛 端 徧 能 含 受 十 方 國 土 當 知 此 
X13n0285_001:0222b03	處即常寂光而隨機所見自成差別耳觀心釋城	處 即 常 寂 光 而 隨 機 所 見 自 成 差 別 耳 觀 心 釋 城 
X13n0285_001:0222b04	舍者涅槃名城慈悲名舍觀思議十二因緣滅住	舍 者 涅 槃 名 城 慈 悲 名 舍 觀 思 議 十二因緣 滅 住 
X13n0285_001:0222b05	真諦城入生緣慈悲舍藏教也觀思議十二因緣	真 諦 城 入 生 緣 慈 悲 舍 藏 教 也 觀 思 議 十二因緣 
X13n0285_001:0222b06	不生不滅住真諦城入生緣法緣慈悲舍通教也	不生不滅 住 真 諦 城 入 生 緣 法 緣 慈 悲 舍 通 教 也 
X13n0285_001:0222b07	觀不思議十二因緣滅住中道涅槃城入生緣法	觀 不 思 議 十二因緣 滅 住 中 道 涅 槃 城 入 生 緣 法 
X13n0285_001:0222b08	緣無緣次第三慈悲舍別教也觀不思議十二因	緣 無 緣 次 第 三 慈 悲 舍 別 教 也 觀 不 思 議 十 二 因 
X13n0285_001:0222b09	緣不生不滅住中道涅槃城入一心三緣大慈悲	緣 不生不滅 住 中 道 涅 槃 城 入 一 心 三 緣 大 慈 悲 
X13n0285_001:0222b10	舍圓教也若不約教安知全事即理若不觀心安	舍 圓 教 也 若 不 約 教 安 知 全 事 即 理 若 不 觀 心 安 
X13n0285_001:0222b11	知全性成修讀者幸深思之。二引大眾同聞復	知 全 性 成 修 讀 者 幸 深 思 之 二 引 大 眾 同 聞 復 
X13n0285_001:0222b12	為三初聲聞眾二緣覺眾三菩薩眾聲聞是常隨	為 三 初 聲 聞 眾 二 緣 覺 眾 三 菩 薩 眾 聲 聞 是 常 隨 
X13n0285_001:0222b13	眾餘二皆雲集眾也。初聲聞眾又為三初示類	眾 餘 二 皆 雲 集 眾 也 初 聲 聞 眾 又 為 三 初 示 類 
X13n0285_001:0222b14	標數二顯位歎德三列上首名。初示類標數大	標 數 二 顯 位 歎 德 三 列 上 首 名 初 示 類 標 數 大 
X13n0285_001:0222b15	比丘是示類千二百五十人是標數也。	比 丘 是 示 類 千二百五十 人 是 標 數 也 
X13n0285_001:0222b16	與大比丘眾千二百五十人俱。	與 大 比 丘 眾 千二百五十 人 俱 
X13n0285_001:0222b17	與者共義釋論以七一解共謂一時一處一戒一	與 者 共 義 釋 論 以 七 一 解 共 謂 一 時 一 處 一 戒 一 
X13n0285_001:0222b18	心一見一道一解脫也大者梵語摩訶具大多勝	心 一 見 一 道 一 解 脫 也 大 者 梵 語 摩 訶 具 大 多 勝 
X13n0285_001:0222b19	三義器量尊重為天王等大人所敬故言大徧知	三 義 器 量 尊 重 為 天 王 等 大 人 所 敬 故 言 大 徧 知 
X13n0285_001:0222b20	內外經書故言多超出九十五種外道故言勝今	內 外 經 書 故 言 多 超 出 九 十 五 種 外 道 故 言 勝 今 
X13n0285_001:0222b21	稱為大即攝多勝二義比丘含三義一怖魔二破	稱 為 大 即 攝 多 勝 二 義 比 丘 含 三 義 一 怖 魔 二 破 
X13n0285_001:0222b22	惡三乞士或翻除饉怖魔者魔王居第六天統攝	惡 三 乞 士 或 翻 除 饉 怖 魔 者 魔 王 居 第 六 天 統 攝 
X13n0285_001:0222b23	欲界貪戀塵勞恐人修道出其境界若正法住世	欲 界 貪 戀 塵 勞 恐 人 修 道 出 其 境 界 若 正法住世 
X13n0285_001:0222b24	時有信心男子六根具足年滿二十無十三重難	時 有 信 心 男 子 六 根 具 足 年 滿 二 十 無 十 三 重 難 
X13n0285_001:0222c01	亦無十六輕遮得三師七證或邊地中得三師二	亦 無 十 六 輕 遮 得 三 師 七 證 或 邊 地 中 得 三 師 二 
X13n0285_001:0222c02	證如法秉受比丘戒法正登壇白四羯磨已竟名	證 如 法 秉 受 比 丘 戒 法 正 登 壇 白四羯磨 已 竟 名 
X13n0285_001:0222c03	為得式成比丘性入僧寶數中爾時地行羅剎高	為 得 式 成 比 丘 性 入 僧 寶 數 中 爾 時 地 行 羅 剎 高 
X13n0285_001:0222c04	聲唱善此間有善男子如法出家當使諸天增盛	聲 唱 善 此 間 有 善 男 子 如 法 出 家 當 使 諸 天 增 盛 
X13n0285_001:0222c05	修羅減損於是空行夜叉聞之亦出大聲唱善聲	修 羅 減 損 於 是 空 行 夜 叉 聞 之 亦 出 大 聲 唱 善 聲 
X13n0285_001:0222c06	至四王天中天復出聲唱善聲傳忉利乃至夜摩	至 四 王 天 中 天 復 出 聲 唱 善 聲 傳 忉 利 乃 至 夜 摩 
X13n0285_001:0222c07	兜率化樂他化展轉傳至梵天魔王於宮中聞此	兜 率 化 樂 他 化 展 轉 傳 至 梵 天 魔 王 於 宮 中 聞 此 
X13n0285_001:0222c08	唱聲生大愁怖故名怖魔破惡者出家持戒則因	唱 聲 生 大 愁 怖 故 名 怖 魔 破 惡 者 出 家 持 戒 則 因 
X13n0285_001:0222c09	戒生定因定發慧破除身口七支破除三界見思	戒 生 定 因 定 發 慧 破 除 身 口 七 支 破 除 三 界 見 思 
X13n0285_001:0222c10	諸惡也乞士者既出家已永離四種邪命乞食以	諸 惡 也 乞 士 者 既 出 家 已 永 離 四 種 邪 命 乞 食 以 
X13n0285_001:0222c11	資身命永捨一切邪法乞法以資慧命也四種邪	資 身 命 永 捨 一 切 邪 法 乞 法 以 資 慧 命 也 四 種 邪 
X13n0285_001:0222c12	命者一仰口食謂仰觀星宿推步盈虗以此求食	命 者 一 仰 口 食 謂 仰 觀 星 宿 推 步 盈 虗 以 此 求 食 
X13n0285_001:0222c13	二下口食謂種植田園三方口謂食于謁四方結	二 下 口 食 謂 種 植 田 園 三 方 口 謂 食 于 謁 四 方 結 
X13n0285_001:0222c14	交豪貴四維口食謂商賈貨殖此之四事在家人	交 豪 貴 四 維 口 食 謂 商 賈 貨 殖 此 之 四 事 在 家 人 
X13n0285_001:0222c15	得為之出家所不應為故皆永離也邪法者邪戒	得 為 之 出 家 所 不 應 為 故 皆 永 離 也 邪 法 者 邪 戒 
X13n0285_001:0222c16	邪定邪慧邪戒即牛狗等戒乃至諸天諸仙一切	邪 定 邪 慧 邪 戒 即 牛 狗 等 戒 乃 至 諸 天 諸 仙 一 切 
X13n0285_001:0222c17	禁戒不能出生死者邪定即凡夫外道依欣厭心	禁 戒 不 能 出 生 死 者 邪 定 即 凡 夫 外 道 依 欣 厭 心 
X13n0285_001:0222c18	所修十二門禪邪慧即有無二見十六知見六十	所 修 十 二 門 禪 邪 慧 即 有無二見 十 六 知 見 六 十 
X13n0285_001:0222c19	二見百八見等今皆永捨惟求增上戒學增上心	二 見 百 八 見 等 今 皆 永 捨 惟 求 增上戒學 增 上 心 
X13n0285_001:0222c20	學增上慧學故名乞士也除饉者清淨持戒能為	學 增上慧學 故 名 乞 士 也 除 饉 者 清 淨 持 戒 能 為 
X13n0285_001:0222c21	人世福田能作清淨法施除一切眾生無福無慧	人 世 福 田 能 作 清 淨 法 施 除 一 切 眾 生 無 福 無 慧 
X13n0285_001:0222c22	二種饉也眾者梵語僧伽此云和合眾和合有二	二 種 饉 也 眾 者 梵 語 僧 伽 此 云 和 合 眾 和 合 有 二 
X13n0285_001:0222c23	義一理和謂同證擇滅無為二事和謂戒和同修	義 一 理 和 謂 同 證 擇 滅 無 為 二 事 和 謂 戒 和 同 修 
X13n0285_001:0222c24	見和同解利和同均身和同住口和無諍意和同	見 和 同 解 利 和 同 均 身 和 同 住 口 和 無 諍 意 和 同 
X13n0285_001:0223a01	悅眾者四人以上之稱一比丘不名僧二三比丘	悅 眾 者 四 人 以 上 之 稱 一 比 丘 不 名 僧 二 三 比 丘 
X13n0285_001:0223a02	亦不名僧四比丘同住能作一切如法僧事惟除	亦 不 名 僧 四 比 丘 同 住 能 作 一 切 如 法 僧 事 惟 除 
X13n0285_001:0223a03	自恣授具出罪三種羯磨若五比丘同住即可自	自 恣 授 具 出 罪 三 種 羯 磨 若 五 比 丘 同 住 即 可 自 
X13n0285_001:0223a04	恣亦可於邊方授具若十比丘同住則五天竺國	恣 亦 可 於 邊 方 授 具 若 十 比 丘 同 住 則 五 天 竺 國 
X13n0285_001:0223a05	便可授具乃至二十比丘同住則一切羯磨可作	便 可 授 具 乃 至 二 十 比 丘 同 住 則 一 切 羯 磨 可 作 
X13n0285_001:0223a06	故名和合眾也千二百五十人者佛初成道先度	故 名 和 合 眾 也 千二百五十 人 者 佛 初 成 道 先 度 
X13n0285_001:0223a07	鹿苑五人次度耶舍等五十人次度三迦葉波千	鹿 苑 五 人 次 度 耶 舍 等 五 十 人 次 度 三 迦 葉 波 千 
X13n0285_001:0223a08	人次度舍利弗目連等二百人此千二百五十五	人 次 度 舍 利 弗 目 連 等 二 百 人 此 千二百五十 五 
X13n0285_001:0223a09	人感佛深恩為常隨眾今但舉大數也俱者師資	人 感 佛 深 恩 為 常 隨 眾 今 但 舉 大 數 也 俱 者 師 資 
X13n0285_001:0223a10	常爾相隨事和無別眾法和無別理也。再作約	常 爾 相 隨 事 和 無 別 眾 法 和 無 別 理 也 再 作 約 
X13n0285_001:0223a11	教觀心二釋初約教釋與者藏教一七一通教二	教 觀 心 二 釋 初 約 教 釋 與 者 藏 教 一 七 一 通 教 二 
X13n0285_001:0223a12	七一別教無量七一圓教一七一大多勝者藏教	七 一 別 教 無 量 七 一 圓 教 一 七 一 大 多 勝 者 藏 教 
X13n0285_001:0223a13	如前說又大力羅漢所敬故名大徧知生滅即無	如 前 說 又 大 力 羅 漢 所 敬 故 名 大 徧 知 生 滅 即 無 
X13n0285_001:0223a14	生滅故名多勝三藏四門故名勝即通教義也又	生 滅 故 名 多 勝 三 藏 四 門 故 名 勝 即 通 教 義 也 又 
X13n0285_001:0223a15	體法大力羅漢所敬故名大恒沙佛法皆知故名	體 法 大 力 羅 漢 所 敬 故 名 大 恒 沙 佛 法 皆 知 故 名 
X13n0285_001:0223a16	多勝二乘人故名勝即別教義也又諸大菩薩所	多 勝 二 乘 人 故 名 勝 即 別 教 義 也 又 諸 大 菩 薩 所 
X13n0285_001:0223a17	敬故名大法界不可量法悉知故名多勝諸菩薩	敬 故 名 大 法 界 不 可 量 法 悉 知 故 名 多 勝 諸 菩 薩 
X13n0285_001:0223a18	故名勝即今經圓教義也藏教比丘如前說又乞	故 名 勝 即 今 經 圓 教 義 也 藏 教 比 丘 如 前 說 又 乞 
X13n0285_001:0223a19	士者歷緣求真破惡者破障理惑怖魔者以即空	士 者 歷 緣 求 真 破 惡 者 破 障 理 惑 怖 魔 者 以 即 空 
X13n0285_001:0223a20	觀破四種魔除饉者除析法饉即通教義也又乞	觀 破 四 種 魔 除 饉 者 除 析 法 饉 即 通 教 義 也 又 乞 
X13n0285_001:0223a21	士者歷三諦求理破惡者除通別二惑怖魔者破	士 者 歷 三 諦 求 理 破 惡 者 除 通 別 二 惑 怖 魔 者 破 
X13n0285_001:0223a22	界內界外八魔除饉者除偏空饉即別教義也又	界 內 界 外 八 魔 除 饉 者 除 偏 空 饉 即 別 教 義 也 又 
X13n0285_001:0223a23	乞士者即陰入處界七大求如來藏性破惡者達	乞 士 者 即 陰 入 處 界 七 大 求 如 來 藏 性 破 惡 者 達 
X13n0285_001:0223a24	狂歇即菩提怖魔者當處禪那覺悟無惑知魔界	狂 歇 即 菩 提 怖 魔 者 當 處 禪 那 覺 悟 無 惑 知 魔 界 
X13n0285_001:0223b01	如即佛界如除饉者除但中不具諸法饉即今經	如 即 佛 界 如 除 饉 者 除 但 中 不 具 諸 法 饉 即 今 經 
X13n0285_001:0223b02	圓教義也僧有四種一無漸僧謂破戒者二啞羊	圓 教 義 也 僧 有 四 種 一 無 漸 僧 謂 破 戒 者 二 啞 羊 
X13n0285_001:0223b03	僧謂愚癡不解法律三清淨僧謂七方便人四真	僧 謂 愚 癡 不 解 法 律 三 清 淨 僧 謂 七 方 便 人 四 真 
X13n0285_001:0223b04	實僧謂四向四果今非前三種但是真實僧藏教	實 僧 謂 四向四果 今 非 前 三 種 但 是 真 實 僧 藏 教 
X13n0285_001:0223b05	義也又見地以上名真實僧通教義也又歡喜地	義 也 又 見 地 以 上 名 真 實 僧 通 教 義 也 又 歡 喜 地 
X13n0285_001:0223b06	以上名真實僧別教義也又發心住以上名真實	以 上 名 真 實 僧 別 教 義 也 又 發 心 住 以 上 名 真 實 
X13n0285_001:0223b07	僧圓教義也觀心釋者心王為師諸心心所為弟	僧 圓 教 義 也 觀 心 釋 者 心 王 為 師 諸 心 心 所 為 弟 
X13n0285_001:0223b08	子眾一念妙觀是名佛諸心心所和合隨成妙觀	子 眾 一 念 妙 觀 是 名 佛 諸 心 心 所 和 合 隨 成 妙 觀 
X13n0285_001:0223b09	是名與大比丘眾若干人俱也約四教明觀可知。	是 名 與 大 比 丘 眾 若 干 人 俱 也 約 四 教 明 觀 可 知 
X13n0285_001:0223b10	二顯位歎德大阿羅漢句是顯位佛子下十二	二 顯 位 歎 德 大阿羅漢 句 是 顯 位 佛 子 下 十 二 
X13n0285_001:0223b11	句是歎德也。	句 是 歎 德 也 
X13n0285_001:0223b12	皆是無漏大阿羅漢佛子住持善超諸有能於國土	皆 是 無 漏 大阿羅漢 佛 子 住 持 善 超 諸 有 能 於 國 土 
X13n0285_001:0223b13	成就威儀從佛轉輪妙堪遺囑嚴淨毗尼弘範三界	成 就 威 儀 從 佛 轉 輪 妙 堪 遺 囑 嚴 淨 毗 尼 弘 範 三 界 
X13n0285_001:0223b14	應身無量度脫眾生拔濟未來越諸塵累。	應 身 無 量 度 脫 眾 生 拔 濟 未 來 越 諸 塵 累 
X13n0285_001:0223b15	無漏者無欲漏無有漏無無明漏諸惑斷盡也大	無 漏 者 無 欲 漏 無 有 漏 無 無 明 漏 諸 惑 斷 盡 也 大 
X13n0285_001:0223b16	亦具大多勝三義如前說阿羅漢含三義一應供	亦 具 大 多 勝 三 義 如 前 說 阿 羅 漢 含 三 義 一 應 供 
X13n0285_001:0223b17	義即乞士果二殺賊義即破惡果三無生義即怖	義 即 乞 士 果 二 殺 賊 義 即 破 惡 果 三 無 生 義 即 怖 
X13n0285_001:0223b18	魔果當知比丘三義通於因果此三唯在果也又	魔 果 當 知 比 丘 三 義 通 於 因 果 此 三 唯 在 果 也 又 
X13n0285_001:0223b19	羅漢有三種修性念處斷見思惑但得漏盡不具	羅 漢 有 三 種 修 性 念 處 斷 見 思 惑 但 得 漏 盡 不 具 
X13n0285_001:0223b20	諸通名慧解脫人修共念處斷惑證真具足三明	諸 通 名 慧 解 脫 人 修 共 念 處 斷 惑 證 真 具 足 三 明 
X13n0285_001:0223b21	六通及八解脫名俱解脫人修緣念處斷惑證真	六 通 及 八 解 脫 名 俱 解 脫 人 修 緣 念 處 斷 惑 證 真 
X13n0285_001:0223b22	具足通明解脫兼發四無礙辯名無礙解脫人今	具 足 通 明 解 脫 兼 發 四 無 礙 辯 名 無礙解脫 人 今 
X13n0285_001:0223b23	是無礙解脫故稱大也約教者藏通如上說又無	是 無礙解脫 故 稱 大 也 約 教 者 藏 通 如 上 說 又 無 
X13n0285_001:0223b24	見思漏無塵沙漏無住地無明漏應受人天二乘	見 思 漏 無 塵 沙 漏 無 住 地 無 明 漏 應 受 人 天 二 乘 
X13n0285_001:0223c01	供養殺見思塵沙無明之賊無分段變易二種生	供 養 殺 見 思 塵 沙 無 明 之 賊 無 分 段 變 易 二 種 生 
X13n0285_001:0223c02	死即別教義又一心中圓盡諸漏應受九界供養	死 即 別 教 義 又 一 心 中 圓 盡 諸 漏 應 受 九 界 供 養 
X13n0285_001:0223c03	煩惱即菩提名殺賊生死即涅槃名無生即圓教	煩 惱 即 菩 提 名 殺 賊 生 死 即 涅 槃 名 無 生 即 圓 教 
X13n0285_001:0223c04	義也觀心者觀心即空無見思漏觀心即假無塵	義 也 觀 心 者 觀 心 即 空 無 見 思 漏 觀 心 即 假 無 塵 
X13n0285_001:0223c05	沙漏觀心即中無無明漏觀一心具十法界是應	沙 漏 觀 心 即 中 無 無 明 漏 觀 一 心 具 十 法 界 是 應 
X13n0285_001:0223c06	供觀心煩惱即菩提是殺賊觀心生死即涅槃是	供 觀 心 煩 惱 即 菩 提 是 殺 賊 觀 心 生 死 即 涅 槃 是 
X13n0285_001:0223c07	無生也佛子以下有十二句總別歎德佛子住持	無 生 也 佛 子 以 下 有 十 二 句 總 別 歎 德 佛 子 住 持 
X13n0285_001:0223c08	善超諸有是總歎戒慧二德能於國土下十句是	善 超 諸 有 是 總 歎 戒 慧 二 德 能 於 國 土 下 十 句 是 
X13n0285_001:0223c09	別歎戒慧也佛子者從佛口生從法化生故名佛	別 歎 戒 慧 也 佛 子 者 從 佛 口 生 從 法 化 生 故 名 佛 
X13n0285_001:0223c10	子若言二乘斷惑證真是佛真子菩薩伏惑未斷	子 若 言 二 乘 斷 惑 證 真 是 佛 真 子 菩 薩 伏 惑 未 斷 
X13n0285_001:0223c11	子義則疎是藏教義若言三乘皆斷惑而二乘無	子 義 則 疎 是 藏 教 義 若 言 三 乘 皆 斷 惑 而 二 乘 無 
X13n0285_001:0223c12	大悲心子義則弱菩薩大悲增上能紹佛種子義	大 悲 心 子 義 則 弱 菩薩大悲 增 上 能 紹 佛 種 子 義 
X13n0285_001:0223c13	則強是通教義若言菩薩徧行諸佛所有道法名	則 強 是 通 教 義 若 言 菩 薩 徧 行 諸 佛 所 有 道 法 名 
X13n0285_001:0223c14	為佛子二乘自度如客作賤人是別教義若言初	為 佛 子 二 乘 自 度 如 客 作 賤 人 是 別 教 義 若 言 初 
X13n0285_001:0223c15	發菩提之心即是佛種如輪王太子初入胎時即	發 菩提之心 即 是 佛 種 如 輪 王 太 子 初 入 胎 時 即 
X13n0285_001:0223c16	聖王種是圓教義也住者安住不動持者任持不	聖 王 種 是 圓 教 義 也 住 者 安 住 不 動 持 者 任 持 不 
X13n0285_001:0223c17	失若言住木叉戒持生滅四諦法輪即藏教義若	失 若 言 住 木 叉 戒 持 生 滅 四 諦 法 輪 即 藏 教 義 若 
X13n0285_001:0223c18	言住真諦戒持無生四諦法輪即通教義若言住	言 住 真 諦 戒 持 無 生 四 諦 法 輪 即 通 教 義 若 言 住 
X13n0285_001:0223c19	三聚戒持無量四諦法輪即別教義若言住一心	三 聚 戒 持 無 量 四 諦 法 輪 即 別 教 義 若 言 住 一 心 
X13n0285_001:0223c20	無上妙戒持無作四諦法輪即圓教義若言非非	無 上 妙 戒 持 無 作 四 諦 法 輪 即 圓 教 義 若 言 非 非 
X13n0285_001:0223c21	想處報盡還墮不名善超出三界獄乃名善超即	想 處 報 盡 還 墮 不 名 善 超出三界 獄 乃 名 善 超 即 
X13n0285_001:0223c22	藏教義若言畏三界為實有雖超不善知三界即	藏 教 義 若 言 畏 三 界 為 實 有 雖 超 不 善 知 三 界 即 
X13n0285_001:0223c23	空乃名善超即通教義若言不惟超同居三有亦	空 乃 名 善 超 即 通 教 義 若 言 不 惟 超 同 居 三 有 亦 
X13n0285_001:0223c24	超方便三有亦超實報三有故名為善即別教義	超 方 便 三 有 亦 超 實 報 三 有 故 名 為 善 即 別 教 義 
X13n0285_001:0224a01	若言三土皆即是常寂光非超非不超而論於超	若 言 三 土 皆 即 是 常 寂 光 非 超 非 不 超 而 論 於 超 
X13n0285_001:0224a02	故名為善即圓教義也觀心者若觀心因緣所生	故 名 為 善 即 圓 教 義 也 觀 心 者 若 觀 心 因緣所生 
X13n0285_001:0224a03	是藏教佛子住木叉戒持生滅四諦法輪超三界	是 藏 教 佛 子 住 木 叉 戒 持 生 滅 四 諦 法 輪 超 三 界 
X13n0285_001:0224a04	獄若觀心因緣即空是通教佛子住真諦戒持無	獄 若 觀 心 因 緣 即 空 是 通 教 佛 子 住 真 諦 戒 持 無 
X13n0285_001:0224a05	生法輪即三界而超三界若觀心因緣先空次假	生 法 輪 即 三 界 而 超 三 界 若 觀 心 因 緣 先 空 次 假 
X13n0285_001:0224a06	後中是別教佛子住三聚戒持無量法輪次第超	後 中 是 別 教 佛 子 住 三 聚 戒 持 無 量 法 輪 次 第 超 
X13n0285_001:0224a07	於三土若觀心因緣即空假中是圓教佛子住無	於 三 土 若 觀 心 因 緣 即 空 假 中 是 圓 教 佛 子 住 無 
X13n0285_001:0224a08	上戒持無作法輪圓超諸有也次能於國土成就	上 戒 持 無 作 法 輪 圓 超 諸 有 也 次 能 於 國 土 成 就 
X13n0285_001:0224a09	威儀是別歎戒德從佛轉輪妙堪遺囑是別歎慧	威 儀 是 別 歎 戒 德 從 佛 轉 輪 妙 堪 遺 囑 是 別 歎 慧 
X13n0285_001:0224a10	德嚴淨毗尼弘範三界是廣歎成就威儀德謂不	德 嚴 淨 毗 尼 弘 範 三 界 是 廣 歎 成 就 威 儀 德 謂 不 
X13n0285_001:0224a11	惟成一國威儀乃徧為師範於三界也應身無量	惟 成 一 國 威 儀 乃 徧 為 師 範 於 三 界 也 應 身 無 量 
X13n0285_001:0224a12	度脫眾生是廣歎從佛轉輪德謂不惟從一化佛	度 脫 眾 生 是 廣 歎 從 佛 轉 輪 德 謂 不 惟 從 一 化 佛 
X13n0285_001:0224a13	轉輪乃同佛應身無量也拔濟未來越諸塵累是	轉 輪 乃 同 佛 應 身 無 量 也 拔 濟 未 來 越 諸 塵 累 是 
X13n0285_001:0224a14	廣歎妙堪遺囑德謂不惟護持正法像法乃悲願	廣 歎 妙 堪 遺 囑 德 謂 不 惟 護持正法 像 法 乃 悲 願 
X13n0285_001:0224a15	盡於未來也約教者若但指五天竺國為國土指	盡 於 未 來 也 約 教 者 若 但 指 五 天 竺 國 為 國 土 指 
X13n0285_001:0224a16	別解脫戒為威儀指生滅無生四諦為輪指同居	別解脫戒 為 威 儀 指 生 滅 無 生 四 諦 為 輪 指 同 居 
X13n0285_001:0224a17	為三界指百億為無量等即藏通義若徧指華藏	為 三 界 指 百 億 為 無 量 等 即 藏 通 義 若 徧 指 華 藏 
X13n0285_001:0224a18	為國土指三聚為威儀指無量無作四諦為輪指	為 國 土 指 三 聚 為 威 儀 指 無 量 無 作 四 諦 為 輪 指 
X13n0285_001:0224a19	四土為三界指橫徧為無量等即別圓義觀心者	四 土 為 三 界 指 橫 徧 為 無 量 等 即 別 圓 義 觀 心 者 
X13n0285_001:0224a20	若觀心因緣生法成就同居國土威儀從劣應佛	若 觀 心 因緣生法 成 就 同 居 國 土 威 儀 從 劣 應 佛 
X13n0285_001:0224a21	轉生滅輪弘範同居三界乃至拔濟未來越同居	轉 生 滅 輪 弘 範 同 居 三 界 乃 至 拔 濟 未 來 越 同 居 
X13n0285_001:0224a22	塵累若觀心因緣即空成就同居方便二種國土	塵 累 若 觀 心 因 緣 即 空 成 就 同 居 方 便 二 種 國 土 
X13n0285_001:0224a23	威儀從勝劣應佛轉無生輪弘範同居方便二種	威 儀 從 勝 劣 應 佛 轉 無 生 輪 弘 範 同 居 方 便 二 種 
X13n0285_001:0224a24	三界乃至拔濟未來越二土塵累若觀心因緣即	三 界 乃 至 拔 濟 未 來 越 二 土 塵 累 若 觀 心 因 緣 即 
X13n0285_001:0224b01	空即假成就同居方便實報三種國土威儀從勝	空 即 假 成 就 同 居 方 便 實 報 三 種 國 土 威 儀 從 勝 
X13n0285_001:0224b02	應佛轉無量輪弘範三種三界乃至拔濟未來越	應 佛 轉 無 量 輪 弘 範 三 種 三 界 乃 至 拔 濟 未 來 越 
X13n0285_001:0224b03	三土塵累若觀心因緣即空假中成就同居方便	三 土 塵 累 若 觀 心 因 緣 即 空 假 中 成 就 同 居 方 便 
X13n0285_001:0224b04	實報寂光四種國土威儀從法報佛轉無作輪弘	實 報 寂 光 四 種 國 土 威 儀 從 法 報 佛 轉 無 作 輪 弘 
X13n0285_001:0224b05	範四種三界乃至拔濟未來越四土塵累問曰寂	範 四 種 三 界 乃 至 拔 濟 未 來 越 四 土 塵 累 問 曰 寂 
X13n0285_001:0224b06	光安得更有塵累答曰此約分證寂光言也問曰	光 安 得 更 有 塵 累 答 曰 此 約 分 證 寂 光 言 也 問 曰 
X13n0285_001:0224b07	佛子有無量德何意偏歎戒慧二種答曰德雖無	佛 子 有 無 量 德 何 意 偏 歎 戒 慧 二 種 答 曰 德 雖 無 
X13n0285_001:0224b08	量戒定慧三攝無不盡此經首標大定之名曰大	量 戒 定 慧 三 攝 無 不 盡 此 經 首 標 大 定 之 名 曰 大 
X13n0285_001:0224b09	佛頂首楞嚴王乃取正因理性以為定體而此定	佛 頂 首 楞 嚴 王 乃 取 正 因 理 性 以 為 定 體 而 此 定 
X13n0285_001:0224b10	體雖復含靈本具全賴緣了有功正因方顯故第	體 雖 復 含 靈 本 具 全 賴 緣 了 有 功 正 因 方 顯 故 第 
X13n0285_001:0224b11	四卷云汝但不隨分別世間業果眾生三種相續	四 卷 云 汝 但 不 隨 分 別 世 間 業 果 眾 生 三 種 相 續 
X13n0285_001:0224b12	三緣斷故三因不生則汝心中演若達多狂性自	三 緣 斷 故 三 因 不 生 則 汝 心 中 演 若 達 多 狂 性 自 
X13n0285_001:0224b13	歇歇即菩提勝淨明心本周法界不從人得夫菩	歇 歇 即 菩 提 勝 淨 明 心 本 周 法 界 不 從 人 得 夫 菩 
X13n0285_001:0224b14	提勝淨明心即是大佛頂首楞嚴王所謂正因理	提 勝 淨 明 心 即 是 大 佛 頂 首 楞 嚴 王 所 謂 正 因 理 
X13n0285_001:0224b15	性之體故曰本周法界不從人得也而不隨分別	性 之 體 故 曰 本 周 法 界 不 從 人 得 也 而 不 隨 分 別 
X13n0285_001:0224b16	全是了因慧心即今所歎慧德三緣斷故全是緣	全 是 了 因 慧 心 即 今 所 歎 慧 德 三 緣 斷 故 全 是 緣 
X13n0285_001:0224b17	因善心即今所歎戒德也且此經始自徵心辨見	因 善 心 即 今 所 歎 戒 德 也 且 此 經 始 自 徵 心 辨 見 
X13n0285_001:0224b18	中歷陰入處界後彰七大圓融無非開此圓解以	中 歷 陰 入 處 界 後 彰 七 大 圓 融 無 非 開 此 圓 解 以 
X13n0285_001:0224b19	為入流之本次則申之以四種清淨明誨示之以	為 入 流 之 本 次 則 申 之 以 四 種 清 淨 明 誨 示 之 以 
X13n0285_001:0224b20	誦呪結壇軌式無非扶此戒法以為正修之助正	誦 呪 結 壇 軌 式 無 非 扶 此 戒 法 以 為 正 修 之 助 正 
X13n0285_001:0224b21	助合行方成三漸次行方可歷於五十五位真菩	助 合 行 方 成 三 漸 次 行 方 可 歷 於 五 十 五 位 真 菩 
X13n0285_001:0224b22	提路而登妙覺當知所歷之位從始至終一一無	提 路 而 登 妙 覺 當 知 所 歷 之 位 從始至終 一 一 無 
X13n0285_001:0224b23	非理性本體能歷之行從淺至深一一無非緣了	非 理 性 本 體 能 歷 之 行 從 淺 至 深 一 一 無 非 緣 了 
X13n0285_001:0224b24	二功仍恐疎於戒者縱有空解不免沉墜故借善	二 功 仍 恐 疎 於 戒 者 縱 有 空 解 不 免 沉 墜 故 借 善 
X13n0285_001:0224c01	星寶蓮以為問端遂復精研七趣方知若無真戒	星 寶 蓮 以 為 問 端 遂 復 精 研 七 趣 方 知 若 無 真 戒 
X13n0285_001:0224c02	決無真慧葢無木叉戒不免三惡無禪戒不免欲	決 無 真 慧 葢 無 木 叉 戒 不 免 三 惡 無 禪 戒 不 免 欲 
X13n0285_001:0224c03	有無無漏戒不免色無色有安得出世智慧也又	有 無 無 漏 戒 不 免 色 無 色 有 安 得 出 世 智 慧 也 又 
X13n0285_001:0224c04	恐疎於慧者縱有戒善不免迷惑故借無聞比丘	恐 疎 於 慧 者 縱 有 戒 善 不 免 迷 惑 故 借 無 聞 比 丘 
X13n0285_001:0224c05	以為言端遂復詳辨五魔方知若無真慧并無真	以 為 言 端 遂 復 詳 辨 五 魔 方 知 若 無 真 慧 并 無 真 
X13n0285_001:0224c06	戒葢無真諦慧故木叉戒可破而成魔侶無中諦	戒 葢 無 真 諦 慧 故 木 叉 戒 可 破 而 成 魔 侶 無 中 諦 
X13n0285_001:0224c07	慧故菩提心戒可破而成聲聞緣覺安得三聚淨	慧 故 菩 提 心 戒 可 破 而 成 聲 聞 緣 覺 安 得 三 聚 淨 
X13n0285_001:0224c08	戒也故阿含云由戒淨故慧淨由慧淨故戒淨如	戒 也 故 阿 含 云 由 戒 淨 故 慧 淨 由 慧 淨 故 戒 淨 如 
X13n0285_001:0224c09	兩手互洗不容先後寧惟藏教為然當知通別圓	兩 手 互 洗 不 容 先 後 寧 惟 藏 教 為 然 當 知 通 別 圓 
X13n0285_001:0224c10	教所有修行要法總莫過於此矣又此戒慧即涅	教 所 有 修 行 要 法 總 莫 過 於 此 矣 又 此 戒 慧 即 涅 
X13n0285_001:0224c11	槃所謂戒乘若戒乘俱緩永在三塗若戒急乘緩	槃 所 謂 戒 乘 若 戒 乘 俱 緩 永 在 三 塗 若 戒 急 乘 緩 
X13n0285_001:0224c12	雖在人天無由出世若乘急戒緩雖獲出世要經	雖 在 人 天 無 由 出 世 若 乘 急 戒 緩 雖 獲 出 世 要 經 
X13n0285_001:0224c13	三惡惟乘戒俱急方可坐進斯道今經首歎戒慧	三 惡 惟 乘 戒 俱 急 方 可 坐 進 斯 道 今 經 首 歎 戒 慧 
X13n0285_001:0224c14	二德深有由也。三列上首名。	二 德 深 有 由 也 三 列 上 首 名 
X13n0285_001:0224c15	其名曰大智舍利弗摩訶目犍連摩訶拘絺羅富樓	其 名 曰 大 智 舍 利 弗 摩 訶 目 犍 連 摩 訶 拘 絺 羅 富 樓 
X13n0285_001:0224c16	那彌多羅尼子須菩提優波尼沙陀等而為上首。	那 彌 多 羅 尼 子 須 菩 提 優 波 尼 沙 陀 等 而 為 上 首 
X13n0285_001:0224c17	大智者聲聞眾中智慧第一也舍利此云鶖鷺尊	大 智 者 聲 聞 眾 中 智慧第一 也 舍 利 此 云 鶖 鷺 尊 
X13n0285_001:0224c18	者之母明目似之故以為名弗者子也即是從母	者 之 母 明 目 似 之 故 以 為 名 弗 者 子 也 即 是 從 母 
X13n0285_001:0224c19	立稱正名優波提舍摩訶目犍連此云大采菽氏	立 稱 正 名 優波提舍 摩 訶 目 犍 連 此 云 大 采 菽 氏 
X13n0285_001:0224c20	尊者姓也名拘律陀西域樹名禱此樹神而生故	尊 者 姓 也 名 拘 律 陀 西 域 樹 名 禱 此 樹 神 而 生 故 
X13n0285_001:0224c21	以為名神通第一摩訶拘絺羅此云大膝即舍利	以 為 名 神通第一 摩 訶 拘 絺 羅 此 云 大 膝 即 舍 利 
X13n0285_001:0224c22	弗之母舅亦號長爪梵志論議第一富樓那此云	弗 之 母 舅 亦 號 長 爪 梵 志 論 議 第 一 富 樓 那 此 云 
X13n0285_001:0224c23	滿是其父名彌多羅尼此云慈是其母名雙標父	滿 是 其 父 名 彌 多 羅 尼 此 云 慈 是 其 母 名 雙 標 父 
X13n0285_001:0224c24	母以名其子故稱為滿慈子說法第一須菩提此	母 以 名 其 子 故 稱 為 滿 慈 子 說 法 第 一 須 菩 提 此 
X13n0285_001:0225a01	云空生亦云善現亦云善吉解空第一優波尼沙	云 空 生 亦 云 善 現 亦 云 善 吉 解 空 第 一 優 波 尼 沙 
X13n0285_001:0225a02	陀此云塵性空為上首者於佛是弟子於千二百	陀 此 云 塵 性 空 為 上 首 者 於 佛 是 弟 子 於 千 二 百 
X13n0285_001:0225a03	五十人則是師表也約教者析法智體法智次第	五 十 人 則 是 師 表 也 約 教 者 析 法 智 體 法 智 次 第 
X13n0285_001:0225a04	三智一心三智乃至滅色空即色空離二邊空不	三 智 一 心 三 智 乃 至 滅 色 空 即 色 空 離 二 邊 空 不 
X13n0285_001:0225a05	思議空等觀心者觀心因緣生法是析法智乃至	思 議 空 等 觀 心 者 觀 心 因緣生法 是 析 法 智 乃 至 
X13n0285_001:0225a06	滅色空觀心因緣即空是體法智乃至是即色空	滅 色 空 觀 心 因 緣 即 空 是 體 法 智 乃 至 是 即 色 空 
X13n0285_001:0225a07	觀心因緣先空次假後中是次第三智乃至是離	觀 心 因 緣 先 空 次 假 後 中 是 次 第 三 智 乃 至 是 離 
X13n0285_001:0225a08	二邊空觀心因緣即空假中是一心三智乃至是	二 邊 空 觀 心 因 緣 即 空 假 中 是 一 心 三 智 乃 至 是 
X13n0285_001:0225a09	不思議空餘可例知不復委說。二緣覺眾。	不 思 議 空 餘 可 例 知 不 復 委 說 二 緣 覺 眾 
X13n0285_001:0225a10	復有無量辟支無學并其初心同來佛所屬諸比丘	復 有 無 量 辟 支 無 學 并 其 初 心 同 來 佛 所 屬 諸 比 丘 
X13n0285_001:0225a11	休夏自恣。	休 夏 自 恣 
X13n0285_001:0225a12	辟支有二種一者出無佛世自悟無生名為獨覺	辟 支 有 二 種 一 者 出 無 佛 世 自 悟 無 生 名 為 獨 覺 
X13n0285_001:0225a13	二者出有佛世秉因緣教修行得道名為緣覺今	二 者 出 有 佛 世 秉 因 緣 教 修 行 得 道 名 為 緣 覺 今 
X13n0285_001:0225a14	即緣覺眾也無學者所作已辦之稱初心者發意	即 緣 覺 眾 也 無 學 者 所 作 已 辦 之 稱 初 心 者 發 意 
X13n0285_001:0225a15	修緣生觀即是有學人也約教者悟生滅思議十	修 緣 生 觀 即 是 有 學 人 也 約 教 者 悟 生 滅 思 議 十 
X13n0285_001:0225a16	二因緣即藏教辟支悟不生滅思議十二因緣即	二 因 緣 即 藏 教 辟 支 悟 不 生 滅 思 議 十二因緣 即 
X13n0285_001:0225a17	通教辟支悟生滅不思議十二因緣即別教辟支	通 教 辟 支 悟 生 滅 不 思 議 十二因緣 即 別 教 辟 支 
X13n0285_001:0225a18	悟不生滅不思議十二因緣即圓教辟支也觀心	悟 不 生 滅 不 思 議 十二因緣 即 圓 教 辟 支 也 觀 心 
X13n0285_001:0225a19	可知屬者遇也休夏者三月夏安居已竟也自恣	可 知 屬 者 遇 也 休 夏 者 三 月 夏 安 居 已 竟 也 自 恣 
X13n0285_001:0225a20	者僧中作自恣羯磨各各陳白互求說罪悔過也	者 僧 中 作 自 恣 羯 磨 各 各 陳 白 互 求 說 罪 悔 過 也 
X13n0285_001:0225a21	其法在百一羯磨中未受比丘戒者不宜預知已	其 法 在 百 一 羯 磨 中 未 受 比 丘 戒 者 不 宜 預 知 已 
X13n0285_001:0225a22	受比丘戒者必應習學茲不具述此二句正明辟	受 比 丘 戒 者 必 應 習 學 茲 不 具 述 此 二 句 正 明 辟 
X13n0285_001:0225a23	支來集之故亦為下文菩薩咨決心疑之由文可	支 來 集 之 故 亦 為 下 文 菩 薩 咨 決 心 疑 之 由 文 可 
X13n0285_001:0225a24	兩屬就便屬上。三菩薩眾為二初夏終時集二	兩 屬 就 便 屬 上 三 菩 薩 眾 為 二 初 夏 終 時 集 二 
X13n0285_001:0225b01	聞音遠集。初夏終時集。	聞 音 遠 集 初 夏 終 時 集 
X13n0285_001:0225b02	十方菩薩咨決心疑欽奉慈嚴將求密義即時如來	十 方 菩 薩 咨 決 心 疑 欽 奉 慈 嚴 將 求 密 義 即 時 如 來 
X13n0285_001:0225b03	敷座晏安為諸會中宣示深奧法筵清眾得未曾有。	敷 座 晏 安 為 諸 會 中 宣 示 深 奧 法 筵 清 眾 得未曾有 
X13n0285_001:0225b04	此正承上屬諸比丘休夏自咨之時故不惟辟支	此 正 承 上 屬 諸 比 丘 休 夏 自 咨 之 時 故 不 惟 辟 支 
X13n0285_001:0225b05	咸集而十方菩薩亦皆乘此咨決心疑也菩薩約	咸 集 而 十 方 菩 薩 亦 皆 乘 此 咨 決 心 疑 也 菩 薩 約 
X13n0285_001:0225b06	教可知不復更出慈嚴者佛之慈悲如母威嚴如	教 可 知 不 復 更 出 慈 嚴 者 佛 之 慈 悲 如 母 威 嚴 如 
X13n0285_001:0225b07	父也密義者密妙之義所謂三德祕藏又未經法	父 也 密 義 者 密 妙 之 義 所 謂 三 德 祕 藏 又 未 經 法 
X13n0285_001:0225b08	華開顯且令一類大機密默先得共益即所謂祕	華 開 顯 且 令 一 類 大 機 密 默 先 得 共 益 即 所 謂 祕 
X13n0285_001:0225b09	密教也深奧即祕密義明非淺露之說此文雖屬	密 教 也 深 奧 即 祕 密 義 明 非 淺 露 之 說 此 文 雖 屬 
X13n0285_001:0225b10	通序已與諸經不同大似欲說法華先說無量義	通 序 已 與 諸 經 不 同 大 似 欲 說 法 華 先 說 無 量 義 
X13n0285_001:0225b11	也。二聞音遠集。	也 二 聞 音 遠 集 
X13n0285_001:0225b12	迦陵仙音徧十方界恒沙菩薩來聚道場文殊師利	迦 陵 仙 音 徧 十 方 界 恒 沙 菩 薩 來 聚 道 場 文 殊 師 利 
X13n0285_001:0225b13	而為上首。	而 為 上 首 
X13n0285_001:0225b14	迦陵頻伽鳥名音聲最妙以喻佛說法音更加以	迦陵頻伽鳥 名 音 聲 最 妙 以 喻 佛 說 法 音 更 加 以 
X13n0285_001:0225b15	仙字者意顯佛之妙音僅用迦陵固不足以喻之	仙 字 者 意 顯 佛 之 妙 音 僅 用 迦 陵 固 不 足 以 喻 之 
X13n0285_001:0225b16	僅用仙字亦不足以喻之也又佛名大覺金仙故	僅 用 仙 字 亦 不 足 以 喻 之 也 又 佛 名 大 覺 金 仙 故 
X13n0285_001:0225b17	稱仙音佛之音聲稱性周徧鐵圍諸山所不能障	稱 仙 音 佛 之 音 聲 稱 性 周 徧 鐵 圍 諸 山 所 不 能 障 
X13n0285_001:0225b18	但有緣者皆得共聞今欲覺悟諸菩薩故所以徧	但 有 緣 者 皆 得 共 聞 今 欲 覺 悟 諸 菩 薩 故 所 以 徧 
X13n0285_001:0225b19	至十方界也文殊師利此云妙吉祥亦云妙德正	至 十 方 界 也 文 殊 師 利 此 云 妙 吉 祥 亦 云 妙 德 正 
X13n0285_001:0225b20	表眾生根本實智故下文將呪往護選擇圓通請	表 眾 生 根 本 實 智 故 下 文 將 呪 往 護 選 擇 圓 通 請 
X13n0285_001:0225b21	結經名莫不由之前舍利弗表於權智權實二智	結 經 名 莫 不 由 之 前 舍 利 弗 表 於 權 智 權 實 二 智 
X13n0285_001:0225b22	是自利利他之本故並為二處上首也通序竟。	是 自利利他 之 本 故 並 為 二 處 上 首 也 通 序 竟 
X13n0285_001:0225b23	二別序者發起序也諸經各各不同故名為別以	二 別 序 者 發 起 序 也 諸 經 各各不同 故 名 為 別 以 
X13n0285_001:0225b24	此因緣深發大教故名發起分文為二初示墮因	此 因 緣 深 發 大 教 故 名 發 起 分 文 為 二 初 示 墮 因 
X13n0285_001:0225c01	緣二神呪護攝。初中三初佛僧應供二阿難等	緣 二 神 呪 護 攝 初 中 三 初 佛 僧 應 供 二 阿 難 等 
X13n0285_001:0225c02	乞三婬室誤墮。初佛僧應供。	乞 三 婬 室 誤 墮 初 佛 僧 應 供 
X13n0285_001:0225c03	時波斯匿王為其父王諱日營齋請佛宮掖自迎如	時 波 斯 匿 王 為 其 父 王 諱 日 營 齋 請 佛 宮 掖 自 迎 如 
X13n0285_001:0225c04	來廣設珍羞無上妙味兼復親延諸大菩薩城中復	來 廣 設 珍 羞 無 上 妙 味 兼 復 親 延 諸 大 菩 薩 城 中 復 
X13n0285_001:0225c05	有長者居士同時飯僧佇佛來應佛敕文殊分領菩	有 長 者 居 士 同 時 飯 僧 佇 佛 來 應 佛 敕 文 殊 分 領 菩 
X13n0285_001:0225c06	薩及阿羅漢應諸齋主。	薩 及 阿 羅 漢 應 諸 齋 主 
X13n0285_001:0225c07	波斯匿此云月光與佛同時降生父王見諸光明	波 斯 匿 此 云 月 光 與 佛 同 時 降 生 父 王 見 諸 光 明 
X13n0285_001:0225c08	祥瑞謂是其子福力所致故以命名亦翻勝軍即	祥 瑞 謂 是 其 子 福 力 所 致 故 以 命 名 亦 翻 勝 軍 即 
X13n0285_001:0225c09	舍衛國王也諱日者父死之日人子所不忍言故	舍 衛 國 王 也 諱 日 者 父 死 之 日 人 子 所 不 忍 言 故 
X13n0285_001:0225c10	名諱日掖者宮中左右名為掖庭餘如文。二阿	名 諱 日 掖 者 宮 中 左 右 名 為 掖 庭 餘 如 文 二 阿 
X13n0285_001:0225c11	難等乞。	難 等 乞 
X13n0285_001:0225c12	唯有阿難先受別請遠遊未還不遑僧次既無上座	唯 有 阿 難 先 受 別 請 遠 遊 未 還 不 遑 僧 次 既 無 上 座 
X13n0285_001:0225c13	及阿闍梨途中獨歸其日無供即時阿難執持應器	及 阿 闍 梨 途 中 獨 歸 其 日 無 供 即 時 阿 難 執 持 應 器 
X13n0285_001:0225c14	於所遊城次第循乞心中初求最後檀越以為齋主	於 所 遊 城 次 第 循 乞 心 中 初 求 最 後 檀 越 以 為 齋 主 
X13n0285_001:0225c15	無問淨穢剎利尊姓及栴陀羅方行等慈不擇微賤	無 問 淨 穢 剎 利 尊 姓 及 栴 陀 羅 方 行 等 慈 不 擇 微 賤 
X13n0285_001:0225c16	發意圓成一切眾生無量功德阿難已知如來世尊	發 意 圓 成 一 切 眾 生 無量功德 阿 難 已 知 如 來 世 尊 
X13n0285_001:0225c17	訶須菩提及大迦葉為阿羅漢心不均平欽仰如來	訶 須 菩 提 及 大 迦 葉 為 阿 羅 漢 心 不 均 平 欽 仰 如 來 
X13n0285_001:0225c18	開闡無遮度諸疑謗經彼城隍徐步郭門嚴整威儀	開 闡 無 遮 度 諸 疑 謗 經 彼 城 隍 徐 步 郭 門 嚴 整 威 儀 
X13n0285_001:0225c19	肅恭齋法。	肅 恭 齋 法 
X13n0285_001:0225c20	阿難此云慶喜白飯王子佛之堂弟成道日生故	阿 難 此 云 慶 喜 白 飯 王 子 佛 之 堂 弟 成 道 日 生 故 
X13n0285_001:0225c21	名慶喜也別請者請有二種一僧次請二別請也	名 慶 喜 也 別 請 者 請 有 二 種 一 僧 次 請 二 別 請 也 
X13n0285_001:0225c22	大乘律中戒受別請戒別請僧毗尼藏中不一向	大 乘 律 中 戒 受 別 請 戒 別 請 僧 毗 尼 藏 中 不 一 向 
X13n0285_001:0225c23	戒於受別請除病時行時作衣施衣等時無犯於	戒 於 受 別 請 除 病 時 行 時 作 衣 施 衣 等 時 無 犯 於 
X13n0285_001:0225c24	別請僧但令僧次通請一人餘皆別請無犯今時	別 請 僧 但 令 僧 次 通 請 一 人 餘 皆 別 請 無 犯 今 時 
X13n0285_001:0226a01	值自恣即是施衣時到故阿難得受別請而遠遊	值 自 恣 即 是 施 衣 時 到 故 阿 難 得 受 別 請 而 遠 遊 
X13n0285_001:0226a02	未還也遑及也不遑者但是先已出界今猶未及	未 還 也 遑 及 也 不 遑 者 但 是 先 已 出 界 今 猶 未 及 
X13n0285_001:0226a03	歸僧伽藍故不預眾僧受供之次或是受一日法	歸 僧 伽 藍 故 不 預 眾 僧 受 供 之 次 或 是 受 一 日 法 
X13n0285_001:0226a04	乃至受七日法而去皆不可知斷斷不可作破夏	乃 至 受 七 日 法 而 去 皆 不 可 知 斷 斷 不 可 作 破 夏 
X13n0285_001:0226a05	解以備考律中阿難無破夏事故也上座者梵名	解 以 備 考 律 中 阿 難 無 破 夏 事 故 也 上 座 者 梵 名 
X13n0285_001:0226a06	悉替那此有三種一生年上座戒臘最高二福德	悉 替 那 此 有 三 種 一 生 年 上 座 戒 臘 最 高 二 福 德 
X13n0285_001:0226a07	上座大福大慧眾所推敬三法性上座謂阿羅漢	上 座 大 福 大 慧 眾 所 推 敬 三 法 性 上 座 謂 阿 羅 漢 
X13n0285_001:0226a08	阿闍梨此云軌範師共有五種一出家阿闍梨授	阿 闍 梨 此 云 軌 範 師 共 有 五 種 一 出 家 阿 闍 梨 授 
X13n0285_001:0226a09	沙彌十戒法者是二教授阿闍梨受具時屏處問	沙彌十戒 法 者 是 二 教 授 阿 闍 梨 受 具 時 屏 處 問 
X13n0285_001:0226a10	遮難及教令乞戒者是三羯磨阿闍梨受具時當	遮 難 及 教 令 乞 戒 者 是 三 羯磨阿闍梨 受 具 時 當 
X13n0285_001:0226a11	壇白四羯磨者是四依止阿闍梨所從受依止乃	壇 白四羯磨 者 是 四 依 止 阿 闍 梨 所 從 受 依 止 乃 
X13n0285_001:0226a12	至一夜者是五教讀阿闍梨所從受經若解義乃	至 一 夜 者 是 五 教 讀 阿 闍 梨 所 從 受 經 若 解 義 乃 
X13n0285_001:0226a13	至一四句偈者是律中比丘五夏未滿不得暫離	至 一四句偈 者 是 律 中 比 丘 五 夏 未 滿 不 得 暫 離 
X13n0285_001:0226a14	依止今阿難十夏已滿故得無上座阿闍梨而獨	依 止 今 阿 難 十 夏 已 滿 故 得 無 上 座 阿 闍 梨 而 獨 
X13n0285_001:0226a15	行也應器者梵名鉢多羅以體色量三皆應法故	行 也 應 器 者 梵 名 鉢 多 羅 以 體 色 量 三 皆 應 法 故 
X13n0285_001:0226a16	名應器體則或瓦或鐵色則熏如鳩鴿量則隨腹	名 應 器 體 則 或 瓦 或 鐵 色 則 熏 如 鳩 鴿 量 則 隨 腹 
X13n0285_001:0226a17	大小極大不過三升極小不過升半也檀越者檀	大 小 極 大 不 過 三 升 極 小 不 過 升 半 也 檀 越 者 檀 
X13n0285_001:0226a18	即是施由行施故越貧窮海故稱檀越言最後者	即 是 施 由 行 施 故 越 貧 窮 海 故 稱 檀 越 言 最 後 者 
X13n0285_001:0226a19	以王及長者居士已先發心徧請佛僧今若發心	以 王 及 長 者 居 士 已 先 發 心 徧 請 佛 僧 今 若 發 心 
X13n0285_001:0226a20	請阿難者即是最後之檀越也剎利此云王種四	請 阿 難 者 即 是 最 後 之 檀 越 也 剎 利 此 云 王 種 四 
X13n0285_001:0226a21	姓中尊是為最淨栴陀羅此云殺者四姓不齒是	姓 中 尊 是 為 最 淨 栴 陀 羅 此 云 殺 者 四 姓 不 齒 是 
X13n0285_001:0226a22	為最穢舉此二種以明無簡擇也發意圓成一切	為 最 穢 舉 此 二 種 以 明 無 簡 擇 也 發 意 圓 成 一 切 
X13n0285_001:0226a23	眾生無量功德者有二意一謂等心而乞等心而	眾 生 無量功德 者 有 二 意 一 謂 等 心 而 乞 等 心 而 
X13n0285_001:0226a24	施則於食等者於法亦等故能圓成無量功德二	施 則 於 食 等 者 於 法 亦 等 故 能 圓 成 無量功德 二 
X13n0285_001:0226b01	謂王及長者居士如此殷勤設供假使阿難一日	謂 王 及 長 者 居 士 如 此 殷 勤 設 供 假 使 阿 難 一 日 
X13n0285_001:0226b02	失食則功德不全若得最後發心之人獨供阿難	失 食 則 功 德 不 全 若 得 最 後 發 心 之 人 獨 供 阿 難 
X13n0285_001:0226b03	則并王臣等一切眾生所有功德皆得圓成也阿	則 并 王 臣 等 一 切 眾 生 所 有 功 德 皆 得 圓 成 也 阿 
X13n0285_001:0226b04	難已知下正顯所以方行等慈之繇繇知佛曾訶	難 已 知 下 正 顯 所 以 方 行 等 慈 之 繇 繇 知 佛 曾 訶 
X13n0285_001:0226b05	二尊者故今欽仰而行無遮大道也以須菩提捨	二 尊 者 故 今 欽 仰 而 行 無 遮 大 道 也 以 須 菩 提 捨 
X13n0285_001:0226b06	貧從富大迦葉捨富從貪雖復各有所見總未合	貧 從 富 大 迦 葉 捨 富 從 貪 雖 復 各 有 所 見 總 未 合 
X13n0285_001:0226b07	於無遮法門總不免於起人疑謗今恪遵明訓攝	於 無 遮 法 門 總 不 免 於 起 人 疑 謗 今 恪 遵 明 訓 攝 
X13n0285_001:0226b08	護威儀固是乞食常規比丘正式阿難誤墮之過	護 威 儀 固 是 乞 食 常 規 比 丘 正 式 阿 難 誤 墮 之 過 
X13n0285_001:0226b09	誠不因此後世講解遂欲於此吹毛求疵誣罔尊	誠 不 因 此 後 世 講 解 遂 欲 於 此 吹 毛 求 疵 誣 罔 尊 
X13n0285_001:0226b10	者亦太酷矣。三婬室誤墮。	者 亦 太 酷 矣 三 婬 室 誤 墮 
X13n0285_001:0226b11	爾時阿難因乞食次經歷婬室遭大幻術摩登伽女	爾 時 阿 難 因 乞 食 次 經 歷 婬 室 遭 大 幻 術 摩 登 伽 女 
X13n0285_001:0226b12	以娑毗迦羅先梵天呪攝入婬席婬躬撫摩將毀戒	以 娑 毗 迦 羅 先 梵 天 呪 攝 入 婬 席 婬 躬 撫 摩 將 毀 戒 
X13n0285_001:0226b13	體。	體 
X13n0285_001:0226b14	摩登伽此云本性未蒙呪力性本染汙已蒙呪力	摩 登 伽 此 云 本 性 未 蒙 呪 力 性 本 染 汙 已 蒙 呪 力 
X13n0285_001:0226b15	性本解脫故始終皆名本性也娑毗迦羅此云黃	性 本 解 脫 故 始 終 皆 名 本 性 也 娑 毗 迦 羅 此 云 黃 
X13n0285_001:0226b16	髮外道所傳幻呪名先梵天亦如此間黃冠羽士	髮 外 道 所 傳 幻 呪 名 先 梵 天 亦 如 此 間 黃 冠 羽 士 
X13n0285_001:0226b17	動稱太上老君者是也戒體者登壇秉白四羯磨	動 稱 太 上 老 君 者 是 也 戒 體 者 登 壇 秉 白四羯磨 
X13n0285_001:0226b18	竟所得妙善無漏色法即是無作戒體以一作之	竟 所 得 妙 善 無 漏 色 法 即 是 無 作 戒 體 以 一 作 之 
X13n0285_001:0226b19	後不俟再作故名無作若於四重禁中隨犯一重	後 不 俟 再 作 故 名 無 作 若 於 四 重 禁 中 隨 犯 一 重 
X13n0285_001:0226b20	此體則失今摩登伽女將以婬術而毀阿難之戒	此 體 則 失 今 摩 登 伽 女 將 以 婬 術 而 毀 阿 難 之 戒 
X13n0285_001:0226b21	體非謂阿難自欲毀也據摩鄧伽經中阿難念云	體 非 謂 阿 難 自 欲 毀 也 據 摩 鄧 伽 經 中 阿 難 念 云 
X13n0285_001:0226b22	如來大慈寧不救護以此為感佛呪護之機此經	如 來 大 慈 寧 不 救 護 以 此 為 感 佛 呪 護 之 機 此 經 
X13n0285_001:0226b23	亦云心清淨故尚未淪弱又云心雖明了力不自	亦 云 心 清 淨 故 尚 未 淪 弱 又 云 心 雖 明 了 力 不 自 
X13n0285_001:0226b24	由則阿難始終無過明矣又此誤墮雖繇次第行	由 則 阿 難 始 終 無 過 明 矣 又 此 誤 墮 雖 繇 次 第 行 
X13n0285_001:0226c01	乞而過誠不在次第行乞但在聞法不觀心未全	乞 而 過 誠 不 在 次 第 行 乞 但 在 聞 法 不 觀 心 未 全 
X13n0285_001:0226c02	道力耳夫欲深發大教而以示墮婬室為因緣者	道 力 耳 夫 欲 深 發 大 教 而 以 示 墮 婬 室 為 因 緣 者 
X13n0285_001:0226c03	正顯生死根本婬為第一不斷婬機永違出要多	正 顯 生 死 根 本 婬 為 第 一 不 斷 婬 機 永 違 出 要 多 
X13n0285_001:0226c04	聞尚自無益況無聞乎除是從聞思修塞源拔本	聞 尚 自 無 益 況 無 聞 乎 除 是 從 聞 思 修 塞 源 拔 本 
X13n0285_001:0226c05	方能脫死超生此勸脩之要旨也。二神呪護攝	方 能 脫 死 超 生 此 勸 脩 之 要 旨 也 二 神 呪 護 攝 
X13n0285_001:0226c06	又三初大悲鑒物恒不忘念二放光說呪表示密	又 三 初 大 悲 鑒 物 恒 不 忘 念 二 放 光 說 呪 表 示 密 
X13n0285_001:0226c07	因三文殊往救破邪歸正。初大悲鑒物恒不忘	因 三 文 殊 往 救 破 邪 歸 正 初 大 悲 鑒 物 恒 不 忘 
X13n0285_001:0226c08	念。	念 
X13n0285_001:0226c09	如來知彼婬術所加齋畢旋歸王及大臣長者居士	如 來 知 彼 婬 術 所 加 齋 畢 旋 歸 王 及 大 臣 長 者 居 士 
X13n0285_001:0226c10	俱來隨佛願聞法要。	俱 來 隨 佛 願 聞 法 要 
X13n0285_001:0226c11	知之一字即是如來寂而常照於一切時得不忘	知 之 一 字 即 是 如 來 寂 而 常 照 於一切時 得 不 忘 
X13n0285_001:0226c12	念也據摩登伽經中則繇阿難作念方感於佛今	念 也 據 摩 登 伽 經 中 則 繇 阿 難 作 念 方 感 於 佛 今 
X13n0285_001:0226c13	直明佛本了了常知不俟阿難作念方知然知雖	直 明 佛 本 了 了 常 知 不 俟 阿 難 作 念 方 知 然 知 雖 
X13n0285_001:0226c14	不藉阿雖作念而必繇彼作念方成感應又如來	不 藉 阿 雖 作 念 而 必 繇 彼 作 念 方 成 感 應 又 如 來 
X13n0285_001:0226c15	不但能知阿雖作念亦知大眾必皆藉此均沾法	不 但 能 知 阿 雖 作 念 亦 知 大 眾 必 皆 藉 此 均 沾 法 
X13n0285_001:0226c16	味亦知盡未來際繇此經呪作得度緣所謂恒沙	味 亦 知 盡未來際 繇 此 經 呪 作 得 度 緣 所 謂 恒 沙 
X13n0285_001:0226c17	界外一滴之雨尚知頭數即此大圓鏡智之體所	界 外 一 滴 之 雨 尚 知 頭 數 即 此 大圓鏡智 之 體 所 
X13n0285_001:0226c18	徹照也而此知體即是知見無見斯即涅槃之知	徹 照 也 而 此 知 體 即 是 知 見 無 見 斯 即 涅 槃 之 知 
X13n0285_001:0226c19	即是眾生本具如來藏性大佛頂理所謂盲人見	即 是 眾 生 本 具 如 來 藏 性 大 佛 頂 理 所 謂 盲 人 見 
X13n0285_001:0226c20	暗熟睡聞舂不動不遷無舒無卷乃至本圓本通	暗 熟 睡 聞 舂 不 動 不 遷 無 舒 無 卷 乃 至 本 圓 本 通 
X13n0285_001:0226c21	本常皆此知也阿難昧此而誤墮如來證此而護	本 常 皆 此 知 也 阿 難 昧 此 而 誤 墮 如 來 證 此 而 護 
X13n0285_001:0226c22	他可謂唯此知之一字更無他物矣王等俱來隨	他 可 謂 唯 此 知 之 一 字 更 無 他 物 矣 王 等 俱 來 隨 
X13n0285_001:0226c23	佛者以如來常式受齋既畢必為說法今既旋歸	佛 者 以 如 來 常 式 受 齋 既 畢 必 為 說 法 今 既 旋 歸 
X13n0285_001:0226c24	知其必有他緣將演大法故皆願聞也。二放光	知 其 必 有 他 緣 將 演 大 法 故 皆 願 聞 也 二 放 光 
X13n0285_001:0227a01	說呪表示密因。	說 呪 表 示 密 因 
X13n0285_001:0227a02	於時世尊頂放百寶無畏光明光中出生千葉寶蓮	於 時 世 尊 頂 放 百 寶 無 畏 光 明 光 中 出 生 千 葉 寶 蓮 
X13n0285_001:0227a03	有佛化身結跏趺坐宣說神呪。	有 佛 化 身 結跏趺坐 宣 說 神 呪 
X13n0285_001:0227a04	百寶無畏光明者表百界中安樂之性本智之明	百 寶 無 畏 光 明 者 表 百 界 中 安 樂 之 性 本 智 之 明 
X13n0285_001:0227a05	也千葉寶蓮者表一念千如之法也又頂相表諸	也 千 葉 寶 蓮 者 表 一 念 千 如 之 法 也 又 頂 相 表 諸 
X13n0285_001:0227a06	佛極果蓮華表實相妙因今華從頂出表因心不	佛 極 果 蓮 華 表 實 相 妙 因 今 華 從 頂 出 表 因 心 不 
X13n0285_001:0227a07	離果覺佛坐華中表果覺全在真因因該果徹故	離 果 覺 佛 坐 華 中 表 果 覺 全 在 真 因 因 該 果 徹 故 
X13n0285_001:0227a08	名表示密因。三文殊往救破邪歸正。	名 表 示 密 因 三 文 殊 往 救 破 邪 歸 正 
X13n0285_001:0227a09	敕文殊師利將呪往護惡呪銷滅提獎阿難及摩登	敕 文 殊 師 利 將 呪 往 護 惡 呪 銷 滅 提 獎 阿 難 及 摩 登 
X13n0285_001:0227a10	伽歸來佛所。	伽 歸 來 佛 所 
X13n0285_001:0227a11	夫五會神呪即是密詮如來藏性藏性威力不可	夫 五 會 神 呪 即 是 密 詮 如 來 藏 性 藏 性 威 力 不 可 
X13n0285_001:0227a12	思議何須更藉文殊又文殊既表眾生根本實智	思 議 何 須 更 藉 文 殊 又 文 殊 既 表 眾 生 根 本 實 智 
X13n0285_001:0227a13	用此本有智光無障不破何須更將神呪當知大	用 此 本 有 智 光 無 障 不 破 何 須 更 將 神 呪 當 知 大 
X13n0285_001:0227a14	有所表以神呪所詮藏性即阿難及登伽等正因	有 所 表 以 神 呪 所 詮 藏 性 即 阿 難 及 登 伽 等 正 因 
X13n0285_001:0227a15	理性之體文殊妙智即阿難等了因慧性之果五	理 性 之 體 文 殊 妙 智 即 阿 難 等 了 因 慧 性 之 果 五 
X13n0285_001:0227a16	會章句即阿難等緣因善性之用是故能令惡呪	會 章 句 即 阿 難 等 緣 因 善 性 之 用 是 故 能 令 惡 呪 
X13n0285_001:0227a17	銷滅又復應知即彼惡呪本即法界全體能持所	銷 滅 又 復 應 知 即 彼 惡 呪 本 即 法 界 全 體 能 持 所 
X13n0285_001:0227a18	持即是惡了惡緣今以稱性所起真善緣了對破	持 即 是 惡 了 惡 緣 今 以 稱 性 所 起 真 善 緣 了 對 破 
X13n0285_001:0227a19	迷性所起妄惡緣了緣了既破全歸正因理性故	迷 性 所 起 妄 惡 緣 了 緣 了 既 破 全 歸 正 因 理 性 故 
X13n0285_001:0227a20	名銷滅又惡呪理體既即全是正因理體則惡緣	名 銷 滅 又 惡 呪 理 體 既 即 全 是 正 因 理 體 則 惡 緣 
X13n0285_001:0227a21	了性亦復全即善緣了性如空合空如水投水故	了 性 亦 復 全 即 善 緣 了 性 如 空 合 空 如 水 投 水 故 
X13n0285_001:0227a22	名銷滅也提者提拔其正因之在纏獎者獎助其	名 銷 滅 也 提 者 提 拔 其 正 因 之 在 纏 獎 者 獎 助 其 
X13n0285_001:0227a23	緣了之欲發阿難登伽既是有心有心者皆得作	緣 了 之 欲 發 阿 難 登 伽 既 是 有 心 有 心 者 皆 得 作 
X13n0285_001:0227a24	佛名為正因阿難一點明了求救之心是善了因	佛 名 為 正 因 阿 難 一 點 明 了 求 救 之 心 是 善 了 因 
X13n0285_001:0227b01	所持無作清淨之戒是善緣因登伽一點熾然婬	所 持 無 作 清 淨 之 戒 是 善 緣 因 登 伽 一 點 熾 然 婬 
X13n0285_001:0227b02	愛之心是惡了因所作婬躬撫摩之事是惡緣因	愛 之 心 是 惡 了 因 所 作 婬 躬 撫 摩 之 事 是 惡 緣 因 
X13n0285_001:0227b03	今繇釋迦心內阿難登伽以此善惡兩機而為能	今 繇 釋 迦 心 內 阿 難 登 伽 以 此 善 惡 兩 機 而 為 能 
X13n0285_001:0227b04	感故得阿難登伽心內釋迦以此稱性緣了而為	感 故 得 阿 難 登 伽 心 內 釋 迦 以 此 稱 性 緣 了 而 為 
X13n0285_001:0227b05	能應也問曰阿難善緣善了以此感佛可矣登伽	能 應 也 問 曰 阿 難 善 緣 善 了 以 此 感 佛 可 矣 登 伽 
X13n0285_001:0227b06	惡緣惡了胡以能感佛耶答曰觀音別行玄義深	惡 緣 惡 了 胡 以 能 感 佛 耶 答 曰 觀 音 別 行 玄 義 深 
X13n0285_001:0227b07	明善惡皆得為機今更以喻明之如父母於子善	明 善 惡 皆 得 為 機 今 更 以 喻 明 之 如 父 母 於 子 善 
X13n0285_001:0227b08	者固所愛念惡者尤所憐愍但眾生捨父逃逝故	者 固 所 愛 念 惡 者 尤 所 憐 愍 但 眾 生 捨 父 逃 逝 故 
X13n0285_001:0227b09	使機感不成苟能一念向佛無有不蒙提獎者也	使 機 感 不 成 苟 能 一 念 向 佛 無 有 不 蒙 提 獎 者 也 
X13n0285_001:0227b10	再以喻明如有一人先有生金欲造佛像喚彼金	再 以 喻 明 如 有 一 人 先 有 生 金 欲 造 佛 像 喚 彼 金 
X13n0285_001:0227b11	師具諸爐鞴砧推器物復有一人先有生金欲作	師 具 諸 爐 鞴 砧 推 器 物 復 有 一 人 先 有 生 金 欲 作 
X13n0285_001:0227b12	殺具亦喚金師具諸爐鞴砧推器物當知若無金	殺 具 亦 喚 金 師 具 諸 爐 鞴 砧 推 器 物 當 知 若 無 金 
X13n0285_001:0227b13	師及以器物縱有生金不能成像亦不能成殺具	師 及 以 器 物 縱 有 生 金 不 能 成 像 亦 不 能 成 殺 具 
X13n0285_001:0227b14	若有金師及以器物只此生金可作殺具亦即可	若 有 金 師 及 以 器 物 只 此 生 金 可 作 殺 具 亦 即 可 
X13n0285_001:0227b15	作佛像設彼主人正欲作殺具時旁有智者曉示	作 佛 像 設 彼 主 人 正 欲 作 殺 具 時 旁 有 智 者 曉 示 
X13n0285_001:0227b16	之曰汝何以此生金工用而作殺具造地獄因甚	之 曰 汝 何 以 此 生 金 工 用 而 作 殺 具 造 地 獄 因 甚 
X13n0285_001:0227b17	不可也何不以此轉造佛像即成佛界之因其人	不 可 也 何 不 以 此 轉 造 佛 像 即 成 佛 界 之 因 其 人 
X13n0285_001:0227b18	聽之即用造佛是時更不須別買生金更不須別	聽 之 即 用 造 佛 是 時 更 不 須 別 買 生 金 更 不 須 別 
X13n0285_001:0227b19	喚金師更不須別覓器物即以此金此師此器而	喚 金 師 更 不 須 別 覓 器 物 即 以 此 金 此 師 此 器 而 
X13n0285_001:0227b20	成佛像今明即惡緣了成善緣了亦復如是生金	成 佛 像 今 明 即 惡 緣 了 成 善 緣 了 亦復如是 生 金 
X13n0285_001:0227b21	喻正因佛性金師喻了因佛性器物喻緣因佛性	喻 正 因 佛 性 金 師 喻 了 因 佛 性 器 物 喻 緣 因 佛 性 
X13n0285_001:0227b22	若其未喚金師未具器物縱有生金終不能作佛	若 其 未 喚 金 師 未 具 器 物 縱 有 生 金 終 不 能 作 佛 
X13n0285_001:0227b23	像亦不能作殺具今惟有此作殺具之金師器物	像 亦 不 能 作 殺 具 今 惟 有 此 作 殺 具 之 金 師 器 物 
X13n0285_001:0227b24	故即可為作佛像之金師器物耳又若以此主人	故 即 可 為 作 佛 像 之 金 師 器 物 耳 又 若 以 此 主 人 
X13n0285_001:0227c01	喻了因者則金師器物皆喻緣因而彼肯作佛像	喻 了 因 者 則 金 師 器 物 皆 喻 緣 因 而 彼 肯 作 佛 像 
X13n0285_001:0227c02	之主人即是初時欲作殺具之主人更非兩人亦	之 主 人 即 是 初 時 欲 作 殺 具 之 主 人 更 非 兩 人 亦 
X13n0285_001:0227c03	可見善了惡了無二性也惟其作刀之金即作佛	可 見 善 了 惡 了 無 二 性 也 惟 其 作 刀 之 金 即 作 佛 
X13n0285_001:0227c04	之金故正因在纏為可提惟其作刀之人作刀之	之 金 故 正 因 在 纏 為 可 提 惟 其 作 刀 之 人 作 刀 之 
X13n0285_001:0227c05	器即作佛之人作佛之器故緣了欲發為可獎知	器 即 作 佛 之 人 作 佛 之 器 故 緣 了 欲 發 為 可 獎 知 
X13n0285_001:0227c06	此義者方可以持呪而治習矣閱者尚深思之。	此 義 者 方 可 以 持 呪 而 治 習 矣 閱 者 尚 深 思 之 
X13n0285_001:0227c07	按摩鄧伽經阿難作念感佛佛即說呪救之呪名	按 摩 鄧 伽 經 阿 難 作 念 感 佛 佛 即 說 呪 救 之 呪 名 
X13n0285_001:0227c08	呪文與此咸別既不從頂現化亦無文殊將呪又	呪 文 與 此 咸 別 既 不 從 頂 現 化 亦 無 文 殊 將 呪 又 
X13n0285_001:0227c09	登伽來至佛所佛為徧解形中六事令彼欲心銷	登 伽 來 至 佛 所 佛 為 徧 解 形 中 六 事 令 彼 欲 心 銷 
X13n0285_001:0227c10	歇得證聖果次即具說二人夙世因緣當知一席	歇 得 證 聖 果 次 即 具 說 二 人 夙 世 因 緣 當 知 一 席 
X13n0285_001:0227c11	所見條然各別故知大小兩機並行不悖何但初	所 見 條 然 各 別 故 知 大 小 兩 機 並 行 不 悖 何 但 初 
X13n0285_001:0227c12	成佛道雙垂兩相謂佛始終皆垂兩相可也然即	成 佛 道 雙 垂 兩 相 謂 佛 始 終 皆 垂 兩 相 可 也 然 即 
X13n0285_001:0227c13	此一處異聞或時互知或互不知就互知處名不	此 一 處 異 聞 或 時 互 知 或 互 不 知 就 互 知 處 名 不 
X13n0285_001:0227c14	定教互不知處名祕密教隨彼羣機循循善誘判	定 教 互 不 知 處 名 祕 密 教 隨 彼 羣 機 循 循 善 誘 判 
X13n0285_001:0227c15	教者何必泥於別五時之一途而苦諍此經之先	教 者 何 必 泥 於 別 五 時 之 一 途 而 苦 諍 此 經 之 先 
X13n0285_001:0227c16	後哉別序竟。	後 哉 別 序 竟 
X13n0285_001:0227c17	二正宗分分文為六初顯如來藏妙真如性圓三	二 正 宗 分 分 文 為 六 初 顯 如 來 藏 妙 真 如 性 圓 三 
X13n0285_001:0227c18	諦理從阿難見佛至第四卷尚留觀聽止舊云見	諦 理 從 阿 難 見 佛 至 第 四 卷 尚 留 觀 聽 止 舊 云 見 
X13n0285_001:0227c19	道分此語浮泛不知所見何道又見道之語藏通	道 分 此 語 浮 泛 不 知 所 見 何 道 又 見 道 之 語 藏 通 
X13n0285_001:0227c20	局在初果別圓局在初地初住今謂此是普為博	局 在 初 果 別 圓 局 在 初 地 初 住 今 謂 此 是 普 為 博 
X13n0285_001:0227c21	地凡夫開圓頓解俾利者隨聞隨證鈍者依解起	地 凡 夫 開 圓 頓 解 俾 利 者 隨 聞 隨 證 鈍 者 依 解 起 
X13n0285_001:0227c22	行故須云顯圓諦也二示不生滅為本修因妙三	行 故 須 云 顯 圓 諦 也 二 示 不 生 滅 為 本 修 因 妙 三 
X13n0285_001:0227c23	觀門從第四卷阿難請入華屋至第七卷菩薩護	觀 門 從 第 四 卷 阿 難 請 入 華 屋 至 第 七 卷 菩 薩 護 
X13n0285_001:0227c24	呪止舊云修道分此亦浮泛不知所修何道又所	呪 止 舊 云 修 道 分 此 亦 浮 泛 不 知 所 修 何 道 又 所 
X13n0285_001:0228a01	言修者是緣修耶是真修耶若是真修何勞更擇	言 修 者 是 緣 修 耶 是 真 修 耶 若 是 真 修 何 勞 更 擇 
X13n0285_001:0228a02	耳門若是緣修何意反在見道之後今謂此是躡	耳 門 若 是 緣 修 何 意 反 在 見 道 之 後 今 謂 此 是 躡 
X13n0285_001:0228a03	前圓解以起圓行所謂正助兩行雖云兩行仍以	前 圓 解 以 起 圓 行 所 謂 正 助 兩 行 雖 云 兩 行 仍 以 
X13n0285_001:0228a04	正行為主助行秪是助其正行俾利者一超直入	正 行 為 主 助 行 秪 是 助 其 正 行 俾 利 者 一 超 直 入 
X13n0285_001:0228a05	鈍者漸次深入故須云示妙觀也三明正助行所	鈍 者 漸 次 深 入 故 須 云 示 妙 觀 也 三 明 正 助 行 所 
X13n0285_001:0228a06	成伏斷圓三德位從七卷阿難請問位次至第八	成 伏 斷 圓 三 德 位 從 七 卷 阿 難 請 問 位 次 至 第 八 
X13n0285_001:0228a07	卷名為邪觀止舊云證道分此亦浮泛不知所證	卷 名 為 邪 觀 止 舊 云 證 道 分 此 亦 浮 泛 不 知 所 證 
X13n0285_001:0228a08	何道又所言證者是滿證耶是分證耶若是滿證	何 道 又 所 言 證 者 是 滿 證 耶 是 分 證 耶 若 是 滿 證 
X13n0285_001:0228a09	則等覺以前不得證名收文不盡若是分證何意	則 等 覺 以 前 不 得 證 名 收 文 不 盡 若 是 分 證 何 意 
X13n0285_001:0228a10	無修且乾慧十信亦非分證所收今謂此是繇前	無 修 且 乾 慧 十 信 亦 非 分 證 所 收 今 謂 此 是 繇 前 
X13n0285_001:0228a11	圓行以成圓伏圓斷從始至終皆顯三德所謂觀	圓 行 以 成 圓 伏 圓 斷 從始至終 皆 顯 三 德 所 謂 觀 
X13n0285_001:0228a12	行三德相似三德分證三德究竟三德故須云明	行 三 德 相 似 三 德 分 證 三 德 究 竟 三 德 故 須 云 明 
X13n0285_001:0228a13	圓位也四結成經名以彰圓體圓宗圓用即第八	圓 位 也 四 結 成 經 名 以 彰 圓 體 圓 宗 圓 用 即 第 八 
X13n0285_001:0228a14	卷中文殊問名如來結答止有八行經也五借破	卷 中 文 殊 問 名 如 來 結 答 止 有 八 行 經 也 五 借 破 
X13n0285_001:0228a15	戒惡法為問端而廣示七趣差別意顯若無出世	戒 惡 法 為 問 端 而 廣 示 七 趣 差 別 意 顯 若 無 出 世 
X13n0285_001:0228a16	妙戒決無出世妙慧從八卷說是語已起至九卷	妙 戒 決 無 出 世 妙 慧 從 八 卷 說 是 語 已 起 至 九 卷 
X13n0285_001:0228a17	即魔王說止也六借無聞比丘為語端而備明五	即 魔 王 說 止 也 六 借 無 聞 比 丘 為 語 端 而 備 明 五 
X13n0285_001:0228a18	陰魔境意顯若無中道妙慧并失中道妙戒從九	陰 魔 境 意 顯 若 無 中 道 妙 慧 并 失 中 道 妙 戒 從 九 
X13n0285_001:0228a19	卷即時如來將罷法座起至第十卷不戀三界止	卷 即 時 如 來 將 罷 法 座 起 至 第 十 卷 不 戀 三 界 止 
X13n0285_001:0228a20	也舊合此二文名助道分亦不知所助何道又一	也 舊 合 此 二 文 名 助 道 分 亦 不 知 所 助 何 道 又 一 
X13n0285_001:0228a21	是阿難請說一是無問自說各有深致關係正修	是 阿 難 請 說 一 是 無 問 自 說 各 有 深 致 關 係 正 修 
X13n0285_001:0228a22	行路殊非淺小何容混作一利今謂七趣是約助	行 路 殊 非 淺 小 何 容 混 作 一 利 今 謂 七 趣 是 約 助 
X13n0285_001:0228a23	行分於持犯仍須以慧導戒方免輪迴所以警三	行 分 於 持 犯 仍 須 以 慧 導 戒 方 免 輪 迴 所 以 警 三 
X13n0285_001:0228a24	界之羣迷五陰是約正行辨於迷悟仍須以戒助	界 之 羣 迷 五 陰 是 約 正 行 辨 於 迷 悟 仍 須 以 戒 助 
X13n0285_001:0228b01	慧方免魔業所以防修心之誤墮也。初顯如來	慧 方 免 魔 業 所 以 防 修 心 之 誤 墮 也 初 顯 如 來 
X13n0285_001:0228b02	藏妙真如性圓三諦理為二初三卷文正明理性	藏 妙 真 如 性 圓 三 諦 理 為 二 初 三 卷 文 正 明 理 性 
X13n0285_001:0228b03	二富樓那問去有半卷廣破餘疑。初中四初當	二 富 樓 那 問 去 有 半 卷 廣 破 餘 疑 初 中 四 初 當 
X13n0285_001:0228b04	機悔請二大眾願聞三如來答示四大眾圓悟。	機 悔 請 二 大 眾 願 聞 三 如 來 答 示 四 大 眾 圓 悟 
X13n0285_001:0228b05	初當機悔請。	初 當 機 悔 請 
X13n0285_001:0228b06	阿難見佛頂禮悲位恨無始來一向多聞未全道力	阿 難 見 佛 頂 禮 悲 位 恨 無 始 來 一 向 多 聞 未 全 道 力 
X13n0285_001:0228b07	殷勤啟請十方如來得成菩提妙奢摩他三摩禪那	殷 勤 啟 請 十 方 如 來 得 成 菩 提 妙 奢 摩 他 三 摩 禪 那 
X13n0285_001:0228b08	最初方便。	最 初 方 便 
X13n0285_001:0228b09	多聞本是入道之緣只因不能從聞思修故名一	多 聞 本 是 入 道 之 緣 只 因 不 能 從 聞 思 修 故 名 一 
X13n0285_001:0228b10	向多聞便如說食數寶而未全道力也當知只此	向 多 聞 便 如 說 食 數 寶 而 未 全 道 力 也 當 知 只 此 
X13n0285_001:0228b11	聞之一字阿難以多而無救婬室之難四禪以無	聞 之 一 字 阿 難 以 多 而 無 救 婬 室 之 難 四 禪 以 無 
X13n0285_001:0228b12	而自取墮獄之殃觀音以思修而善成圓通之證	而 自 取 墮 獄 之 殃 觀 音 以 思 修 而 善 成 圓 通 之 證 
X13n0285_001:0228b13	可謂流轉生死安樂涅槃惟此耳根更非他物矣	可 謂 流轉生死 安 樂 涅 槃 惟 此 耳 根 更 非 他 物 矣 
X13n0285_001:0228b14	後世見阿難悔責一向多聞即羣然以多聞為召	後 世 見 阿 難 悔 責 一 向 多 聞 即 羣 然 以 多 聞 為 召 
X13n0285_001:0228b15	禍之端更欲一向訶教勸離仍蹈無聞比丘覆轍	禍 之 端 更 欲 一 向 訶 教 勸 離 仍 蹈 無 聞 比 丘 覆 轍 
X13n0285_001:0228b16	不知多聞何過過只在一向耳一向者所謂尋聲	不 知 多 聞 何 過 過 只 在 一 向 耳 一 向 者 所 謂 尋 聲 
X13n0285_001:0228b17	流轉不知反聞聞自性也若能從聞思修則聞多	流 轉 不 知 反 聞 聞 自 性 也 若 能 從 聞 思 修 則 聞 多 
X13n0285_001:0228b18	故思修亦多便是入道要門譬如翻手覆手元無	故 思 修 亦 多 便 是 入 道 要 門 譬 如 翻 手 覆 手 元 無 
X13n0285_001:0228b19	兩手下文特選觀音耳門正示阿難以就路還家	兩 手 下 文 特 選 觀 音 耳 門 正 示 阿 難 以 就 路 還 家 
X13n0285_001:0228b20	法耳倘令多聞決定可廢則乘此殷勤啟請何不	法 耳 倘 令 多 聞 決 定 可 廢 則 乘 此 殷 勤 啟 請 何 不 
X13n0285_001:0228b21	直授以一句簡便工夫豈不千了百當而仍費盡	直 授 以 一 句 簡 便 工 夫 豈 不 千 了 百 當 而 仍 費 盡 
X13n0285_001:0228b22	老婆舌頭說至三卷之多方使阿難悟法身耶閱	老 婆 舌 頭 說 至 三 卷 之 多 方 使 阿 難 悟 法 身 耶 閱 
X13n0285_001:0228b23	此經者亦可以深思矣菩提者有真性菩提有實	此 經 者 亦 可 以 深 思 矣 菩 提 者 有 真 性 菩 提 有 實 
X13n0285_001:0228b24	智菩提有方便菩提正因理心究竟明顯成真性	智 菩 提 有 方 便 菩 提 正 因 理 心 究 竟 明 顯 成 真 性 
X13n0285_001:0228c01	菩提了因慧心究竟明顯成實智菩提緣因善心	菩 提 了 因 慧 心 究 竟 明 顯 成 實 智 菩 提 緣 因 善 心 
X13n0285_001:0228c02	究竟明顯成方便菩提三非定三亦非定一即一	究 竟 明 顯 成 方 便 菩 提 三 非 定 三 亦 非 定 一 即 一 
X13n0285_001:0228c03	而三即三而一故以妙奢摩他三摩禪那為方便	而 三 即 三 而 一 故 以 妙 奢 摩 他 三 摩 禪 那 為 方 便 
X13n0285_001:0228c04	也圓覺經云若諸菩薩悟淨圓覺以淨覺心取靜	也 圓 覺 經 云 若 諸 菩 薩 悟 淨 圓 覺 以 淨 覺 心 取 靜 
X13n0285_001:0228c05	為行由澄諸念覺識煩動靜慧發生身心客塵從	為 行 由 澄 諸 念 覺 識 煩 動 靜 慧 發 生 身 心 客 塵 從 
X13n0285_001:0228c06	此永滅便能內發寂靜輕安由寂靜故十方世界	此 永 滅 便 能 內 發 寂 靜 輕 安 由 寂 靜 故 十方世界 
X13n0285_001:0228c07	諸如來心於中顯現如鏡中像此方便者名奢摩	諸 如 來 心 於 中 顯 現 如 鏡 中 像 此 方 便 者 名 奢 摩 
X13n0285_001:0228c08	他若諸菩薩悟淨圓覺以淨覺心知覺心性及與	他 若 諸 菩 薩 悟 淨 圓 覺 以 淨 覺 心 知 覺 心 性 及 與 
X13n0285_001:0228c09	根塵皆因幻化即起諸幻以除幻者變化諸幻而	根 塵 皆 因 幻 化 即 起 諸 幻 以 除 幻 者 變 化 諸 幻 而 
X13n0285_001:0228c10	開幻眾由起幻故便能內發大悲輕安一切菩薩	開 幻 眾 由 起 幻 故 便 能 內 發 大 悲 輕 安 一切菩薩 
X13n0285_001:0228c11	從此起行漸次增進彼觀幻者非同幻故非同幻	從 此 起 行 漸 次 增 進 彼 觀 幻 者 非 同 幻 故 非 同 幻 
X13n0285_001:0228c12	觀皆是幻故幻相永離是諸菩薩所圓妙行如土	觀 皆 是 幻 故 幻 相 永 離 是 諸 菩 薩 所 圓 妙 行 如 土 
X13n0285_001:0228c13	長苗此方便者名三摩鉢提若諸菩薩悟淨圓覺	長 苗 此 方 便 者 名 三 摩 鉢 提 若 諸 菩 薩 悟 淨 圓 覺 
X13n0285_001:0228c14	以淨覺心不取幻化及諸靜相了知身心皆為罣	以 淨 覺 心 不 取 幻 化 及 諸 靜 相 了 知 身 心 皆 為 罣 
X13n0285_001:0228c15	礙無知覺明不依諸礙永得超過礙無礙境受用	礙 無 知 覺 明 不 依 諸 礙 永 得 超 過 礙 無 礙 境 受 用 
X13n0285_001:0228c16	世界及與身心相在塵域如器中鍠聲出於外煩	世 界 及 與 身 心 相 在 塵 域 如 器 中 鍠 聲 出 於 外 煩 
X13n0285_001:0228c17	惱涅槃不相留礙便能內發寂滅輕安妙覺隨順	惱 涅 槃 不 相 留 礙 便 能 內 發 寂 滅 輕 安 妙 覺 隨 順 
X13n0285_001:0228c18	寂滅境界自他身心所不能及眾生壽命皆為浮	寂 滅 境 界 自 他 身 心 所 不 能 及 眾 生 壽 命 皆 為 浮 
X13n0285_001:0228c19	想此方便者名為禪那今依此文略出其義夫奢	想 此 方 便 者 名 為 禪 那 今 依 此 文 略 出 其 義 夫 奢 
X13n0285_001:0228c20	摩他既以取靜為行以寂靜輕安為相當知於三	摩 他 既 以 取 靜 為 行 以 寂 靜 輕 安 為 相 當 知 於 三 
X13n0285_001:0228c21	止中即體真止於三觀中即入空觀又可總以三	止 中 即 體 真 止 於 三 觀 中 即 入 空 觀 又 可 總 以 三 
X13n0285_001:0228c22	止為奢摩他葢二邊皆屬煩動中道方名寂靜故	止 為 奢 摩 他 葢 二 邊 皆 屬 煩 動 中 道 方 名 寂 靜 故 
X13n0285_001:0228c23	也三摩鉢提既以起幻為行以大悲輕安為相當	也 三 摩 鉢 提 既 以 起 幻 為 行 以 大 悲 輕 安 為 相 當 
X13n0285_001:0228c24	知於三止中即方便隨緣止於三觀中即出假觀	知 於 三 止 中 即 方 便 隨 緣 止 於 三 觀 中 即 出 假 觀 
X13n0285_001:0229a01	又可總以三觀為三摩鉢提葢二邊皆屬幻相中	又 可 總 以 三 觀 為 三 摩 鉢 提 葢 二 邊 皆 屬 幻 相 中 
X13n0285_001:0229a02	道方名永離故也禪那既以不取為行以寂滅輕	道 方 名 永 離 故 也 禪 那 既 以 不 取 為 行 以 寂 滅 輕 
X13n0285_001:0229a03	安為相當知於三止中即是息二邊分別止於三	安 為 相 當 知 於 三 止 中 即 是 息 二 邊 分 別 止 於 三 
X13n0285_001:0229a04	觀中即是中觀又可總以止觀不二而為禪那葢	觀 中 即 是 中 觀 又 可 總 以 止 觀 不 二 而 為 禪 那 葢 
X13n0285_001:0229a05	不惟中道寂滅二邊亦本寂滅故也若次第三止	不 惟 中 道 寂 滅 二 邊 亦 本 寂 滅 故 也 若 次 第 三 止 
X13n0285_001:0229a06	三觀則名為麤若一心三止三觀則名為妙若止	三 觀 則 名 為 麤 若 一 心 三 止 三 觀 則 名 為 妙 若 止 
X13n0285_001:0229a07	非即觀觀非即止則名為麤若止觀不二則名為	非 即 觀 觀 非 即 止 則 名 為 麤 若 止 觀 不 二 則 名 為 
X13n0285_001:0229a08	妙又三若定三則不名妙一若定一亦不名妙今	妙 又 三 若 定 三 則 不 名 妙 一 若 定 一 亦 不 名 妙 今 
X13n0285_001:0229a09	三不定三一不定一即一恒三即三恒一非一非	三 不 定 三 一 不 定 一 即 一 恒 三 即 三 恒 一 非 一 非 
X13n0285_001:0229a10	三而三而一故名為妙圓覺又云若諸菩薩以圓	三 而 三 而 一 故 名 為 妙 圓 覺 又 云 若 諸 菩 薩 以 圓 
X13n0285_001:0229a11	覺慧圓合一切於諸性相無離覺性此菩薩者名	覺 慧 圓 合 一 切 於 諸 性 相 無 離 覺 性 此 菩 薩 者 名 
X13n0285_001:0229a12	為圓修三種自性清淨隨順此之謂也今阿難所	為 圓 修 三種自性 清 淨 隨 順 此 之 謂 也 今 阿 難 所 
X13n0285_001:0229a13	問正惟問此圓頓止觀如來所答亦惟答此圓頓	問 正 惟 問 此 圓 頓 止 觀 如 來 所 答 亦 惟 答 此 圓 頓 
X13n0285_001:0229a14	止觀從始至終更無異趣舊解紛紛苦欲以經文	止 觀 從始至終 更 無 異 趣 舊 解 紛 紛 苦 欲 以 經 文 
X13n0285_001:0229a15	分對此處三名皆是支離割裂進退出沒無一可	分 對 此 處 三 名 皆 是 支 離 割 裂 進 退 出 沒 無 一 可 
X13n0285_001:0229a16	取請觀下文今解藏否自知不俟廣破矣最初方	取 請 觀 下 文 今 解 藏 否 自 知 不 俟 廣 破 矣 最 初 方 
X13n0285_001:0229a17	便者若據問意只要求一吃緊下手工夫安敢先	便 者 若 據 問 意 只 要 求 一 吃 緊 下 手 工 夫 安 敢 先 
X13n0285_001:0229a18	有成心若據答意應須的指徵心辨見以開圓解	有 成 心 若 據 答 意 應 須 的 指 徵 心 辨 見 以 開 圓 解 
X13n0285_001:0229a19	是為最初方便且如圓覺經中一一指云此方便	是 為 最 初 方 便 且 如 圓 覺 經 中 一 一 指 云 此 方 便 
X13n0285_001:0229a20	者名奢摩他等則知妙奢摩他三摩禪那乃是得	者 名 奢 摩 他 等 則 知 妙 奢 摩 他 三 摩 禪 那 乃 是 得 
X13n0285_001:0229a21	成菩提方便而三章之首一一先標悟淨圓覺四	成 菩提方便 而 三 章 之 首 一 一 先 標 悟 淨 圓 覺 四 
X13n0285_001:0229a22	字則知妙悟又是奢摩他等方便所以名為最初	字 則 知 妙 悟 又 是 奢 摩 他 等 方 便 所 以 名 為 最 初 
X13n0285_001:0229a23	也此經則第二大科首明二決定義而結重於耳	也 此 經 則 第 二 大 科 首 明 二 決 定 義 而 結 重 於 耳 
X13n0285_001:0229a24	根圓通方是酬其妙奢摩他三摩禪那之請今於	根 圓 通 方 是 酬 其 妙 奢 摩 他 三 摩 禪 那 之 請 今 於 
X13n0285_001:0229b01	第一大科首明二種根本而備顯夫如來藏性正	第 一 大 科 首 明 二 種 根 本 而 備 顯 夫 如 來 藏 性 正 
X13n0285_001:0229b02	是酬其最初方便之請急先務也葢如圓覺最初	是 酬 其 最 初 方 便 之 請 急 先 務 也 葢 如 圓 覺 最 初 
X13n0285_001:0229b03	必先悟淨圓覺然後奢摩他不成止病三摩鉢提	必 先 悟 淨 圓 覺 然 後 奢 摩 他 不 成 止 病 三 摩 鉢 提 
X13n0285_001:0229b04	不成作病禪那不成任滅二病今經亦爾必先徹	不 成 作 病 禪 那 不 成 任 滅 二 病 今 經 亦 爾 必 先 徹 
X13n0285_001:0229b05	悟如來藏性然後耳根圓通常境方可稱性而觀	悟 如 來 藏 性 然 後 耳 根 圓 通 常 境 方 可 稱 性 而 觀 
X13n0285_001:0229b06	是故觀於聞性之圓真實即是妙奢摩他觀於聞	是 故 觀 於 聞 性 之 圓 真 實 即 是 妙 奢摩他觀 於 聞 
X13n0285_001:0229b07	性之通真實即妙三摩觀於聞性之常真實即妙	性 之 通 真 實 即 妙 三 摩 觀 於 聞 性 之 常 真 實 即 妙 
X13n0285_001:0229b08	禪那以圓則必通必常通則必常必圓常則必圓	禪 那 以 圓 則 必 通 必 常 通 則 必 常 必 圓 常 則 必 圓 
X13n0285_001:0229b09	必通故曰以圓覺慧圓合一切於諸性相無離覺	必 通 故 曰 以 圓 覺 慧 圓 合 一 切 於 諸 性 相 無 離 覺 
X13n0285_001:0229b10	性也問曰阿難首以三法為請安得置此三法直	性 也 問 曰 阿 難 首 以 三 法 為 請 安 得 置 此 三 法 直 
X13n0285_001:0229b11	至第二科中方答今科所答更是何法答曰今所	至 第 二 科 中 方 答 今 科 所 答 更 是 何 法 答 曰 今 所 
X13n0285_001:0229b12	答者正是三法之最初方便也以悟如來藏一切	答 者 正 是 三 法 之 最 初 方 便 也 以 悟 如 來 藏 一 切 
X13n0285_001:0229b13	俱非義故則妙奢摩他方便得成以悟如來藏一	俱 非 義 故 則 妙 奢 摩 他 方 便 得 成 以 悟 如 來 藏 一 
X13n0285_001:0229b14	切俱即義故則妙三摩鉢提方便得成以悟如來	切 俱 即 義 故 則 妙 三 摩 鉢 提 方 便 得 成 以 悟 如 來 
X13n0285_001:0229b15	藏離即離非是即非即義故則妙禪那方便得成	藏 離 即 離 非 是 即 非 即 義 故 則 妙 禪 那 方 便 得 成 
X13n0285_001:0229b16	既先示此三法所依理體故阿難徑請入華屋門	既 先 示 此 三 法 所 依 理 體 故 阿 難 徑 請 入 華 屋 門 
X13n0285_001:0229b17	門之一字即是指此三方便也願讀經者玩索本	門 之 一 字 即 是 指 此 三 方 便 也 願 讀 經 者 玩 索 本 
X13n0285_001:0229b18	文真正線索莫泥舊見舊聞自當得其旨矣。二	文 真 正 線 索 莫 泥 舊 見 舊 聞 自 當 得 其 旨 矣 二 
X13n0285_001:0229b19	大眾願聞。	大 眾 願 聞 
X13n0285_001:0229b20	於時復有恒沙菩薩及諸十方大阿羅漢辟支佛等	於 時 復 有 恒 沙 菩 薩 及 諸 十 方 大阿羅漢 辟 支 佛 等 
X13n0285_001:0229b21	俱願樂聞退坐默然承受聖旨。	俱 願 樂 聞 退 坐 默 然 承 受 聖 旨 
X13n0285_001:0229b22	圓頓妙法三乘聖眾之所共仰不惟化被凡夫也。	圓 頓 妙 法 三 乘 聖 眾 之 所 共 仰 不 惟 化 被 凡 夫 也 
X13n0285_001:0229b23	三如來答示二初從今文至十八界畢是就事	三 如 來 答 示 二 初 從 今 文 至 十 八 界 畢 是 就 事 
X13n0285_001:0229b24	以顯理次七大文是明性本具相。初中二初逐	以 顯 理 次 七 大 文 是 明 性 本 具 相 初 中 二 初 逐 
X13n0285_001:0229c01	破妄執密顯真心二顯示妙理兼破餘妄。初中	破 妄 執 密 顯 真 心 二 顯 示 妙 理 兼 破 餘 妄 初 中 
X13n0285_001:0229c02	三初徵其發心本因二示以常心直道三廣破七	三 初 徵 其 發 心 本 因 二 示 以 常 心 直 道 三 廣 破 七 
X13n0285_001:0229c03	番妄計初又二初如來問二阿難答。今初。	番 妄 計 初 又 二 初 如 來 問 二 阿 難 答 今 初 
X13n0285_001:0229c04	佛告阿難汝我同氣情均天倫當初發心於我法中	佛 告 阿 難 汝 我 同 氣 情 均 天 倫 當 初 發 心 於 我 法 中 
X13n0285_001:0229c05	見何勝相頓捨世間深重恩愛。	見 何 勝 相 頓 捨 世 間 深 重 恩 愛 
X13n0285_001:0229c06	阿難是佛堂弟乃世間骨肉之親故名同氣情均	阿 難 是 佛 堂 弟 乃 世 間 骨 肉 之 親 故 名 同 氣 情 均 
X13n0285_001:0229c07	天倫者父子兄弟名為天合之倫今明情與同胞	天 倫 者 父 子 兄 弟 名 為 天 合 之 倫 今 明 情 與 同 胞 
X13n0285_001:0229c08	無異故言均也深重之恩莫過父母深重之愛莫	無 異 故 言 均 也 深 重 之 恩 莫 過 父 母 深 重 之 愛 莫 
X13n0285_001:0229c09	過妻子若不見佛法殊勝豈能頓捨但所見佛法	過 妻 子 若 不 見 佛 法 殊 勝 豈 能 頓 捨 但 所 見 佛 法 
X13n0285_001:0229c10	雖無三境而能見之心須辨真妄故今欲示菩提	雖 無 三 境 而 能 見 之 心 須 辨 真 妄 故 今 欲 示 菩 提 
X13n0285_001:0229c11	果體先問發心初因也。二阿難答。	果 體 先 問 發 心 初 因 也 二 阿 難 答 
X13n0285_001:0229c12	阿難白佛我見如來三十二相勝妙殊絕形體映徹	阿 難 白 佛 我 見 如 來 三十二相 勝 妙 殊 絕 形 體 映 徹 
X13n0285_001:0229c13	猶如瑠璃常自思惟此相非是欲愛所生何以故欲	猶 如 瑠 璃 常 自 思 惟 此 相 非 是 欲 愛 所 生 何 以 故 欲 
X13n0285_001:0229c14	氣麤濁腥臊交遘膿血雜亂不能發生勝淨妙明紫	氣 麤 濁 腥 臊 交 遘 膿 血 雜 亂 不 能 發 生 勝 淨 妙 明 紫 
X13n0285_001:0229c15	金光聚是以渴仰從佛剃落。	金 光 聚 是 以 渴 仰 從 佛 剃 落 
X13n0285_001:0229c16	發心之緣本無邪曲但恨其不曾識得自心耳故	發 心 之 緣 本 無 邪 曲 但 恨 其 不 曾 識 得 自 心 耳 故 
X13n0285_001:0229c17	下文徵云誰為愛樂乃至以何為心當我拳曜只	下 文 徵 云 誰 為 愛 樂 乃 至 以 何 為 心 當 我 拳 曜 只 
X13n0285_001:0229c18	是破其所執之心為非不是說其見相發心為咎	是 破 其 所 執 之 心 為 非 不 是 說 其 見 相 發 心 為 咎 
X13n0285_001:0229c19	也。二示以常心直道又二初點示常心二勸修	也 二 示 以 常 心 直 道 又 二 初 點 示 常 心 二 勸 修 
X13n0285_001:0229c20	直道。今初。	直 道 今 初 
X13n0285_001:0229c21	佛言善哉阿難汝等當知一切眾生從無始來生死	佛 言 善 哉 阿 難 汝 等 當 知 一 切 眾 生 從無始來 生 死 
X13n0285_001:0229c22	相續皆由不知常住真心性淨明體用諸妄想此想	相 續 皆 由 不 知 常 住 真 心 性 淨 明 體 用 諸 妄 想 此 想 
X13n0285_001:0229c23	不真故有輪轉。	不 真 故 有 輪 轉 
X13n0285_001:0229c24	將欲破妄顯真故先與一口道破也生死有二種	將 欲 破 妄 顯 真 故 先 與 一 口 道 破 也 生 死 有 二 種 
X13n0285_001:0230a01	一分段生死惟局同居三界二變易生死通於方	一 分段生死 惟 局 同 居 三 界 二 變易生死 通 於 方 
X13n0285_001:0230a02	便實報二土常住真心性淨明體者本覺之理不	便 實 報 二 土 常 住 真 心 性 淨 明 體 者 本 覺 之 理 不 
X13n0285_001:0230a03	知者無始覺智也諸妄想者無明塵沙見思也此	知 者 無 始 覺 智 也 諸 妄 想 者 無 明 塵 沙 見 思 也 此 
X13n0285_001:0230a04	想不真者即依常住真心性淨明體而成別無自	想 不 真 者 即 依 常 住 真 心 性 淨 明 體 而 成 別 無 自 
X13n0285_001:0230a05	性如繩外無蛇性杌外無鬼性水外無波性空外	性 如 繩 外 無 蛇 性 杌 外 無 鬼 性 水 外 無 波 性 空 外 
X13n0285_001:0230a06	無華性也蓋眾生無始以來但有本覺未有始覺	無 華 性 也 蓋 眾 生 無 始 以 來 但 有 本 覺 未 有 始 覺 
X13n0285_001:0230a07	所以真如不守自性舉全體而成妄想所謂不變	所 以 真 如 不 守 自 性 舉 全 體 而 成 妄 想 所 謂 不 變 
X13n0285_001:0230a08	隨緣然只此妄想別無自體即以真如為體所謂	隨 緣 然 只 此 妄 想 別 無 自 體 即 以 真 如 為 體 所 謂 
X13n0285_001:0230a09	隨緣不變今欲奪其妄計故曰此想不真猶云此	隨 緣 不 變 今 欲 奪 其 妄 計 故 曰 此 想 不 真 猶 云 此 
X13n0285_001:0230a10	蛇不真乃至此華不真耳又蛇相既起麻相必隱	蛇 不 真 乃 至 此 華 不 真 耳 又 蛇 相 既 起 麻 相 必 隱 
X13n0285_001:0230a11	乃至華相既起空相必隱故曰不真耳實非離真	乃 至 華 相 既 起 空 相 必 隱 故 曰 不 真 耳 實 非 離 真 
X13n0285_001:0230a12	別有妄想設別有妄則妄想反有自性而不可破	別 有 妄 想 設 別 有 妄 則 妄 想 反 有 自 性 而 不 可 破 
X13n0285_001:0230a13	矣楞伽經云妄想無性二祖云覓心了不可得此	矣 楞 伽 經 云 妄 想 無 性 二 祖 云 覓 心 了 不 可 得 此 
X13n0285_001:0230a14	宗教之大綱要而斯經之真血脉也今更略加委	宗 教 之 大 綱 要 而 斯 經 之 真 血 脉 也 今 更 略 加 委 
X13n0285_001:0230a15	釋此經所明本覺之理的非迷悟所能增減而所	釋 此 經 所 明 本 覺 之 理 的 非 迷 悟 所 能 增 減 而 所 
X13n0285_001:0230a16	勤勤致意者只是提醒當人始覺之智若有始覺	勤 勤 致 意 者 只 是 提 醒 當 人 始 覺 之 智 若 有 始 覺 
X13n0285_001:0230a17	之智則本覺之理本自現成不愁無大受用也故	之 智 則 本 覺 之 理 本 自 現 成 不 愁 無 大 受 用 也 故 
X13n0285_001:0230a18	經首云如來知彼婬術所加後文云乃至恒沙界	經 首 云 如 來 知 彼 婬 術 所 加 後 文 云 乃 至 恒 沙 界 
X13n0285_001:0230a19	外一滴之雨尚知頭數又云覺明分析微細魔事	外 一 滴 之 雨 尚 知 頭 數 又 云 覺 明 分 析 微 細 魔 事 
X13n0285_001:0230a20	此等皆明如來始覺智滿也下文云是兵要當知	此 等 皆 明 如 來 始 覺 智 滿 也 下 文 云 是 兵 要 當 知 
X13n0285_001:0230a21	賊所在此勸初心起始覺智也今文云皆由不知	賊 所 在 此 勸 初 心 起 始 覺 智 也 今 文 云 皆 由 不 知 
X13n0285_001:0230a22	常住真心下文阿難自責云當由不知真際所詣	常 住 真 心 下 文 阿 難 自 責 云 當 由 不 知 真 際 所 詣 
X13n0285_001:0230a23	乃至七大文中一一責云汝元不知汝宛不知等	乃 至 七 大 文 中 一 一 責 云 汝 元 不 知 汝 宛 不 知 等 
X13n0285_001:0230a24	此皆痛其無始覺也常住真心者本自真實當體	此 皆 痛 其 無 始 覺 也 常 住 真 心 者 本 自 真 實 當 體 
X13n0285_001:0230b01	絕待豎窮橫徧也性淨者本來離過絕非無染汙	絕 待 豎 窮 橫 徧 也 性 淨 者 本 來 離 過 絕 非 無 染 汙 
X13n0285_001:0230b02	也性明者本來虗靈洞徹無昏翳也圓具此三妙	也 性 明 者 本 來 虗 靈 洞 徹 無 昏 翳 也 圓 具 此 三 妙 
X13n0285_001:0230b03	義而為其體故名常住真心性淨明體即是首題	義 而 為 其 體 故 名 常 住 真 心 性 淨 明 體 即 是 首 題 
X13n0285_001:0230b04	大佛頂義常住故言大性淨故言頂性明故言佛	大 佛 頂 義 常 住 故 言 大 性 淨 故 言 頂 性 明 故 言 佛 
X13n0285_001:0230b05	也又即三如來體常住故成法身如來性淨故成	也 又 即 三 如 來 體 常 住 故 成 法 身 如 來 性 淨 故 成 
X13n0285_001:0230b06	應身如來性明故成報身如來又即三因佛性常	應 身 如 來 性 明 故 成 報 身 如 來 又 即 三 因 佛 性 常 
X13n0285_001:0230b07	住是正因性性淨是緣因性性明是了因性又即	住 是 正 因 性 性 淨 是 緣 因 性 性 明 是 了 因 性 又 即 
X13n0285_001:0230b08	萬行之體常住故有天行性淨故有梵行嬰行病	萬 行 之 體 常 住 故 有 天 行 性 淨 故 有 梵 行 嬰 行 病 
X13n0285_001:0230b09	行性明故有聖行又即首楞嚴三昧之體由常住	行 性 明 故 有 聖 行 又 即 首楞嚴三昧 之 體 由 常 住 
X13n0285_001:0230b10	義中諦三昧成由性淨義俗諦三昧成由性明義	義 中 諦 三 昧 成 由 性 淨 義 俗 諦 三 昧 成 由 性 明 義 
X13n0285_001:0230b11	真諦三昧成又即無上三菩提體常住是真性菩	真 諦 三 昧 成 又 即 無 上 三 菩 提 體 常 住 是 真 性 菩 
X13n0285_001:0230b12	提性淨是方便菩提性明是實智菩提又即妙奢	提 性 淨 是 方 便 菩 提 性 明 是 實 智 菩 提 又 即 妙 奢 
X13n0285_001:0230b13	摩他等所依之體依常住義有妙禪那依性淨義	摩 他 等 所 依 之 體 依 常 住 義 有 妙 禪 那 依 性 淨 義 
X13n0285_001:0230b14	有三摩鉢提依性明義有奢摩他又即是如來藏	有 三 摩 鉢 提 依 性 明 義 有 奢 摩 他 又 即 是 如 來 藏 
X13n0285_001:0230b15	性三義常住即離即離非是即非即義性淨即一	性 三 義 常 住 即 離 即 離 非 是 即 非 即 義 性 淨 即 一 
X13n0285_001:0230b16	切俱即義性明即一切俱非義又即圓通常三義	切 俱 即 義 性 明 即 一 切 俱 非 義 又 即 圓 通 常 三 義 
X13n0285_001:0230b17	常住即常真實性淨即通真實性明即圓真實又	常 住 即 常 真 實 性 淨 即 通 真 實 性 明 即 圓 真 實 又 
X13n0285_001:0230b18	即七趣惑業苦體依常住義故有妄苦如依空有	即 七 趣 惑 業 苦 體 依 常 住 義 故 有 妄 苦 如 依 空 有 
X13n0285_001:0230b19	華依性淨義故有妄業如依巾有結依性明義故	華 依 性 淨 義 故 有 妄 業 如 依 巾 有 結 依 性 明 義 故 
X13n0285_001:0230b20	有妄惑如依目有翳也又即三涅槃體由常住義	有 妄 惑 如 依 目 有 翳 也 又 即 三 涅 槃 體 由 常 住 義 
X13n0285_001:0230b21	故有性淨涅槃由性淨義故有方便淨涅槃由性	故 有 性 淨 涅 槃 由 性 淨 義 故 有 方 便 淨 涅 槃 由 性 
X13n0285_001:0230b22	明義故有圓淨涅槃也用諸妄想者由不知心體	明 義 故 有 圓 淨 涅 槃 也 用 諸 妄 想 者 由 不 知 心 體 
X13n0285_001:0230b23	常住故用無明妄想由不知心體性淨故用塵沙	常 住 故 用 無 明 妄 想 由 不 知 心 體 性 淨 故 用 塵 沙 
X13n0285_001:0230b24	妄想由不知心體性明故用見思妄想也此想不	妄 想 由 不 知 心 體 性 明 故 用 見 思 妄 想 也 此 想 不 
X13n0285_001:0230c01	真者迷常住為無明故無明不真迷性淨為塵沙	真 者 迷 常 住 為 無 明 故 無 明 不 真 迷 性 淨 為 塵 沙 
X13n0285_001:0230c02	故塵沙不真迷性明為見思故見思不真又此三	故 塵 沙 不 真 迷 性 明 為 見 思 故 見 思 不 真 又 此 三 
X13n0285_001:0230c03	惑皆是於常住中妄見流注於性淨中妄見染汙	惑 皆 是 於 常 住 中 妄 見 流 注 於 性 淨 中 妄 見 染 汙 
X13n0285_001:0230c04	於性明中妄見昏昧故不真也故有輪轉者無明	於 性 明 中 妄 見 昏 昧 故 不 真 也 故 有 輪 轉 者 無 明 
X13n0285_001:0230c05	塵沙不真故有變易輪轉見思不真故有分段輪	塵 沙 不 真 故 有 變 易 輪 轉 見 思 不 真 故 有 分 段 輪 
X13n0285_001:0230c06	轉也此中已密示二種根本下特顯言之耳。二	轉 也 此 中 已 密 示 二 種 根 本 下 特 顯 言 之 耳 二 
X13n0285_001:0230c07	勸修直道。	勸 修 直 道 
X13n0285_001:0230c08	汝今欲研無上菩提真發明性應當直心詶我所問	汝 今 欲 研 無上菩提 真 發 明 性 應 當 直 心 詶 我 所 問 
X13n0285_001:0230c09	十方如來同一道故出離生死皆以直心心言直故	十 方 如 來 同 一 道 故 出 離 生 死 皆 以 直 心 心 言 直 故 
X13n0285_001:0230c10	如是乃至終始地位中間永無諸委曲相。	如 是 乃 至 終 始 地 位 中 間 永 無 諸 委 曲 相 
X13n0285_001:0230c11	研者窮源究本之義真發明性者無上菩提雖是	研 者 窮 源 究 本 之 義 真 發 明 性 者 無上菩提 雖 是 
X13n0285_001:0230c12	諸佛所證實是含靈本有之性但在纏名為隱覆	諸 佛 所 證 實 是 含 靈 本 有 之 性 但 在 纏 名 為 隱 覆 
X13n0285_001:0230c13	出纏名為發明今欲其稱真性而發明必須研窮	出 纏 名 為 發 明 今 欲 其 稱 真 性 而 發 明 必 須 研 窮 
X13n0285_001:0230c14	審究而欲研窮審究此性必須直心直心者起信	審 究 而 欲 研 窮 審 究 此 性 必 須 直 心 直 心 者 起 信 
X13n0285_001:0230c15	所謂正念真如是也終始地位者始從名字終至	所 謂 正 念 真 如 是 也 終 始 地 位 者 始 從 名 字 終 至 
X13n0285_001:0230c16	究竟中間者即是五十五位真菩提路雖有諸位	究 竟 中 間 者 即 是 五 十 五 位 真 菩 提 路 雖 有 諸 位 
X13n0285_001:0230c17	淺深不同而因果無非實相不似前三教之紆曲	淺 深 不 同 而 因 果 無 非 實 相 不 似 前 三 教 之 紆 曲 
X13n0285_001:0230c18	故言永無諸委曲相也只此直心二字已將楞嚴	故 言 永 無 諸 委 曲 相 也 只 此 直 心 二 字 已 將 楞 嚴 
X13n0285_001:0230c19	大定宗旨和盤托出阿難示同未悟不能薦取故	大 定 宗 旨 和 盤 托 出 阿 難 示 同 未 悟 不 能 薦 取 故 
X13n0285_001:0230c20	起七處妄計一一無非顛倒戲論心言皆不直矣。	起 七 處 妄 計 一 一 無 非 顛 倒 戲 論 心 言 皆 不 直 矣 
X13n0285_001:0230c21	三廣破七番妄計即為七初正破計內二破轉	三 廣 破 七 番 妄 計 即 為 七 初 正 破 計 內 二 破 轉 
X13n0285_001:0230c22	計在外三破轉計潛根四破轉計見內五破轉計	計 在 外 三 破 轉 計 潛 根 四 破 轉 計 見 內 五 破 轉 計 
X13n0285_001:0230c23	隨生六破轉計中間七破轉計無著。初中五初	隨 生 六 破 轉 計 中 間 七 破 轉 計 無 著 初 中 五 初 
X13n0285_001:0230c24	徵起緣心二喻明降伏三牒其內執四懸示定名	徵 起 緣 心 二 喻 明 降 伏 三 牒 其 內 執 四 懸 示 定 名 
X13n0285_001:0231a01	五正破非內。今初。	五 正 破 非 內 今 初 
X13n0285_001:0231a02	阿難我今問汝當汝發心緣於如來三十二相將何	阿 難 我 今 問 汝 當 汝 發 心 緣 於 如 來 三十二相 將 何 
X13n0285_001:0231a03	所見誰為愛樂阿難白佛言世尊如是愛樂用我心	所 見 誰 為 愛 樂 阿 難 白 佛 言 世 尊 如 是 愛 樂 用 我 心 
X13n0285_001:0231a04	目出目觀見如來勝想心生愛樂故我發心願捨生	目 出 目 觀 見 如 來 勝 想 心 生 愛 樂 故 我 發 心 願 捨 生 
X13n0285_001:0231a05	死。	死 
X13n0285_001:0231a06	如來徵問中最重將何所見誰為愛樂二句後世	如 來 徵 問 中 最 重 將 何 所 見 誰 為 愛 樂 二 句 後 世 
X13n0285_001:0231a07	宗門問念佛的是誰即是得此作用所謂捉賊要	宗 門 問 念 佛 的 是 誰 即 是 得 此 作 用 所 謂 捉 賊 要 
X13n0285_001:0231a08	見贓也答中招出心目二字乃是下文徵心辨見	見 贓 也 答 中 招 出 心 目 二 字 乃 是 下 文 徵 心 辨 見 
X13n0285_001:0231a09	張本以妄心難除故須七番廣破而目妄處只須	張 本 以 妄 心 難 除 故 須 七 番 廣 破 而 目 妄 處 只 須 
X13n0285_001:0231a10	門能見不死皆見物二語帶破便足以真見難顯	門 能 見 不 死 皆 見 物 二 語 帶 破 便 足 以 真 見 難 顯 
X13n0285_001:0231a11	故須十番細辨而心真處只須如是見性是心非	故 須 十 番 細 辨 而 心 真 處 只 須 如 是 見 性 是 心 非 
X13n0285_001:0231a12	眼一言點明便足。二喻明降伏。	眼 一 言 點 明 便 足 二 喻 明 降 伏 
X13n0285_001:0231a13	佛告阿難如汝所說真所愛樂因於心目若不識知	佛 告 阿 難 如 汝 所 說 真 所 愛 樂 因 於 心 目 若 不 識 知 
X13n0285_001:0231a14	心目所在則不能得降伏塵勞譬如國王為賊所侵	心 目 所 在 則 不 能 得 降 伏 塵 勞 譬 如 國 王 為 賊 所 侵 
X13n0285_001:0231a15	發兵討除是兵要當知賊所在使汝流轉心目為咎。	發 兵 討 除 是 兵 要 當 知 賊 所 在 使 汝 流 轉 心 目 為 咎 
X13n0285_001:0231a16	阿難妄計之目決不能有所見妄計之心決不能	阿 難 妄 計 之 目 決 不 能 有 所 見 妄 計 之 心 決 不 能 
X13n0285_001:0231a17	生愛樂以目是浮塵心是緣影故也而阿難則謬	生 愛 樂 以 目 是 浮 塵 心 是 緣 影 故 也 而 阿 難 則 謬 
X13n0285_001:0231a18	以為決能有見決能愛樂所謂認物為己顛倒甚	以 為 決 能 有 見 決 能 愛 樂 所 謂 認 物 為 己 顛 倒 甚 
X13n0285_001:0231a19	矣國王譬本覺賊譬所妄計之心目兵譬始覺妙	矣 國 王 譬 本 覺 賊 譬 所 妄 計 之 心 目 兵 譬 始 覺 妙 
X13n0285_001:0231a20	觀察智蓋本覺雖被賊侵而真如自性之力法爾	觀 察 智 蓋 本 覺 雖 被 賊 侵 而 真 如 自 性 之 力 法 爾 
X13n0285_001:0231a21	能起始覺之智譬以發兵也知賊所在者賊無自	能 起 始 覺 之 智 譬 以 發 兵 也 知 賊 所 在 者 賊 無 自 
X13n0285_001:0231a22	己窟宅不過就是王土王民但因失於撫御致成	己 窟 宅 不 過 就 是 王 土 王 民 但 因 失 於 撫 御 致 成 
X13n0285_001:0231a23	巨寇若能如法招安則依舊王土王民實更無賊	巨 寇 若 能 如 法 招 安 則 依 舊 王 土 王 民 實 更 無 賊 
X13n0285_001:0231a24	可得唯心與目亦復如是若知浮根緣影總屬惟	可 得 唯 心 與 目 亦復如是 若 知 浮 根 緣 影 總 屬 惟 
X13n0285_001:0231b01	心所現則浮根原不是目緣影原不是心蕩蕩歸	心 所 現 則 浮 根 原 不 是 目 緣 影 原 不 是 心 蕩 蕩 歸 
X13n0285_001:0231b02	於王化何處更有塵勞可得今之使汝流轉者秪	於 王 化 何 處 更 有 塵 勞 可 得 今 之 使 汝 流 轉 者 秪 
X13n0285_001:0231b03	因非心妄計為心非目妄計為目故成咎耳。三	因 非 心 妄 計 為 心 非 目 妄 計 為 目 故 成 咎 耳 三 
X13n0285_001:0231b04	牒其內執又二初正牒二立例。今初。	牒 其 內 執 又 二 初 正 牒 二 立 例 今 初 
X13n0285_001:0231b05	吾今問汝惟心與目今何所在阿難白佛言世尊一	吾 今 問 汝 惟 心 與 目 今 何 所 在 阿 難 白 佛 言 世 尊 一 
X13n0285_001:0231b06	切世間十種異生同將識心居在身內縱觀如來青	切 世 間 十 種 異 生 同 將 識 心 居 在 身 內 縱 觀 如 來 青 
X13n0285_001:0231b07	蓮華眼亦在佛面我今觀此浮根四塵秪在我面如	蓮 華 眼 亦 在 佛 面 我 今 觀 此 浮 根 四 塵 秪 在 我 面 如 
X13n0285_001:0231b08	是識心實居身內。	是 識 心 實 居 身 內 
X13n0285_001:0231b09	十種異生者於十二類生中但除精神化為土木	十 種 異 生 者 於 十 二 類 生 中 但 除 精 神 化 為 土 木 
X13n0285_001:0231b10	金石及空散銷沉二種暫同無心之物餘十種皆	金 石 及 空 散 銷 沉 二 種 暫 同 無 心 之 物 餘 十 種 皆 
X13n0285_001:0231b11	現有心識也計心在內則廣引十生為證據計眼	現 有 心 識 也 計 心 在 內 則 廣 引 十 生 為 證 據 計 眼 
X13n0285_001:0231b12	在面則高引如來為證據確哉凡外邪執阿難示	在 面 則 高 引 如 來 為 證 據 確 哉 凡 外 邪 執 阿 難 示 
X13n0285_001:0231b13	同而克肖之。二立例。	同 而 克 肖 之 二 立 例 
X13n0285_001:0231b14	佛告阿難汝今現坐如來講堂觀祇陀林今何所在	佛 告 阿 難 汝 今 現 坐 如 來 講 堂 觀 祇 陀 林 今 何 所 在 
X13n0285_001:0231b15	世尊此大重閣清淨講堂在給孤園今祇陀林實在	世 尊 此 大 重 閣 清 淨 講 堂 在 給 孤 園 今 祇 陀 林 實 在 
X13n0285_001:0231b16	堂外阿難汝今堂中先何所見世尊我在堂中先見	堂 外 阿 難 汝 今 堂 中 先 何 所 見 世 尊 我 在 堂 中 先 見 
X13n0285_001:0231b17	如來次觀大眾如是外望方矚林園阿難汝矚林園	如 來 次 觀 大 眾 如 是 外 望 方 矚 林 園 阿 難 汝 矚 林 園 
X13n0285_001:0231b18	因何有見世尊此大講堂戶牖開豁故我在堂得遠	因 何 有 見 世 尊 此 大 講 堂 戶 牖 開 豁 故 我 在 堂 得 遠 
X13n0285_001:0231b19	瞻見。	瞻 見 
X13n0285_001:0231b20	此以阿難自身例心以如來大眾例肝腸脾胃等	此 以 阿 難 自 身 例 心 以 如 來 大 眾 例 肝 腸 脾 胃 等 
X13n0285_001:0231b21	以戶牖例眼以園林例身外諸物也在文易知。	以 戶 牖 例 眼 以 園 林 例 身 外 諸 物 也 在 文 易 知 
X13n0285_001:0231b22	四懸示定名。	四 懸 示 定 名 
X13n0285_001:0231b23	爾時世尊在大眾中舒金色臂摩阿難頂告示阿難	爾 時 世 尊 在 大 眾 中 舒 金 色 臂 摩 阿 難 頂 告 示 阿 難 
X13n0285_001:0231b24	及諸大眾有三摩提名大佛頂首楞嚴王具足萬行	及 諸 大 眾 有 三 摩 提 名 大 佛 頂 首 楞 嚴 王 具 足 萬 行 
X13n0285_001:0231c01	十方如來一門超出妙莊嚴路汝今諦聽阿難頂禮	十 方 如 來 一 門 超 出 妙 莊 嚴 路 汝 今 諦 聽 阿 難 頂 禮 
X13n0285_001:0231c02	伏受慈旨。	伏 受 慈 旨 
X13n0285_001:0231c03	欲破妄計先唱大定之名者以妄情破處真性全	欲 破 妄 計 先 唱 大 定 之 名 者 以 妄 情 破 處 真 性 全 
X13n0285_001:0231c04	彰若利根人只須內計一破覓心了不可得便得	彰 若 利 根 人 只 須 內 計 一 破 覓 心 了 不 可 得 便 得 
X13n0285_001:0231c05	心安心安即是首楞嚴王三昧鈍根執重故破內	心 安 心 安 即 是 首 楞 嚴 王 三 昧 鈍 根 執 重 故 破 內 
X13n0285_001:0231c06	必轉計外乃至展轉起於無窮計度阿難示同未	必 轉 計 外 乃 至 展 轉 起 於 無 窮 計 度 阿 難 示 同 未 
X13n0285_001:0231c07	悟曲寫迷情俾如來方便破顯究暢至理當知從	悟 曲 寫 迷 情 俾 如 來 方 便 破 顯 究 暢 至 理 當 知 從 
X13n0285_001:0231c08	今文去直至第三卷末第四卷初節節圓彰大定	今 文 去 直 至 第 三 卷 末 第 四 卷 初 節 節 圓 彰 大 定 
X13n0285_001:0231c09	所依理體斷不可以三名割裂分配也三摩提亦	所 依 理 體 斷 不 可 以 三 名 割 裂 分 配 也 三 摩 提 亦 
X13n0285_001:0231c10	云三摩地亦云三昧此翻正定有真諦三昧俗諦	云 三 摩 地 亦 云 三 昧 此 翻 正 定 有 真 諦 三 昧 俗 諦 
X13n0285_001:0231c11	三昧中諦三昧又有歷別三諦三昧圓融三諦三	三 昧 中 諦 三 昧 又 有 歷 別 三 諦 三 昧 圓 融 三 諦 三 
X13n0285_001:0231c12	昧今是圓融三諦三昧統一切法一切三昧悉入	昧 今 是 圓 融 三 諦 三 昧 統 一 切 法 一 切 三 昧 悉 入 
X13n0285_001:0231c13	其中故名為王舊解見此三摩提字與阿難所問	其 中 故 名 為 王 舊 解 見 此 三 摩 提 字 與 阿 難 所 問 
X13n0285_001:0231c14	三摩字同遂進退牽合多至失措不知阿難所問	三 摩 字 同 遂 進 退 牽 合 多 至 失 措 不 知 阿 難 所 問 
X13n0285_001:0231c15	即圓覺中所謂三摩鉢提乃是略去鉢提二字今	即 圓 覺 中 所 謂 三 摩 鉢 提 乃 是 略 去 鉢 提 二 字 今 
X13n0285_001:0231c16	文所云即是三昧梵音楚夏耳須知真諦三昧即	文 所 云 即 是 三 昧 梵 音 楚 夏 耳 須 知 真 諦 三 昧 即 
X13n0285_001:0231c17	奢摩他所成俗諦三昧即三摩鉢提所成中諦三	奢 摩 他 所 成 俗 諦 三 昧 即 三 摩 鉢 提 所 成 中 諦 三 
X13n0285_001:0231c18	昧即禪那所成又真諦三昧止見思惑俗諦三昧	昧 即 禪 那 所 成 又 真 諦 三 昧 止 見 思 惑 俗 諦 三 昧 
X13n0285_001:0231c19	止塵沙惑中諦三昧止無明惑即奢摩他真諦三	止 塵 沙 惑 中 諦 三 昧 止 無 明 惑 即 奢 摩 他 真 諦 三 
X13n0285_001:0231c20	昧發明空觀俗諦三昧發明假觀中諦三昧發明	昧 發 明 空 觀 俗 諦 三 昧 發 明 假 觀 中 諦 三 昧 發 明 
X13n0285_001:0231c21	中觀即三摩鉢提三諦之體無惑可破無觀可立	中 觀 即 三 摩 鉢 提 三 諦 之 體 無 惑 可 破 無 觀 可 立 
X13n0285_001:0231c22	而破而立即禪那也大佛頂具如玄義中釋乃此	而 破 而 立 即 禪 那 也 大 佛 頂 具 如 玄 義 中 釋 乃 此 
X13n0285_001:0231c23	三昧所依之真性首楞嚴亦如玄義中釋乃是稱	三 昧 所 依 之 真 性 首 楞 嚴 亦 如 玄 義 中 釋 乃 是 稱 
X13n0285_001:0231c24	性所起之真修具足萬行者一是本有為具謂此	性 所 起 之 真 修 具 足 萬 行 者 一 是 本 有 為 具 謂 此 
X13n0285_001:0232a01	大佛頂理無所不統無所不攝故名具足二是該	大 佛 頂 理 無 所 不 統 無 所 不 攝 故 名 具 足 二 是 該 
X13n0285_001:0232a02	攝為具謂修此三昧即是修行一切三昧乃至六	攝 為 具 謂 修 此 三 昧 即 是 修 行 一 切 三 昧 乃 至 六 
X13n0285_001:0232a03	度五行等無不圓攝故名具足三是積聚為具謂	度 五 行 等 無 不 圓 攝 故 名 具 足 三 是 積 聚 為 具 謂 
X13n0285_001:0232a04	眾生無始以來所有一切諸善知彈指聚沙舉手	眾 生 無 始 以 來 所有一切 諸 善 知 彈 指 聚 沙 舉 手 
X13n0285_001:0232a05	低頭等種種緣因種子若得此三昧時一齊開發	低 頭 等 種 種 緣 因 種 子 若 得 此 三 昧 時 一 齊 開 發 
X13n0285_001:0232a06	顯現故名具足本具約正因該具約了因積具約	顯 現 故 名 具 足 本 具 約 正 因 該 具 約 了 因 積 具 約 
X13n0285_001:0232a07	緣因又三因皆本有故名本具三因皆該攝故名	緣 因 又 三 因 皆 本 有 故 名 本 具 三 因 皆 該 攝 故 名 
X13n0285_001:0232a08	該具三因皆開發故名積具不縱不橫之義復現	該 具 三 因 皆 開 發 故 名 積 具 不 縱 不 橫 之 義 復 現 
X13n0285_001:0232a09	於此矣行為入理之門一行一切行一切行一行	於 此 矣 行 為 入 理 之 門 一 行 一 切 行 一 切 行 一 行 
X13n0285_001:0232a10	故名一門圓人頓悟頓修永無諸委曲相故名超	故 名 一 門 圓 人 頓 悟 頓 修 永 無 諸 委 曲 相 故 名 超 
X13n0285_001:0232a11	出稱性所起福慧二種莊嚴還以莊嚴一性性修	出 稱 性 所 起 福 慧 二 種 莊 嚴 還 以 莊 嚴 一 性 性 修 
X13n0285_001:0232a12	不二名妙莊嚴始從乾慧終極妙覺故名為路也	不 二 名 妙 莊 嚴 始 從 乾 慧 終 極 妙 覺 故 名 為 路 也 
X13n0285_001:0232a13	五正破非內又二初引例二正破。今初。	五 正 破 非 內 又 二 初 引 例 二 正 破 今 初 
X13n0285_001:0232a14	佛告阿難如汝所言身在講堂戶牖開豁遠矚林園	佛 告 阿 難 如 汝 所 言 身 在 講 堂 戶 牖 開 豁 遠 矚 林 園 
X13n0285_001:0232a15	亦有眾生在此堂中不見如來(而)見堂外者(乎)阿難	亦 有 眾 生 在 此 堂 中 不 見 如 來 而 見 堂 外 者 乎 阿 難 
X13n0285_001:0232a16	答言世尊在堂不見如來能見林泉無有是處。	答 言 世 尊 在 堂 不 見 如 來 能 見 林 泉 無 有 是 處 
X13n0285_001:0232a17	二正破。	二 正 破 
X13n0285_001:0232a18	阿難汝亦如是汝之心靈一切明了若汝現前所明	阿 難 汝 亦 如 是 汝 之 心 靈 一 切 明 了 若 汝 現 前 所 明 
X13n0285_001:0232a19	了心實在身內爾時先合了知內身頗有眾生先見	了 心 實 在 身 內 爾 時 先 合 了 知 內 身 頗 有 眾 生 先 見 
X13n0285_001:0232a20	身中(而)後觀外物(者乎)縱不能見心肝脾胃(至於)爪生髮	身 中 而 後 觀 外 物 者 乎 縱 不 能 見 心 肝 脾 胃 至 於 爪 生 髮 
X13n0285_001:0232a21	長筋轉脉搖誠合明了如何(亦)不知(耶)必不內知云	長 筋 轉 脉 搖 誠 合 明 了 如 何 亦 不 知 耶 必 不 內 知 云 
X13n0285_001:0232a22	何知外是故應知汝言覺了能知之心住在身內無	何 知 外 是 故 應 知 汝 言 覺 了 能 知 之 心 住 在 身 內 無 
X13n0285_001:0232a23	有是處。	有 是 處 
X13n0285_001:0232a24	圓覺經云妄認六塵緣影為自心相此經云一迷	圓 覺 經 云 妄 認 六 塵 緣 影 為 自 心 相 此 經 云 一 迷 
X13n0285_001:0232b01	為心決定惑為色身之內此一切眾生之通計也	為 心 決 定 惑 為 色 身 之 內 此 一 切 眾 生 之 通 計 也 
X13n0285_001:0232b02	下文六處不過是轉計耳此雖破其妄心無所實	下 文 六 處 不 過 是 轉 計 耳 此 雖 破 其 妄 心 無 所 實 
X13n0285_001:0232b03	即為顯妄心無體惟無體故無所也又無體無所	即 為 顯 妄 心 無 體 惟 無 體 故 無 所 也 又 無 體 無 所 
X13n0285_001:0232b04	而一切明了正所謂性同虗空亦無虗空相貌可	而 一 切 明 了 正 所 謂 性 同 虗 空 亦 無 虗 空 相 貌 可 
X13n0285_001:0232b05	得非即全體真心而何故曰密顯真心也不能於	得 非 即 全 體 真 心 而 何 故 曰 密 顯 真 心 也 不 能 於 
X13n0285_001:0232b06	此薦取辜負圓音甚矣。二破轉計在外二初轉	此 薦 取 辜 負 圓 音 甚 矣 二 破 轉 計 在 外 二 初 轉 
X13n0285_001:0232b07	計二破斥。今初。	計 二 破 斥 今 初 
X13n0285_001:0232b08	阿難稽首而白佛言我聞如來如是法音悟知我心	阿 難 稽 首 而 白 佛 言 我 聞 如 來 如 是 法 音 悟 知 我 心 
X13n0285_001:0232b09	實居身外所以者何譬如燈光(設使)然於室中是燈必	實 居 身 外 所以者何 譬 如 燈 光 設 使 然 於 室 中 是 燈 必 
X13n0285_001:0232b10	能先照室內從其室門後及庭際(今)一切眾生不見	能 先 照 室 內 從 其 室 門 後 及 庭 際 今 一 切 眾 生 不 見 
X13n0285_001:0232b11	身中獨見身外(者)亦如燈光居在室外不能照室是	身 中 獨 見 身 外 者 亦 如 燈 光 居 在 室 外 不 能 照 室 是 
X13n0285_001:0232b12	義必明將無所惑同佛了義得無妄耶。	義 必 明 將 無 所 惑 同 佛 了 義 得 無 妄 耶 
X13n0285_001:0232b13	二破斥又二初立例二正破。今初。	二 破 斥 又 二 初 立 例 二 正 破 今 初 
X13n0285_001:0232b14	佛告阿難是諸比丘適來從我室羅筏城循乞摶食	佛 告 阿 難 是 諸 比 丘 適 來 從 我 室 羅 筏 城 循 乞 摶 食 
X13n0285_001:0232b15	歸祇陀林我已宿齋汝觀比丘一人食時諸人飽不	歸 祇 陀 林 我 已 宿 齋 汝 觀 比 丘 一 人 食 時 諸 人 飽 不 
X13n0285_001:0232b16	阿難答言不也世尊何以故是諸比丘雖阿羅漢軀	阿 難 答 言 不 也 世 尊 何 以 故 是 諸 比 丘 雖 阿 羅 漢 軀 
X13n0285_001:0232b17	命不同云何一人能令眾飽。	命 不 同 云 何 一 人 能 令 眾 飽 
X13n0285_001:0232b18	摶食即段食有形質分段可摶取者也宿止也宿	摶 食 即 段 食 有 形 質 分 段 可 摶 取 者 也 宿 止 也 宿 
X13n0285_001:0232b19	齋猶言足食即是結齋之義。二正破。	齋 猶 言 足 食 即 是 結 齋 之 義 二 正 破 
X13n0285_001:0232b20	佛告阿難若汝覺了知見之心實在身外身心相外	佛 告 阿 難 若 汝 覺 了 知 見 之 心 實 在 身 外 身 心 相 外 
X13n0285_001:0232b21	自不相干則心所知身不能覺覺在身際心不能知	自 不 相 干 則 心 所 知 身 不 能 覺 覺 在 身 際 心 不 能 知 
X13n0285_001:0232b22	我今示汝兜羅綿手汝眼見時心分別不阿難答言	我 今 示 汝 兜 羅 綿 手 汝 眼 見 時 心 分 別 不 阿 難 答 言 
X13n0285_001:0232b23	如是世尊佛告阿難若相知者云何在外是故應知	如 是 世 尊 佛 告 阿 難 若 相 知 者 云 何 在 外 是 故 應 知 
X13n0285_001:0232b24	汝言覺了能知之心住在身外無有是處。	汝 言 覺 了 能 知 之 心 住 在 身 外 無 有 是 處 
X13n0285_001:0232c01	兜羅綿白淨柔軟佛手似之故名兜羅綿手。三	兜 羅 綿 白 淨 柔 軟 佛 手 似 之 故 名 兜 羅 綿 手 三 
X13n0285_001:0232c02	破轉計潛根二初轉計二破斥。今初。	破 轉 計 潛 根 二 初 轉 計 二 破 斥 今 初 
X13n0285_001:0232c03	阿難白佛言世尊如佛所言不見內故不居身內身	阿 難 白 佛 言 世 尊 如 佛 所 言 不 見 內 故 不 居 身 內 身 
X13n0285_001:0232c04	心相知不相離故不在身外我今思惟知在一處佛	心 相 知 不 相 離 故 不 在 身 外 我 今 思 惟 知 在 一 處 佛 
X13n0285_001:0232c05	言處今何在阿難言此了知心既不知內而能見外	言 處 今 何 在 阿 難 言 此 了 知 心 既 不 知 內 而 能 見 外 
X13n0285_001:0232c06	如我思忖潛伏根裡猶如有人取瑠璃椀合其兩眼	如 我 思 忖 潛 伏 根 裡 猶 如 有 人 取 瑠 璃 椀 合 其 兩 眼 
X13n0285_001:0232c07	雖有物合而不留礙彼根隨見隨即分別然我覺了	雖 有 物 合 而 不 留 礙 彼 根 隨 見 隨 即 分 別 然 我 覺 了 
X13n0285_001:0232c08	能知之心不見內者為在根故分明矚外無障礙者	能 知 之 心 不 見 內 者 為 在 根 故 分 明 矚 外 無 障 礙 者 
X13n0285_001:0232c09	潛根內故。	潛 根 內 故 
X13n0285_001:0232c10	瑠璃寶名內外明徹亦如今之眼鏡相類以眼喻	瑠 璃 寶 名 內 外 明 徹 亦 如 今 之 眼 鏡 相 類 以 眼 喻 
X13n0285_001:0232c11	心以瑠璃椀喻眼根淨色故云眼隨見心隨分別。	心 以 瑠 璃 椀 喻 眼 根 淨 色 故 云 眼 隨 見 心 隨 分 別 
X13n0285_001:0232c12	二破斥又二初立例二正破。今初。	二 破 斥 又 二 初 立 例 二 正 破 今 初 
X13n0285_001:0232c13	佛告阿難如汝所言(此心)潛根內者猶如(眼在)瑠璃(之內)彼	佛 告 阿 難 如 汝 所 言 此 心 潛 根 內 者 猶 如 眼 在 瑠 璃 之 內 彼 
X13n0285_001:0232c14	人當以瑠璃籠眼(之時)當(其外)見山河(亦復)見瑠璃不如是	人 當 以 瑠 璃 籠 眼 之 時 當 其 外 見 山 河 亦 復 見 瑠 璃 不 如 是 
X13n0285_001:0232c15	世尊是人當以瑠璃籠眼實見瑠璃。	世 尊 是 人 當 以 瑠 璃 籠 眼 實 見 瑠 璃 
X13n0285_001:0232c16	二正破。	二 正 破 
X13n0285_001:0232c17	佛告阿難汝心若同瑠璃合者當見山河何不見眼	佛 告 阿 難 汝 心 若 同 瑠 璃 合 者 當 見 山 河 何 不 見 眼 
X13n0285_001:0232c18	若見眼者眼即同境不得成隨若不能見云何說言	若 見 眼 者 眼 即 同 境 不 得 成 隨 若 不 能 見 云 何 說 言 
X13n0285_001:0232c19	此了知心潛在根內如瑠璃合是故應知汝言覺了	此 了 知 心 潛 在 根 內 如 瑠 璃 合 是 故 應 知 汝 言 覺 了 
X13n0285_001:0232c20	能知之心潛伏根裡如瑠璃合無有是處。	能 知 之 心 潛 伏 根 裡 如 瑠 璃 合 無 有 是 處 
X13n0285_001:0232c21	設許見眼眼即同於外境無能見用則隨見隨即	設 許 見 眼 眼 即 同 於 外 境 無 能 見 用 則 隨 見 隨 即 
X13n0285_001:0232c22	分別之義不成既不見眼則法喻不齊心非潛在	分 別 之 義 不 成 既 不 見 眼 則 法 喻 不 齊 心 非 潛 在 
X13n0285_001:0232c23	根內明矣。四破轉計見內二初轉計二破斥。	根 內 明 矣 四 破 轉 計 見 內 二 初 轉 計 二 破 斥 
X13n0285_001:0232c24	今初。	今 初 
X13n0285_001:0233a01	阿難白佛言世尊我今又作如是思惟是眾生身腑	阿 難 白 佛 言 世 尊 我 今 又 作 如 是 思 惟 是 眾 生 身 腑 
X13n0285_001:0233a02	臟在中竅穴居外有臟則暗有竅則明今我對佛開	臟 在 中 竅 穴 居 外 有 臟 則 暗 有 竅 則 明 今 我 對 佛 開 
X13n0285_001:0233a03	眼見明名為見外閉眼見暗名為見內是義云何。	眼 見 明 名 為 見 外 閉 眼 見 暗 名 為 見 內 是 義 云 何 
X13n0285_001:0233a04	此復計心在內也初計內時佛以不能見內難之	此 復 計 心 在 內 也 初 計 內 時 佛 以 不 能 見 內 難 之 
X13n0285_001:0233a05	今云見暗即是見內正轉救初難也。二破斥又	今 云 見 暗 即 是 見 內 正 轉 救 初 難 也 二 破 斥 又 
X13n0285_001:0233a06	三初正破二轉破三結破。今初。	三 初 正 破 二 轉 破 三 結 破 今 初 
X13n0285_001:0233a07	佛告阿難汝當閉眼見暗之時此暗境界為與眼對	佛 告 阿 難 汝 當 閉 眼 見 暗 之 時 此 暗 境 界 為 與 眼 對 
X13n0285_001:0233a08	為不對眼若與眼對暗在眼前云何成內若成內者	為 不 對 眼 若 與 眼 對 暗 在 眼 前 云 何 成 內 若 成 內 者 
X13n0285_001:0233a09	居暗室中無日月燈此室暗中皆汝焦腑若不對者	居 暗 室 中 無 日 月 燈 此 室 暗 中 皆 汝 焦 腑 若 不 對 者 
X13n0285_001:0233a10	云何成見。	云 何 成 見 
X13n0285_001:0233a11	此中先以對不對雙牒次雙破也若與眼對下先	此 中 先 以 對 不 對 雙 牒 次 雙 破 也 若 與 眼 對 下 先 
X13n0285_001:0233a12	破對又二意一者既對則非內二者許內則有過	破 對 又 二 意 一 者 既 對 則 非 內 二 者 許 內 則 有 過 
X13n0285_001:0233a13	若不對下次破不對只須云何成見一句也。二	若 不 對 下 次 破 不 對 只 須 云 何 成 見 一 句 也 二 
X13n0285_001:0233a14	轉破又三初破其轉計內對二破其轉計在空三	轉 破 又 三 初 破 其 轉 計 內 對 二 破 其 轉 計 在 空 三 
X13n0285_001:0233a15	破其轉計兩覺。今初。	破 其 轉 計 兩 覺 今 初 
X13n0285_001:0233a16	若離外見內對所成合眼見暗名為身中開眼見明	若 離 外 見 內 對 所 成 合 眼 見 暗 名 為 身 中 開 眼 見 明 
X13n0285_001:0233a17	何不見面若不見面內對不成見面若成此了知心	何 不 見 面 若 不 見 面 內 對 不 成 見 面 若 成 此 了 知 心 
X13n0285_001:0233a18	及與眼根廼在虗空何成在內。	及 與 眼 根 廼 在 虗 空 何 成 在 內 
X13n0285_001:0233a19	恐彼又轉救云開眼見外名為外對閉眼見暗名	恐 彼 又 轉 救 云 開 眼 見 外 名 為 外 對 閉 眼 見 暗 名 
X13n0285_001:0233a20	為內對則暗仍與眼對而亦不取室暗為焦腑也	為 內 對 則 暗 仍 與 眼 對 而 亦 不 取 室 暗 為 焦 腑 也 
X13n0285_001:0233a21	今即牒而破之既許內對則開眼時亦可內對而	今 即 牒 而 破 之 既 許 內 對 則 開 眼 時 亦 可 內 對 而 
X13n0285_001:0233a22	見其面若開眼不能內對而見其面則閉眼亦何	見 其 面 若 開 眼 不 能 內 對 而 見 其 面 則 閉 眼 亦 何 
X13n0285_001:0233a23	能成內對乎又設許內對見面則心眼俱在虗空	能 成 內 對 乎 又 設 許 內 對 見 面 則 心 眼 俱 在 虗 空 
X13n0285_001:0233a24	仍違汝心在身內之計矣。二破其轉許在空。	仍 違 汝 心 在 身 內 之 計 矣 二 破 其 轉 許 在 空 
X13n0285_001:0233b01	若在虗空自非汝體即應如來今見汝面亦是汝身	若 在 虗 空 自 非 汝 體 即 應 如 來 今 見 汝 面 亦 是 汝 身 
X13n0285_001:0233b02	汝眼已知身合非覺。	汝 眼 已 知 身 合 非 覺 
X13n0285_001:0233b03	恐彼救云設許心眼俱在虗空亦復何過今更牒	恐 彼 救 云 設 許 心 眼 俱 在 虗 空 亦 復 何 過 今 更 牒 
X13n0285_001:0233b04	而破之若在虗空便非汝體則如來今見汝面即	而 破 之 若 在 虗 空 便 非 汝 體 則 如 來 今 見 汝 面 即 
X13n0285_001:0233b05	應如來亦是汝身之眼汝眼已知身猶應未覺也。	應 如 來 亦 是 汝 身 之 眼 汝 眼 已 知 身 猶 應 未 覺 也 
X13n0285_001:0233b06	三破其轉許兩覺。	三 破 其 轉 許 兩 覺 
X13n0285_001:0233b07	必汝執言身眼兩覺應有二知即汝一身應成兩佛。	必 汝 執 言 身 眼 兩 覺 應 有 二 知 即 汝 一 身 應 成 兩 佛 
X13n0285_001:0233b08	恐彼更轉救云眼雖在空何妨眼知身亦隨覺今	恐 彼 更 轉 救 云 眼 雖 在 空 何 妨 眼 知 身 亦 隨 覺 今 
X13n0285_001:0233b09	更破云若許眼在虗空仍復與身兩處皆覺則現	更 破 云 若 許 眼 在 虗 空 仍 復 與 身 兩 處 皆 覺 則 現 
X13n0285_001:0233b10	在二知當成兩佛矣夫成佛時雖復化身無數秪	在 二 知 當 成 兩 佛 矣 夫 成 佛 時 雖 復 化 身 無 數 秪 
X13n0285_001:0233b11	如月印千江豈可謂法身有二體耶。三結破。	如 月 印 千 江 豈 可 謂 法 身 有 二 體 耶 三 結 破 
X13n0285_001:0233b12	是故應知汝言見暗名見內者無有是處。	是 故 應 知 汝 言 見 暗 名 見 內 者 無 有 是 處 
X13n0285_001:0233b13	五破轉計隨生二初轉計二破斥。今初。	五 破 轉 計 隨 生 二 初 轉 計 二 破 斥 今 初 
X13n0285_001:0233b14	阿難言我常聞佛開示四眾由心生故種種法生由	阿 難 言 我 常 聞 佛 開 示 四 眾 由 心 生 故 種 種 法 生 由 
X13n0285_001:0233b15	法生故種種心生我今思惟即思惟體實我心性隨	法 生 故 種 種 心 生 我 今 思 惟 即 思 惟 體 實 我 心 性 隨 
X13n0285_001:0233b16	所合處心則隨有亦非內外中間三處。	所 合 處 心 則 隨 有 亦 非 內 外 中 間 三 處 
X13n0285_001:0233b17	前之四章俱是自心計度此下三章俱借聖教妄	前 之 四 章 俱 是 自 心 計 度 此 下 三 章 俱 借 聖 教 妄 
X13n0285_001:0233b18	推雖借聖教不解教旨以其誤認緣影不知心之	推 雖 借 聖 教 不 解 教 旨 以 其 誤 認 緣 影 不 知 心 之 
X13n0285_001:0233b19	實義故也且如心生法生四句顯示因緣即空假	實 義 故 也 且 如 心 生 法 生 四 句 顯 示 因 緣 即 空 假 
X13n0285_001:0233b20	中道理語言雖同義關四教若謂心生法生心滅	中 道 理 語 言 雖 同 義 關 四 教 若 謂 心 生 法 生 心 滅 
X13n0285_001:0233b21	法滅法生心生法滅心滅心法互為因緣雖生滅	法 滅 法 生 心 生 法 滅 心 滅 心 法 互 為 因 緣 雖 生 滅 
X13n0285_001:0233b22	宛然而惟是因緣假合別無時方微塵大自在等	宛 然 而 惟 是 因 緣 假 合 別 無 時 方 微 塵 大 自 在 等 
X13n0285_001:0233b23	以為能生亦非無因緣故自然而生此則藏教義	以 為 能 生 亦 非 無 因 緣 故 自 然 而 生 此 則 藏 教 義 
X13n0285_001:0233b24	也若謂心生法生則心外無法法本無生法生心	也 若 謂 心 生 法 生 則 心 外 無 法 法 本 無 生 法 生 心 
X13n0285_001:0233c01	生則法外無心心亦無生心法當體無生是名因	生 則 法 外 無 心 心 亦 無 生 心 法 當 體 無 生 是 名 因 
X13n0285_001:0233c02	緣即空通教義也若謂無明不覺生於三細是謂	緣 即 空 通 教 義 也 若 謂 無 明 不 覺 生 於 三 細 是 謂 
X13n0285_001:0233c03	心生法生境界風動轉識浪生是謂法生心生心	心 生 法 生 境 界 風 動 轉 識 浪 生 是 謂 法 生 心 生 心 
X13n0285_001:0233c04	法互為因緣故有十界差別假名無量別教義也	法 互 為 因 緣 故 有 十 界 差 別 假 名 無 量 別 教 義 也 
X13n0285_001:0233c05	若謂心生法生則一切惟心法生心生則一切惟	若 謂 心 生 法 生 則 一 切 惟 心 法 生 心 生 則 一 切 惟 
X13n0285_001:0233c06	法互奪則心法兩亡雙照則心法宛爾而皆體是	法 互 奪 則 心 法 兩 亡 雙 照 則 心 法 宛 爾 而 皆 體 是 
X13n0285_001:0233c07	法界不可思議所謂因緣即中圓教義也今阿難	法 界 不可思議 所 謂 因 緣 即 中 圓 教 義 也 今 阿 難 
X13n0285_001:0233c08	雖述其文不達其義堅執緣影為自心性而云隨	雖 述 其 文 不 達 其 義 堅 執 緣 影 為 自 心 性 而 云 隨 
X13n0285_001:0233c09	合隨有不定內外中間處所尚非藏教法生心生	合 隨 有 不 定 內 外 中 間 處 所 尚 非 藏 教 法 生 心 生 
X13n0285_001:0233c10	片義況全義耶。二破斥三初牒計二正破三結	片 義 況 全 義 耶 二 破 斥 三 初 牒 計 二 正 破 三 結 
X13n0285_001:0233c11	破。今初。	破 今 初 
X13n0285_001:0233c12	佛告阿難汝今說言由法生故種種心生隨所合處	佛 告 阿 難 汝 今 說 言 由 法 生 故 種 種 心 生 隨 所 合 處 
X13n0285_001:0233c13	心隨有者。	心 隨 有 者 
X13n0285_001:0233c14	阿難雖則雙述心生法生之文而意惟在法生故	阿 難 雖 則 雙 述 心 生 法 生 之 文 而 意 惟 在 法 生 故 
X13n0285_001:0233c15	心生且又不知妄心無體計此緣影以為能合種	心 生 且 又 不 知 妄 心 無 體 計 此 緣 影 以 為 能 合 種 
X13n0285_001:0233c16	種諸法以為所合故佛牒計中不須更出前之兩	種 諸 法 以 為 所 合 故 佛 牒 計 中 不 須 更 出 前 之 兩 
X13n0285_001:0233c17	句以前兩句非彼妄計張本故也。二正破又二	句 以 前 兩 句 非 彼 妄 計 張 本 故 也 二 正 破 又 二 
X13n0285_001:0233c18	初破無體二破有體。今初。	初 破 無 體 二 破 有 體 今 初 
X13n0285_001:0233c19	是心無體則無所合若無有體而能合者則十九界	是 心 無 體 則 無 所 合 若 無 有 體 而 能 合 者 則 十 九 界 
X13n0285_001:0233c20	因七塵合是義不然。	因 七 塵 合 是 義 不 然 
X13n0285_001:0233c21	夫妄心的確無體但阿難久執有體不達本無故	夫 妄 心 的 確 無 體 但 阿 難 久 執 有 體 不 達 本 無 故 
X13n0285_001:0233c22	今得以無體難之是心者指彼所執緣影也既不	今 得 以 無 體 難 之 是 心 者 指 彼 所 執 緣 影 也 既 不 
X13n0285_001:0233c23	知緣影非心則必妄謂有體斷斷不敢承當無體	知 緣 影 非 心 則 必 妄 謂 有 體 斷 斷 不 敢 承 當 無 體 
X13n0285_001:0233c24	之義矣六塵十八界全體皆即自心今獨計此緣	之 義 矣 六 塵 十 八 界 全 體 皆 即 自 心 今 獨 計 此 緣 
X13n0285_001:0234a01	影以為自心則塵界並為心外之法更欲以此無	影 以 為 自 心 則 塵 界 並 為 心 外 之 法 更 欲 以 此 無 
X13n0285_001:0234a02	體之緣心來合諸法何異欲以第七無體之塵合	體 之 緣 心 來 合 諸 法 何 異 欲 以 第 七 無 體 之 塵 合 
X13n0285_001:0234a03	成第十九無體之界乎是義必不然矣。二破有	成 第 十 九 無 體 之 界 乎 是 義 必 不 然 矣 二 破 有 
X13n0285_001:0234a04	體又二初約內外出入破二約一多徧不徧破。	體 又 二 初 約 內 外 出 入 破 二 約 一 多 徧 不 徧 破 
X13n0285_001:0234a05	今初。	今 初 
X13n0285_001:0234a06	若有體者如汝以手自挃其體汝所知心為復內出	若 有 體 者 如 汝 以 手 自 挃 其 體 汝 所 知 心 為 復 內 出 
X13n0285_001:0234a07	為從外入若復內出還見身中若從外來先合見面	為 從 外 入 若 復 內 出 還 見 身 中 若 從 外 來 先 合 見 面 
X13n0285_001:0234a08	阿難言見是其眼心知非眼為見非義佛言若眼能	阿 難 言 見 是 其 眼 心 知 非 眼 為 見 非 義 佛 言 若 眼 能 
X13n0285_001:0234a09	見汝在室中門能見不則諸已死尚有眼存應皆見	見 汝 在 室 中 門 能 見 不 則 諸 已 死 尚 有 眼 存 應 皆 見 
X13n0285_001:0234a10	物若見物者云何名死。	物 若 見 物 者 云 何 名 死 
X13n0285_001:0234a11	此正破妄心而乘便兼破妄眼也浮塵之眼不能	此 正 破 妄 心 而 乘 便 兼 破 妄 眼 也 浮 塵 之 眼 不 能 
X13n0285_001:0234a12	有見緣影之心何能有知噫可以思矣。二約一	有 見 緣 影 之 心 何 能 有 知 噫 可 以 思 矣 二 約 一 
X13n0285_001:0234a13	多徧不徧破。	多 徧 不 徧 破 
X13n0285_001:0234a14	阿難又汝覺了能知之心若必有體為復一體為有	阿 難 又 汝 覺 了 能 知 之 心 若 必 有 體 為 復 一 體 為 有 
X13n0285_001:0234a15	多體今在汝身為復徧體為不徧體若一體者則汝	多 體 今 在 汝 身 為 復 徧 體 為 不 徧 體 若 一 體 者 則 汝 
X13n0285_001:0234a16	以手挃一支時四支應覺若咸覺者挃應無在若挃	以 手 挃 一 支 時 四 支 應 覺 若 咸 覺 者 挃 應 無 在 若 挃 
X13n0285_001:0234a17	有所則汝一體自不能成若多體者則成多人何體	有 所 則 汝 一 體 自 不 能 成 若 多 體 者 則 成 多 人 何 體 
X13n0285_001:0234a18	為汝若徧體者同前所挃若不徧者當汝觸頭亦觸	為 汝 若 徧 體 者 同 前 所 挃 若 不 徧 者 當 汝 觸 頭 亦 觸 
X13n0285_001:0234a19	其足頭有所覺足應無知今汝不然。	其 足 頭 有 所 覺 足 應 無 知 今 汝 不 然 
X13n0285_001:0234a20	先立四句然後一一破之初一體句謂四支共一	先 立 四 句 然 後 一 一 破 之 初 一 體 句 謂 四 支 共 一 
X13n0285_001:0234a21	心體故以咸覺為難設使咸覺則挃無徧在今挃	心 體 故 以 咸 覺 為 難 設 使 咸 覺 則 挃 無 徧 在 今 挃 
X13n0285_001:0234a22	既徧有所在則咸覺義墮而四支共一心體不成	既 徧 有 所 在 則 咸 覺 義 墮 而 四 支 共 一 心 體 不 成 
X13n0285_001:0234a23	矣次多體句即是多心故是多人三徧體句謂一	矣 次 多 體 句 即 是 多 心 故 是 多 人 三 徧 體 句 謂 一 
X13n0285_001:0234a24	心滿於四支與前四支共一心體是同故亦同前	心 滿 於 四 支 與 前 四 支 共 一 心 體 是 同 故 亦 同 前 
X13n0285_001:0234b01	所難四不徧句謂一心不能徧應故宜一處有知	所 難 四 不 徧 句 謂 一 心 不 能 徧 應 故 宜 一 處 有 知 
X13n0285_001:0234b02	一處無知也今汝不然句總結四句皆非。三結	一 處 無 知 也 今 汝 不 然 句 總 結 四 句 皆 非 三 結 
X13n0285_001:0234b03	破。	破 
X13n0285_001:0234b04	是故應知隨所合處心則隨有無有是處。	是 故 應 知 隨 所 合 處 心 則 隨 有 無 有 是 處 
X13n0285_001:0234b05	六破轉計中間二初破泛計二破正計。初中二	六 破 轉 計 中 間 二 初 破 泛 計 二 破 正 計 初 中 二 
X13n0285_001:0234b06	初泛計二泛破。今初。	初 泛 計 二 泛 破 今 初 
X13n0285_001:0234b07	阿難白佛言世尊我亦聞佛與文殊等諸法王子談	阿 難 白 佛 言 世 尊 我 亦 聞 佛 與 文 殊 等 諸 法 王 子 談 
X13n0285_001:0234b08	實相時世尊亦言心不在內亦不在外如我思惟(若言	實 相 時 世 尊 亦 言 心 不 在 內 亦 不 在 外 如 我 思 惟 若 言 
X13n0285_001:0234b09	在)內(則)無所見(若言在)外不(應)相知內無知故在內不	在 內 則 無 所 見 若 言 在 外 不 應 相 知 內 無 知 故 在 內 不 
X13n0285_001:0234b10	成身心相知在外非義今相知故復內無見當在中	成 身 心 相 知 在 外 非 義 今 相 知 故 復 內 無 見 當 在 中 
X13n0285_001:0234b11	間。	間 
X13n0285_001:0234b12	夫佛說心不在內亦不在外正即顯示心無體相	夫 佛 說 心 不 在 內 亦 不 在 外 正 即 顯 示 心 無 體 相 
X13n0285_001:0234b13	亦無方隅無相不相故名實相也而阿難方認緣	亦 無 方 隅 無 相 不 相 故 名 實 相 也 而 阿 難 方 認 緣 
X13n0285_001:0234b14	影則宛然有相可得其為幻妄甚矣然未的指何	影 則 宛 然 有 相 可 得 其 為 幻 妄 甚 矣 然 未 的 指 何 
X13n0285_001:0234b15	者為中故名泛計。二泛破。	者 為 中 故 名 泛 計 二 泛 破 
X13n0285_001:0234b16	佛言汝言中間中必不迷非無所在今汝推中中何	佛 言 汝 言 中 間 中 必 不 迷 非 無 所 在 今 汝 推 中 中 何 
X13n0285_001:0234b17	為在為復在處為當在身若在身者在邊非中在中	為 在 為 復 在 處 為 當 在 身 若 在 身 者 在 邊 非 中 在 中 
X13n0285_001:0234b18	同內若在處者為有所表為無所表無表同無表則	同 內 若 在 處 者 為 有 所 表 為 無 所 表 無 表 同 無 表 則 
X13n0285_001:0234b19	無定何以故如人以表表為中時東看則西南觀成	無 定 何 以 故 如 人 以 表 表 為 中 時 東 看 則 西 南 觀 成 
X13n0285_001:0234b20	北表體既混心應雜亂。	北 表 體 既 混 心 應 雜 亂 
X13n0285_001:0234b21	以阿難但說中字義不分明須以在處在身二義	以 阿 難 但 說 中 字 義 不 分 明 須 以 在 處 在 身 二 義 
X13n0285_001:0234b22	定之故曰中必不迷非無所在也。二破正計二	定 之 故 曰 中 必 不 迷 非 無 所 在 也 二 破 正 計 二 
X13n0285_001:0234b23	初正計二正破。今初。	初 正 計 二 正 破 今 初 
X13n0285_001:0234b24	阿難言我所說中非此二種如世尊言眼色為緣生	阿 難 言 我 所 說 中 非 此 二 種 如 世 尊 言 眼 色 為 緣 生 
X13n0285_001:0234c01	於眼識眼有分別色塵無知識生其中則為心在。	於 眼 識 眼 有 分 別 色 塵 無 知 識 生 其 中 則 為 心 在 
X13n0285_001:0234c02	阿難本意正計於此但此眼色為緣生於眼識二	阿 難 本 意 正 計 於 此 但 此 眼 色 為 緣 生 於 眼 識 二 
X13n0285_001:0234c03	語義關四教若知正此因緣生識不屬邪因無因	語 義 關 四 教 若 知 正 此 因 緣 生 識 不 屬 邪 因 無 因 
X13n0285_001:0234c04	而此因緣所生之識無實體性無我我所即藏教	而 此 因緣所生 之 識 無 實 體 性 無我我所 即 藏 教 
X13n0285_001:0234c05	義若知能生所生一總無性當體全空即通教義	義 若 知 能 生 所 生 一 總 無 性 當 體 全 空 即 通 教 義 
X13n0285_001:0234c06	若分別緣生假名無量所謂眼識九緣生耳識惟	若 分 別 緣 生 假 名 無 量 所 謂 眼 識 九 緣 生 耳 識 惟 
X13n0285_001:0234c07	從八乃至備明八識因轉果轉差別不同即別教	從 八 乃 至 備 明 八 識 因 轉 果 轉 差 別 不 同 即 別 教 
X13n0285_001:0234c08	義若知識性無源因於六種根塵妄出性識明知	義 若 知 識 性 無 源 因 於 六 種 根 塵 妄 出 性 識 明 知 
X13n0285_001:0234c09	覺明真識妙覺湛然徧周法界含吐十虗無有方	覺 明 真 識 妙 覺 湛 然 徧 周 法 界 含 吐 十 虗 無 有 方 
X13n0285_001:0234c10	所但是循業發現說名緣生緣生之性即是實性	所 但 是 循 業 發 現 說 名 緣 生 緣 生 之 性 即 是 實 性 
X13n0285_001:0234c11	所謂不變隨緣隨緣不變即圓教義或謂此是相	所 謂 不 變 隨 緣 隨 緣 不 變 即 圓 教 義 或 謂 此 是 相 
X13n0285_001:0234c12	宗不了義說蓋未深求其致故也今阿難所計乃	宗 不了義說 蓋 未 深 求 其 致 故 也 今 阿 難 所 計 乃 
X13n0285_001:0234c13	妄指緣影為心謂是根塵之所共生有體可得尚	妄 指 緣 影 為 心 謂 是 根 塵 之 所 共 生 有 體 可 得 尚 
X13n0285_001:0234c14	非藏教無實體性之義況通別圓義耶。二正破。	非 藏 教 無 實 體 性 之 義 況 通 別 圓 義 耶 二 正 破 
X13n0285_001:0234c15	佛言汝心若在根塵之中此之心體為復兼二為不	佛 言 汝 心 若 在 根 塵 之 中 此 之 心 體 為 復 兼 二 為 不 
X13n0285_001:0234c16	兼二若兼二者物體雜亂物非體知成敵兩立云何	兼 二 若 兼 二 者 物 體 雜 亂 物 非 體 知 成 敵 兩 立 云 何 
X13n0285_001:0234c17	為中兼二不成非知不知即無體性中何為相是故	為 中 兼 二 不 成 非 知 不 知 即 無 體 性 中 何 為 相 是 故 
X13n0285_001:0234c18	應知當在中間無有是處。	應 知 當 在 中 間 無 有 是 處 
X13n0285_001:0234c19	謂汝所計中間之心為復兼用根塵二法以為共	謂 汝 所 計 中 間 之 心 為 復 兼 用 根 塵 二 法 以 為 共 
X13n0285_001:0234c20	體為復不兼根塵二法而另自有體耶此雙牒也	體 為 復 不 兼 根 塵 二 法 而 另 自 有 體 耶 此 雙 牒 也 
X13n0285_001:0234c21	破中先破兼二若兼二者則色塵之物與眼根之	破 中 先 破 兼 二 若 兼 二 者 則 色 塵 之 物 與 眼 根 之 
X13n0285_001:0234c22	體互相雜亂而物終非如體之有知則知與無知	體 互 相 雜 亂 而 物 終 非 如 體 之 有 知 則 知 與 無 知 
X13n0285_001:0234c23	到底成敵兩立云何可名為中次破不兼若兼二	到 底 成 敵 兩 立 云 何 可 名 為 中 次 破 不 兼 若 兼 二 
X13n0285_001:0234c24	不成者則汝心體既非根之有知又非塵之不知	不 成 者 則 汝 心 體 既 非 根 之 有 知 又 非 塵 之 不 知 
X13n0285_001:0235a01	將以何為體性體性尚無中有何相乎。七破轉	將 以 何 為 體 性 體 性 尚 無 中 有 何 相 乎 七 破 轉 
X13n0285_001:0235a02	計無著二初轉計二破斥。今初。	計 無 著 二 初 轉 計 二 破 斥 今 初 
X13n0285_001:0235a03	阿難白佛言世尊我昔見佛與大目連須菩提富樓	阿 難 白 佛 言 世 尊 我 昔 見 佛 與 大 目 連 須 菩 提 富 樓 
X13n0285_001:0235a04	那舍利弗四大弟子共轉法輪常言覺知分別心性	那 舍 利 弗 四 大 弟 子 共 轉 法 輪 常 言 覺 知 分 別 心 性 
X13n0285_001:0235a05	既不在內亦不在外不在中間俱無所在一切無著	既 不 在 內 亦 不 在 外 不 在 中 間 俱 無 所 在 一 切 無 著 
X13n0285_001:0235a06	名之為心則我無著名為心不。	名 之 為 心 則 我 無 著 名 為 心 不 
X13n0285_001:0235a07	無在無著義亦關於四教若言心惟假名毫無實	無 在 無 著 義 亦 關 於 四 教 若 言 心 惟 假 名 毫 無 實 
X13n0285_001:0235a08	體故無在無著即藏教義若言假名既空假法亦	體 故 無 在 無 著 即 藏 教 義 若 言 假 名 既 空 假 法 亦 
X13n0285_001:0235a09	空心法俱空何在何著即通教義若言心無所在	空 心 法 俱 空 何 在 何 著 即 通 教 義 若 言 心 無 所 在 
X13n0285_001:0235a10	無所不在無所不在故無所著即別圓義今阿難	無 所 不 在 無 所 不 在 故 無 所 著 即 別 圓 義 今 阿 難 
X13n0285_001:0235a11	堅執緣影為心而以為不在三處大似獼猴跳躑	堅 執 緣 影 為 心 而 以 為 不 在 三 處 大 似 獼 猴 跳 躑 
X13n0285_001:0235a12	棲止無恒尚非藏教假名無實之義況別圓耶觀	棲 止 無 恒 尚 非 藏 教 假 名 無 實 之 義 況 別 圓 耶 觀 
X13n0285_001:0235a13	此三章方知語言雖同其旨碩異邪人說正法正	此 三 章 方 知 語 言 雖 同 其 旨 碩 異 邪 人 說 正 法 正 
X13n0285_001:0235a14	法亦成邪末世借了義極談成自己僻解者類若	法 亦 成 邪 末 世 借 了 義 極 談 成 自 己 僻 解 者 類 若 
X13n0285_001:0235a15	此也。二破斥。	此 也 二 破 斥 
X13n0285_001:0235a16	佛告阿難汝言覺知分別心性俱無在者世間虗空	佛 告 阿 難 汝 言 覺 知 分 別 心 性 俱 無 在 者 世 間 虗 空 
X13n0285_001:0235a17	水陸飛行諸所物象名為一切汝不著者為在為無	水 陸 飛 行 諸 所 物 象 名 為 一 切 汝 不 著 者 為 在 為 無 
X13n0285_001:0235a18	無則同於龜毛兔角云何不著有不著者不可名無	無 則 同 於 龜 毛 兔 角 云 何 不 著 有 不 著 者 不 可 名 無 
X13n0285_001:0235a19	無相則無非無則相相有則在云何無著是故應知	無 相 則 無 非 無 則 相 相 有 則 在 云 何 無 著 是 故 應 知 
X13n0285_001:0235a20	一切無著名覺知心無有是處。	一 切 無 著 名 覺 知 心 無 有 是 處 
X13n0285_001:0235a21	阿難既認緣影為心則是另有一物但不著在一	阿 難 既 認 緣 影 為 心 則 是 另 有 一 物 但 不 著 在 一 
X13n0285_001:0235a22	處耳故佛破云世間虗空水陸飛行諸所物象名	處 耳 故 佛 破 云 世 間 虗 空 水 陸 飛 行 諸 所 物 象 名 
X13n0285_001:0235a23	為一切收無不盡汝既言一切不著則此不著之	為 一 切 收 無 不 盡 汝 既 言 一 切 不 著 則 此 不 著 之 
X13n0285_001:0235a24	心為離一切而另有所在耶為別無所在耶此雙	心 為 離 一 切 而 另 有 所 在 耶 為 別 無 所 在 耶 此 雙 
X13n0285_001:0235b01	牒也先破無在云若別無所在則此心便同龜毛	牒 也 先 破 無 在 云 若 別 無 所 在 則 此 心 便 同 龜 毛 
X13n0285_001:0235b02	兔角云何猶得名為無著次破有在云若有一个	兔 角 云 何 猶 得 名 為 無 著 次 破 有 在 云 若 有 一 个 
X13n0285_001:0235b03	不著者則便不可名無除是無相則可名無若其	不 著 者 則 便 不 可 名 無 除 是 無 相 則 可 名 無 若 其 
X13n0285_001:0235b04	非無則便有相相既成有則決有所在又云何可	非 無 則 便 有 相 相 既 成 有 則 決 有 所 在 又 云 何 可 
X13n0285_001:0235b05	名無著耶結破可知齊此已上是逐破妄執密顯	名 無 著 耶 結 破 可 知 齊 此 已 上 是 逐 破 妄 執 密 顯 
X13n0285_001:0235b06	真心即是破徧計執所謂繩上實無蛇也。二顯	真 心 即 是 破 徧 計 執 所 謂 繩 上 實 無 蛇 也 二 顯 
X13n0285_001:0235b07	示妙理兼破餘妄此顯依他起性體即圓成兼破	示 妙 理 兼 破 餘 妄 此 顯 依他起性 體 即 圓 成 兼 破 
X13n0285_001:0235b08	依他非實如顯繩體即麻破其麻上定有繩之見	依 他 非 實 如 顯 繩 體 即 麻 破 其 麻 上 定 有 繩 之 見 
X13n0285_001:0235b09	也分文為三初總示萬法惟心二別就見精顯性	也 分 文 為 三 初 總 示 萬 法 惟 心 二 別 就 見 精 顯 性 
X13n0285_001:0235b10	三徧歷陰入處界會理。初總示萬法惟心此文	三 徧 歷 陰 入 處 界 會 理 初 總 示 萬 法 惟 心 此 文 
X13n0285_001:0235b11	舊皆判屬破妄謂前是破妄心無所今方破妄心	舊 皆 判 屬 破 妄 謂 前 是 破 妄 心 無 所 今 方 破 妄 心 
X13n0285_001:0235b12	無體不知妄心惟其無體是以無所妄心空處全	無 體 不 知 妄 心 惟 其 無 體 是 以 無 所 妄 心 空 處 全 
X13n0285_001:0235b13	體即真是故前雖一往破妄已是密顯於真況今	體 即 真 是 故 前 雖 一 往 破 妄 已 是 密 顯 於 真 況 今 
X13n0285_001:0235b14	瑞表真常明示二本指諸法之惟心唱妙心之有	瑞 表 真 常 明 示 二 本 指 諸 法 之 惟 心 唱 妙 心 之 有 
X13n0285_001:0235b15	體何非直顯真性至於咄破舊迷秪是破妄之餘	體 何 非 直 顯 真 性 至 於 咄 破 舊 迷 秪 是 破 妄 之 餘 
X13n0285_001:0235b16	陣耳故應以顯真為正破妄為傍也復分為二初	陣 耳 故 應 以 顯 真 為 正 破 妄 為 傍 也 復 分 為 二 初 
X13n0285_001:0235b17	正示二本不離一心二委示心體不同妄執。初	正 示 二 本 不 離 一 心 二 委 示 心 體 不 同 妄 執 初 
X13n0285_001:0235b18	中二初當機申請二如來開示。今初。	中 二 初 當 機 申 請 二 如 來 開 示 今 初 
X13n0285_001:0235b19	爾時阿難在大眾中即從座起偏袒右肩右膝著地	爾 時 阿 難 在 大 眾 中 即 從 座 起 偏袒右肩 右膝著地 
X13n0285_001:0235b20	合掌恭敬而白佛言我是如來最小之弟蒙佛慈愛	合掌恭敬 而 白 佛 言 我 是 如 來 最 小 之 弟 蒙 佛 慈 愛 
X13n0285_001:0235b21	雖今出家猶恃嬌憐所以多聞未得無漏不能折伏	雖 今 出 家 猶 恃 嬌 憐 所 以 多 聞 未 得 無 漏 不 能 折 伏 
X13n0285_001:0235b22	娑毗羅呪為彼所轉溺於淫舍當由不知真際所詣	娑 毗 羅 呪 為 彼 所 轉 溺 於 淫 舍 當 由 不 知 真 際 所 詣 
X13n0285_001:0235b23	惟願世尊大慈哀愍開示我等奢摩他路令諸闡提	惟 願 世 尊 大 慈 哀 愍 開 示 我 等 奢 摩 他 路 令 諸 闡 提 
X13n0285_001:0235b24	隳彌戾車作是語已五體投地及諸大眾傾渴翹佇	隳 彌 戾 車 作是語已 五體投地 及 諸 大 眾 傾 渴 翹 佇 
X13n0285_001:0235c01	欽聞示誨。	欽 聞 示 誨 
X13n0285_001:0235c02	未得無漏者不但未至漏盡亦未得初果無漏真	未 得 無 漏 者 不 但 未 至 漏 盡 亦 未 得 初 果 無 漏 真 
X13n0285_001:0235c03	明也以初果分證無漏得道共戒則雖未斷欲愛	明 也 以 初 果 分 證 無 漏 得 道 共 戒 則 雖 未 斷 欲 愛 
X13n0285_001:0235c04	亦非淫呪之所能轉況前文七處妄執皆是見惑	亦 非 淫 呪 之 所 能 轉 況 前 文 七 處 妄 執 皆 是 見 惑 
X13n0285_001:0235c05	所攝舊云阿難先證初果恐未必然當以第三卷	所 攝 舊 云 阿 難 先 證 初 果 恐 未 必 然 當 以 第 三 卷 
X13n0285_001:0235c06	末圓悟藏性之時方為迹同初果故至第四卷中	末 圓 悟 藏 性 之 時 方 為 迹 同 初 果 故 至 第 四 卷 中 
X13n0285_001:0235c07	方云汝今已得須陀洹果耳真際者三德祕藏極	方 云 汝 今 已 得 須陀洹果 耳 真 際 者 三 德 祕 藏 極 
X13n0285_001:0235c08	則之理名為真際之家一心三止譬如能詣之路	則 之 理 名 為 真 際 之 家 一 心 三 止 譬 如 能 詣 之 路 
X13n0285_001:0235c09	人見但舉奢摩他名便欲割裂分判不知圓名舉	人 見 但 舉 奢 摩 他 名 便 欲 割 裂 分 判 不 知 圓 名 舉 
X13n0285_001:0235c10	一即三也闡提此云斷善根彌戾車此云惡知見	一 即 三 也 闡 提 此 云 斷 善 根 彌 戾 車 此 云 惡 知 見 
X13n0285_001:0235c11	不知性具圓宗執定佛性三無二有即是斷佛界	不 知 性 具 圓 宗 執 定 佛 性 三 無 二 有 即 是 斷 佛 界 
X13n0285_001:0235c12	之善根總名為惡知見。二如來開示二初瑞表	之 善 根 總 名 為 惡 知 見 二 如 來 開 示 二 初 瑞 表 
X13n0285_001:0235c13	真常二正示二本。今初。	真 常 二 正 示 二 本 今 初 
X13n0285_001:0235c14	爾時世尊從其面門放種種光其光晃曜如百千日	爾 時 世 尊 從 其 面 門 放 種 種 光 其 光 晃 曜 如 百 千 日 
X13n0285_001:0235c15	普佛世界六種震動如是十方微塵國土一時開現	普 佛 世 界 六種震動 如 是 十 方 微 塵 國 土 一 時 開 現 
X13n0285_001:0235c16	佛之威神令諸世界合成一界其世界中所有一切	佛 之 威 神 令 諸 世 界 合 成 一 界 其 世 界 中 所有一切 
X13n0285_001:0235c17	諸大菩薩皆住本國合掌承聽。	諸 大 菩 薩 皆 住 本 國 合 掌 承 聽 
X13n0285_001:0235c18	將欲正顯常住真心性淨明體故先放光現瑞以	將 欲 正 顯 常 住 真 心 性 淨 明 體 故 先 放 光 現 瑞 以 
X13n0285_001:0235c19	表示之面門者六根都聚之處又是向背之所從	表 示 之 面 門 者 六 根 都 聚 之 處 又 是 向 背 之 所 從 
X13n0285_001:0235c20	分於此放光欲令眾生背塵合覺故也蓋眾生背	分 於 此 放 光 欲 令 眾 生 背 塵 合 覺 故 也 蓋 眾 生 背 
X13n0285_001:0235c21	覺合塵起諸妄計所以七處咸非如來背塵合覺	覺 合 塵 起 諸 妄 計 所 以 七 處 咸 非 如 來 背 塵 合 覺 
X13n0285_001:0235c22	妙契真常所以六根皆是如百千日者照萬法以	妙 契 真 常 所 以 六 根 皆 是 如 百 千 日 者 照 萬 法 以 
X13n0285_001:0235c23	無遺也六種震動者破昏聵而令覺也十方開現	無 遺 也 六種震動 者 破 昏 聵 而 令 覺 也 十 方 開 現 
X13n0285_001:0235c24	合成一界者迷於妄則無同異中熾然成異悟其	合 成 一 界 者 迷 於 妄 則 無 同 異 中 熾 然 成 異 悟 其 
X13n0285_001:0236a01	真則一切差別性無差別也菩薩皆住本國者不	真 則 一 切 差 別 性無差別 也 菩 薩 皆 住 本 國 者 不 
X13n0285_001:0236a02	動法界也合掌承聽者咸契真源也瑞之所表全	動 法 界 也 合 掌 承 聽 者 咸 契 真 源 也 瑞 之 所 表 全 
X13n0285_001:0236a03	彰妙法利根之士觸目會心為不了者再申言辨	彰 妙 法 利 根 之 士 觸 目 會 心 為 不 了 者 再 申 言 辨 
X13n0285_001:0236a04	耳。六種震動謂動踊起震吼擊也前三屬形後	耳 六種震動 謂 動 踊 起 震 吼 擊 也 前 三 屬 形 後 
X13n0285_001:0236a05	三屬聲即表諸佛形聲兩益。二正示二本。	三 屬 聲 即 表 諸 佛 形 聲 兩 益 二 正 示 二 本 
X13n0285_001:0236a06	佛告阿難一切眾生從無始來種種顛倒業種自然	佛 告 阿 難 一 切 眾 生 從無始來 種 種 顛 倒 業 種 自 然 
X13n0285_001:0236a07	如惡叉聚諸修行人不能得成無上菩提乃至別成	如 惡 叉 聚 諸 修 行 人 不 能 得 成 無上菩提 乃 至 別 成 
X13n0285_001:0236a08	聲聞緣覺及成外道諸天魔王及魔眷屬皆由不知	聲 聞 緣 覺 及 成 外 道 諸 天 魔 王 及 魔 眷 屬 皆 由 不 知 
X13n0285_001:0236a09	二種根本錯亂修習猶如煑沙欲成嘉饌縱經塵劫	二 種 根 本 錯 亂 修 習 猶 如 煑 沙 欲 成 嘉 饌 縱 經 塵 劫 
X13n0285_001:0236a10	終不能得云何二種阿難一者無始生死根本則汝	終 不 能 得 云 何 二 種 阿 難 一 者 無始生死 根 本 則 汝 
X13n0285_001:0236a11	今者與諸眾生用攀緣心為自性者二者無始菩提	今 者 與 諸 眾 生 用 攀 緣 心 為 自 性 者 二 者 無 始 菩 提 
X13n0285_001:0236a12	涅槃元清淨體則汝今者識精元明能生諸緣緣所	涅 槃 元 清 淨 體 則 汝 今 者 識 精 元 明 能 生 諸 緣 緣 所 
X13n0285_001:0236a13	遺者由諸眾生遺此本明雖終日行而不自覺枉入	遺 者 由 諸 眾 生 遺 此 本 明 雖 終 日 行 而 不 自 覺 枉 入 
X13n0285_001:0236a14	諸趣。	諸 趣 
X13n0285_001:0236a15	前已總明一切眾生生死相續皆由不知常住真	前 已 總 明 一 切 眾 生 生 死 相 續 皆 由 不 知 常 住 真 
X13n0285_001:0236a16	心性淨明體用諸妄想此想不真故有輪轉然猶	心 性 淨 明 體 用 諸 妄 想 此 想 不 真 故 有 輪 轉 然 猶 
X13n0285_001:0236a17	未曾分明說此真心妄想總無二體如麻之與蛇	未 曾 分 明 說 此 真 心 妄 想 總 無 二 體 如 麻 之 與 蛇 
X13n0285_001:0236a18	不離一繩今更申明二本不離一心使人不遺真	不 離 一 繩 今 更 申 明 二 本 不 離 一 心 使 人 不 遺 真 
X13n0285_001:0236a19	以逐妄須了妄以歸真也一切眾生泛指迷真逐	以 逐 妄 須 了 妄 以 歸 真 也 一 切 眾 生 泛 指 迷 真 逐 
X13n0285_001:0236a20	妄之流廣如下文七趣所列諸修行人別指厭妄	妄 之 流 廣 如 下 文 七 趣 所 列 諸 修 行 人 別 指 厭 妄 
X13n0285_001:0236a21	求真之士廣如下文陰魔所明惡叉西域果名此	求 真 之 士 廣 如 下 文 陰 魔 所 明 惡 叉 西 域 果 名 此 
X13n0285_001:0236a22	方所無聚者三必同生共成一聚以喻惑業苦三	方 所 無 聚 者 三 必 同 生 共 成 一 聚 以 喻 惑 業 苦 三 
X13n0285_001:0236a23	始終不相離也不成無上菩提指權教菩薩別成	始 終 不 相 離 也 不 成 無上菩提 指 權 教 菩 薩 別 成 
X13n0285_001:0236a24	聲聞緣覺指藏通二乘餘皆可知此之二流雖復	聲 聞 緣 覺 指 藏 通 二 乘 餘 皆 可 知 此 之 二 流 雖 復 
X13n0285_001:0236b01	一是任迷一是趨悟賢愚迥然不同而未達真妄	一 是 任 迷 一 是 趨 悟 賢 愚 迥 然 不 同 而 未 達 真 妄 
X13n0285_001:0236b02	源頭無有始覺真智則一而已故總責云皆由不	源 頭 無 有 始 覺 真 智 則 一 而 已 故 總 責 云 皆 由 不 
X13n0285_001:0236b03	知二種根本也沙喻依他性上所起徧計執性饌	知 二 種 根 本 也 沙 喻 依 他 性 上 所 起 徧 計 執 性 饌 
X13n0285_001:0236b04	喻依他性上所具圓成實性不捨徧計那獲圓成	喻 依 他 性 上 所 具 圓成實性 不 捨 徧 計 那 獲 圓 成 
X13n0285_001:0236b05	塵劫勤修總為唐喪可不慎哉攀者能緣之心即	塵 劫 勤 修 總 為 唐 喪 可 不 慎 哉 攀 者 能 緣 之 心 即 
X13n0285_001:0236b06	八種識各有見分緣者所攀之境即八種識各有	八 種 識 各 有 見 分 緣 者 所 攀 之 境 即 八 種 識 各 有 
X13n0285_001:0236b07	相分依八種識之自證分起此見相二分是名依	相 分 依 八 種 識 之 自 證 分 起 此 見 相 二 分 是 名 依 
X13n0285_001:0236b08	他起性不了此之心境惟是八識自證所現橫起	他 起 性 不 了 此 之 心 境 惟 是 八 識 自 證 所 現 橫 起 
X13n0285_001:0236b09	我法二執是名用攀緣心為自性者即所謂妄認	我 法 二 執 是 名 用 攀 緣 心 為 自 性 者 即 所 謂 妄 認 
X13n0285_001:0236b10	四大為自身相妄認六塵緣影為自心相等是也	四 大 為 自 身 相 妄 認 六 塵 緣 影 為 自 心 相 等 是 也 
X13n0285_001:0236b11	以此為無始生死根本者由不達心境悉無自性	以 此 為 無始生死 根 本 者 由 不 達 心 境 悉 無 自 性 
X13n0285_001:0236b12	即是常住真心性淨明體所以凡夫起於貪著攀	即 是 常 住 真 心 性 淨 明 體 所 以 凡 夫 起 於 貪 著 攀 
X13n0285_001:0236b13	三界六塵之緣則為分段生死根本二乘起於厭	三 界 六 塵 之 緣 則 為 分段生死 根 本 二 乘 起 於 厭 
X13n0285_001:0236b14	惡別攀真諦涅槃之緣菩薩雙捨二邊別攀但中	惡 別 攀 真 諦 涅 槃 之 緣 菩 薩 雙 捨 二 邊 別 攀 但 中 
X13n0285_001:0236b15	理性之緣則為變易生死根本也菩提者四種智	理 性 之 緣 則 為 變易生死 根 本 也 菩 提 者 四 種 智 
X13n0285_001:0236b16	德之果涅槃者三種斷德之果元清淨體者性本	德 之 果 涅 槃 者 三 種 斷 德 之 果 元 清 淨 體 者 性 本 
X13n0285_001:0236b17	清淨不待修證而後淨也識精通指八識各自精	清 淨 不 待 修 證 而 後 淨 也 識 精 通 指 八 識 各 自 精 
X13n0285_001:0236b18	了所謂自證分也元明總指八識所依一心所謂	了 所 謂 自 證 分 也 元 明 總 指 八 識 所 依 一 心 所 謂 
X13n0285_001:0236b19	證自證分也然非分剖一心以為八个證自證分	證 自 證 分 也 然 非 分 剖 一 心 以 為 八 个 證 自 證 分 
X13n0285_001:0236b20	亦非八識共只一个證自證分良由心體離過絕	亦 非 八 識 共 只 一 个 證 自 證 分 良 由 心 體 離 過 絕 
X13n0285_001:0236b21	非不可思議只此元明之體徧在八識八識各得	非 不可思議 只 此 元 明 之 體 徧 在 八 識 八 識 各 得 
X13n0285_001:0236b22	其全以為證自識分如八人同觀一輪圓月行向	其 全 以 為 證 自 識 分 如 八 人 同 觀 一 輪 圓 月 行 向 
X13n0285_001:0236b23	八方各有全月隨八人去亦非分為八分亦非共	八 方 各 有 全 月 隨 八 人 去 亦 非 分 為 八 分 亦 非 共 
X13n0285_001:0236b24	看一月思之思之能生諸緣謂依此自證及證自	看 一 月 思 之 思 之 能 生 諸 緣 謂 依 此 自 證 及 證 自 
X13n0285_001:0236c01	證能成見相二分也見分具於四緣謂親因緣等	證 能 成 見 相 二 分 也 見 分 具 於 四 緣 謂 親 因 緣 等 
X13n0285_001:0236c02	無間緣所緣緣增上緣相分具於二緣謂親因緣	無 間 緣 所 緣 緣 增 上 緣 相 分 具 於 二 緣 謂 親 因 緣 
X13n0285_001:0236c03	增上緣也緣所遺者謂此自證證自證分既舉體	增 上 緣 也 緣 所 遺 者 謂 此 自 證 證 自 證 分 既 舉 體 
X13n0285_001:0236c04	幻成見相二分則自體便成隱沒如舉麻之全體	幻 成 見 相 二 分 則 自 體 便 成 隱 沒 如 舉 麻 之 全 體 
X13n0285_001:0236c05	成繩則人但見其為繩不復以為麻矣然既舉自	成 繩 則 人 但 見 其 為 繩 不 復 以 為 麻 矣 然 既 舉 自 
X13n0285_001:0236c06	證而為見相則見相無非自證如舉麻為繩繩即	證 而 為 見 相 則 見 相 無 非 自 證 如 舉 麻 為 繩 繩 即 
X13n0285_001:0236c07	是麻今正指此即見相之自證以為菩提涅槃元	是 麻 今 正 指 此 即 見 相 之 自 證 以 為 菩 提 涅 槃 元 
X13n0285_001:0236c08	清淨體故曰緣所遺者而下文云此見及緣元是	清 淨 體 故 曰 緣 所 遺 者 而 下 文 云 此 見 及 緣 元 是 
X13n0285_001:0236c09	菩提妙淨明體亦與此處同也指第八識即大圓	菩 提 妙 淨 明 體 亦 與 此 處 同 也 指 第 八 識 即 大 圓 
X13n0285_001:0236c10	鏡智菩提元清淨體指第七識即平等性智菩提	鏡 智 菩 提 元 清 淨 體 指 第 七 識 即 平等性智 菩 提 
X13n0285_001:0236c11	元清淨體指第六識即妙觀察智菩提元清淨體	元 清 淨 體 指 第 六 識 即 妙觀察智 菩 提 元 清 淨 體 
X13n0285_001:0236c12	指前五識即成所作智菩提元清淨體此則四智	指 前 五 識 即 成所作智 菩 提 元 清 淨 體 此 則 四 智 
X13n0285_001:0236c13	菩提亦是本具不同相宗權說謂是生因所生也	菩 提 亦 是 本 具 不 同 相 宗 權 說 謂 是 生 因 所 生 也 
X13n0285_001:0236c14	指徧計本空我法自性了不可得如繩上本無蛇	指 徧 計 本 空 我 法 自 性 了 不 可 得 如 繩 上 本 無 蛇 
X13n0285_001:0236c15	性即圓淨涅槃元清淨體指依他如幻十界假名	性 即 圓 淨 涅 槃 元 清 淨 體 指 依 他 如 幻 十 界 假 名 
X13n0285_001:0236c16	無量差別如麻可為繩即方便淨涅槃元清淨體	無量差別 如 麻 可 為 繩 即 方 便 淨 涅 槃 元 清 淨 體 
X13n0285_001:0236c17	指圓成本具法法全真如繩即是麻即性淨涅槃	指 圓 成 本 具 法 法 全 真 如 繩 即 是 麻 即 性 淨 涅 槃 
X13n0285_001:0236c18	元清淨體所以二種根本不離一心悟見相惟自	元 清 淨 體 所 以 二 種 根 本 不 離 一 心 悟 見 相 惟 自 
X13n0285_001:0236c19	證譬如了繩即麻則是菩提涅槃迷見相為我法	證 譬 如 了 繩 即 麻 則 是 菩 提 涅 槃 迷 見 相 為 我 法 
X13n0285_001:0236c20	譬如於繩見蛇則成生死根本故曰遺此本明雖	譬 如 於 繩 見 蛇 則 成 生 死 根 本 故 曰 遺 此 本 明 雖 
X13n0285_001:0236c21	終日行而不自覺枉入諸趣此一經最要之關佛	終 日 行 而 不 自 覺 枉 入 諸 趣 此 一 經 最 要 之 關 佛 
X13n0285_001:0236c22	祖傳心之訣也舊解以攀緣心偏指六識必欲破	祖 傳 心 之 訣 也 舊 解 以 攀 緣 心 偏 指 六 識 必 欲 破 
X13n0285_001:0236c23	除六識令盡則果中將何以為妙觀察智成所作	除 六 識 令 盡 則 果 中 將 何 以 為 妙觀察智 成 所 作 
X13n0285_001:0236c24	智之體一可痛也以識精偏指第八必欲專用之	智 之 體 一 可 痛 也 以 識 精 偏 指 第 八 必 欲 專 用 之 
X13n0285_001:0237a01	以為體則是無量劫來生死本癡人認作本來人	以 為 體 則 是 無 量 劫 來 生 死 本 癡 人 認 作 本 來 人 
X13n0285_001:0237a02	二可痛也況今文義本自彰灼而紛紛妄解誣罔	二 可 痛 也 況 今 文 義 本 自 彰 灼 而 紛 紛 妄 解 誣 罔 
X13n0285_001:0237a03	經宗何為者乎。二委示心體不同妄執四初重	經 宗 何 為 者 乎 二 委 示 心 體 不 同 妄 執 四 初 重 
X13n0285_001:0237a04	斥妄計非心二正示真心有體三委明分別無性	斥 妄 計 非 心 二 正 示 真 心 有 體 三 委 明 分 別 無 性 
X13n0285_001:0237a05	四總斥從來誤執。今初。	四 總 斥 從 來 誤 執 今 初 
X13n0285_001:0237a06	阿難汝今欲知奢摩他路願出生死今復問汝即時	阿 難 汝 今 欲 知 奢 摩 他 路 願 出 生 死 今 復 問 汝 即 時 
X13n0285_001:0237a07	如來舉金色臂屈五輪指語阿難言汝今見不阿難	如 來 舉 金 色 臂 屈 五 輪 指 語 阿 難 言 汝 今 見 不 阿 難 
X13n0285_001:0237a08	言見佛言汝何所見阿難言我見如來舉臂屈指為	言 見 佛 言 汝 何 所 見 阿 難 言 我 見 如 來 舉 臂 屈 指 為 
X13n0285_001:0237a09	光明拳曜我心目佛言汝將誰見阿難言我與大眾	光 明 拳 曜 我 心 目 佛 言 汝 將 誰 見 阿 難 言 我 與 大 眾 
X13n0285_001:0237a10	同將眼見佛告阿難汝今答我如來屈指為光明拳	同 將 眼 見 佛 告 阿 難 汝 今 答 我 如 來 屈 指 為 光 明 拳 
X13n0285_001:0237a11	曜汝心目汝目可見以何為心當我拳曜阿難言如	曜 汝 心 目 汝 目 可 見 以 何 為 心 當 我 拳 曜 阿 難 言 如 
X13n0285_001:0237a12	來現今徵心所在而我以心推窮尋逐即能推者我	來 現 今 徵 心 所 在 而 我 以 心 推 窮 尋 逐 即 能 推 者 我 
X13n0285_001:0237a13	將為心佛言咄阿難此非汝心阿難矍然避座合掌	將 為 心 佛 言 咄 阿 難 此 非 汝 心 阿 難 矍 然 避 座 合 掌 
X13n0285_001:0237a14	起立白佛此非我心當名何等佛告阿難此是前塵	起 立 白 佛 此 非 我 心 當 名 何 等 佛 告 阿 難 此 是 前 塵 
X13n0285_001:0237a15	虗妄相想惑汝真性由汝無始至於今生認賊為子	虗 妄 相 想 惑 汝 真 性 由 汝 無 始 至 於 今 生 認 賊 為 子 
X13n0285_001:0237a16	失汝元常故受輪轉。	失 汝 元 常 故 受 輪 轉 
X13n0285_001:0237a17	前塵虗妄相想正圓覺所謂六塵緣影是也六塵	前 塵 虗 妄 相 想 正 圓 覺 所 謂 六 塵 緣 影 是 也 六 塵 
X13n0285_001:0237a18	是識家相分今此但是六塵之影現於見分中者	是 識 家 相 分 今 此 但 是 六 塵 之 影 現 於 見 分 中 者 
X13n0285_001:0237a19	尚非識之見分況是自證證自證耶而誤認以為	尚 非 識 之 見 分 況 是 自 證 證 自 證 耶 而 誤 認 以 為 
X13n0285_001:0237a20	心非惟不是真心亦復不是妄心矣故直斥之曰	心 非 惟 不 是 真 心 亦 復 不 是 妄 心 矣 故 直 斥 之 曰 
X13n0285_001:0237a21	此非汝心也若夫識之見分則靈明昭徹無體無	此 非 汝 心 也 若 夫 識 之 見 分 則 靈 明 昭 徹 無 體 無 
X13n0285_001:0237a22	相雖全在妄亦更無此影像可得故下文云含吐	相 雖 全 在 妄 亦 更 無 此 影 像 可 得 故 下 文 云 含 吐 
X13n0285_001:0237a23	十虗寧有方所也是知阿難所計雖曰能推實則	十 虗 寧 有 方 所 也 是 知 阿 難 所 計 雖 曰 能 推 實 則 
X13n0285_001:0237a24	僅是所推影子決非真能推者以能推者實無體	僅 是 所 推 影 子 決 非 真 能 推 者 以 能 推 者 實 無 體 
X13n0285_001:0237b01	相可得故也後世不達即指此緣影以為六識其	相 可 得 故 也 後 世 不 達 即 指 此 緣 影 以 為 六 識 其 
X13n0285_001:0237b02	亦不知六識甚矣。二正示真心有體。	亦 不 知 六 識 甚 矣 二 正 示 真 心 有 體 
X13n0285_001:0237b03	阿難白佛言世尊我佛寵弟心愛佛故令我出家我	阿 難 白 佛 言 世 尊 我 佛 寵 弟 心 愛 佛 故 令 我 出 家 我 
X13n0285_001:0237b04	心何獨供養如來乃至徧歷恒沙國土承事諸佛及	心 何 獨 供養如來 乃 至 徧 歷 恒 沙 國 土 承 事 諸 佛 及 
X13n0285_001:0237b05	善知識發大勇猛行諸一切難行法事皆用此心縱	善 知 識 發 大 勇 猛 行 諸 一 切 難 行 法 事 皆 用 此 心 縱 
X13n0285_001:0237b06	令謗法永退善根亦因此心若此發明不是心者我	令 謗 法 永 退 善 根 亦 因 此 心 若 此 發 明 不 是 心 者 我 
X13n0285_001:0237b07	乃無心同諸土木離此覺知更無所有云何如來說	乃 無 心 同 諸 土 木 離 此 覺 知 更 無 所 有 云 何 如 來 說 
X13n0285_001:0237b08	此非心我實驚怖兼此大眾無不疑惑惟垂大悲開	此 非 心 我 實 驚 怖 兼 此 大 眾 無 不 疑 惑 惟 垂 大 悲 開 
X13n0285_001:0237b09	示未悟爾時世尊開示阿難及諸大眾欲令心入無	示 未 悟 爾 時 世 尊 開 示 阿 難 及 諸 大 眾 欲 令 心 入 無 
X13n0285_001:0237b10	生法忍於師子座摩阿難頂而告之言如來常說諸	生 法 忍 於 師 子 座 摩 阿 難 頂 而 告 之 言 如 來 常 說 諸 
X13n0285_001:0237b11	法所生唯心所現一切因果世界微塵因心成體阿	法 所 生 唯 心 所 現 一 切 因 果 世 界 微 塵 因 心 成 體 阿 
X13n0285_001:0237b12	難若諸世界一切所有其中乃至草葉縷結詰其根	難 若 諸 世 界 一 切 所 有 其 中 乃 至 草 葉 縷 結 詰 其 根 
X13n0285_001:0237b13	元咸有體性縱令虗空亦有名貌何況清淨妙淨明	元 咸 有 體 性 縱 令 虗 空 亦 有 名 貌 何 況 清 淨 妙 淨 明 
X13n0285_001:0237b14	心性一切心而自(豈)無體(乎)。	心 性 一 切 心 而 自 豈 無 體 乎 
X13n0285_001:0237b15	此阿難疑心是無而如來答心有體也由其久執	此 阿 難 疑 心 是 無 而 如 來 答 心 有 體 也 由 其 久 執 
X13n0285_001:0237b16	緣影故擘頭一奪番疑斷滅詎思只此怖斷滅者	緣 影 故 擘 頭 一 奪 番 疑 斷 滅 詎 思 只 此 怖 斷 滅 者 
X13n0285_001:0237b17	還可斷滅得否入無生法忍者入字約脩證言無	還 可 斷 滅 得 否 入 無生法忍 者 入 字 約 脩 證 言 無 
X13n0285_001:0237b18	生法約理性言忍字約地位言無生法性終始無	生 法 約 理 性 言 忍 字 約 地 位 言 無生法性 終 始 無 
X13n0285_001:0237b19	殊約入約忍則始於名字終於究竟也此是第一	殊 約 入 約 忍 則 始 於 名 字 終 於 究 竟 也 此 是 第 一 
X13n0285_001:0237b20	番徹底顯性之文妙則中道法身淨則解脫俗諦	番 徹 底 顯 性 之 文 妙 則 中 道 法 身 淨 則 解 脫 俗 諦 
X13n0285_001:0237b21	明則般若真諦三德祕藏可謂和盤托出矣性一	明 則 般 若 真 諦 三 德 祕 藏 可 謂 和 盤 托 出 矣 性 一 
X13n0285_001:0237b22	切心者猶云徧為一切心之本性。三委明分別	切 心 者 猶 云 徧 為 一 切 心 之 本 性 三 委 明 分 別 
X13n0285_001:0237b23	無性。	無 性 
X13n0285_001:0237b24	若汝執恡分別覺觀所了知性必為心者此心即應	若 汝 執 恡 分 別 覺 觀 所 了 知 性 必 為 心 者 此 心 即 應 
X13n0285_001:0237c01	離諸一切色香味觸諸塵事業別有全性如汝今者	離 諸 一 切 色香味觸 諸 塵 事 業 別 有 全 性 如 汝 今 者 
X13n0285_001:0237c02	承聽我法此則因聲而有分別縱滅一切見聞覺知	承 聽 我 法 此 則 因 聲 而 有 分 別 縱 滅 一 切 見聞覺知 
X13n0285_001:0237c03	內守幽閑猶為法塵分別影事我非敕汝執為非心	內 守 幽 閑 猶 為 法 塵 分 別 影 事 我 非 敕 汝 執 為 非 心 
X13n0285_001:0237c04	但汝於心微細揣摩若離前塵有分別性即真汝心	但 汝 於 心 微 細 揣 摩 若 離 前 塵 有 分 別 性 即 真 汝 心 
X13n0285_001:0237c05	若分別性離塵無體斯則前塵分別影事塵非常住	若 分 別 性 離 塵 無 體 斯 則 前 塵 分 別 影 事 塵 非 常 住 
X13n0285_001:0237c06	若變滅時此心則同龜毛兔角則汝法身同於斷滅	若 變 滅 時 此 心 則 同 龜 毛 兔 角 則 汝 法 身 同 於 斷 滅 
X13n0285_001:0237c07	其誰修證無生法忍即時阿難與諸大眾默然自失。	其 誰 修 證 無生法忍 即 時 阿 難 與 諸 大 眾 默 然 自 失 
X13n0285_001:0237c08	此兩番縱奪以明分別無自性也初十六字是總	此 兩 番 縱 奪 以 明 分 別 無 自 性 也 初 十 六 字 是 總 
X13n0285_001:0237c09	牒執恡者固執而不捨也所了知者意顯彼之所	牒 執 恡 者 固 執 而 不 捨 也 所 了 知 者 意 顯 彼 之 所 
X13n0285_001:0237c10	執緣影雖自以為是能了知實則但是所了知者	執 緣 影 雖 自 以 為 是 能 了 知 實 則 但 是 所 了 知 者 
X13n0285_001:0237c11	非真能了知也此心即應至別有全性是初一番	非 真 能 了 知 也 此 心 即 應 至 別 有 全 性 是 初 一 番 
X13n0285_001:0237c12	縱如汝今者至分別影事是初一番奪不惟聽法	縱 如 汝 今 者 至 分 別 影 事 是 初 一 番 奪 不 惟 聽 法 
X13n0285_001:0237c13	時之分別全因聲有縱令六根不緣外塵內守幽	時 之 分 別 全 因 聲 有 縱 令 六 根 不 緣 外 塵 內 守 幽 
X13n0285_001:0237c14	清閒曠境界仍是獨頭意識所緣內法塵境而已	清 閒 曠 境 界 仍 是 獨 頭 意識所緣 內 法 塵 境 而 已 
X13n0285_001:0237c15	此則從未到定至非非想皆是法塵分別影事所	此 則 從 未 到 定 至 非 非 想 皆 是 法 塵 分 別 影 事 所 
X13n0285_001:0237c16	攝今時闇證謬謂是本來面目空劫前事威音那	攝 今 時 闇 證 謬 謂 是 本 來 面 目 空 劫 前 事 威 音 那 
X13n0285_001:0237c17	畔向上鼻孔亦太癡矣次我非敕汝至即真汝心	畔 向 上 鼻 孔 亦 太 癡 矣 次 我 非 敕 汝 至 即 真 汝 心 
X13n0285_001:0237c18	是第二番縱言我既不許汝謬計為心亦不敕汝	是 第 二 番 縱 言 我 既 不 許 汝 謬 計 為 心 亦 不 敕 汝 
X13n0285_001:0237c19	執為非心以心外無法則此分別塵影亦是唯心	執 為 非 心 以 心 外 無 法 則 此 分 別 塵 影 亦 是 唯 心 
X13n0285_001:0237c20	所現因心成體之物故執為心是認賊為子執為	所 現 因 心 成 體 之 物 故 執 為 心 是 認 賊 為 子 執 為 
X13n0285_001:0237c21	非心是離波求水皆不可也若分別性下是第二	非 心 是 離 波 求 水 皆 不 可 也 若 分 別 性 下 是 第 二 
X13n0285_001:0237c22	番奪若決定執此為心則心反成斷滅而法界修	番 奪 若 決 定 執 此 為 心 則 心 反 成 斷 滅 而 法 界 修 
X13n0285_001:0237c23	證俱不可得矣此大眾所以不知下落而默然自	證 俱 不 可 得 矣 此 大 眾 所 以 不 知 下 落 而 默 然 自 
X13n0285_001:0237c24	失也。四總斥從來誤執。	失 也 四 總 斥 從 來 誤 執 
X13n0285_001:0238a01	佛告阿難世間一切諸修學人現前雖成九次第定	佛 告 阿 難 世 間 一 切 諸 修 學 人 現 前 雖 成 九次第定 
X13n0285_001:0238a02	不得漏盡或阿羅漢皆由執此生死妄想誤為真實	不 得 漏 盡 或 阿 羅 漢 皆 由 執 此 生 死 妄 想 誤 為 真 實 
X13n0285_001:0238a03	是故汝今雖得多聞不成聖果。	是 故 汝 今 雖 得 多 聞 不 成 聖 果 
X13n0285_001:0238a04	九次第定者四禪四空并滅受想定為第九也前	九次第定 者 四 禪 四 空 并 滅受想定 為 第 九 也 前 
X13n0285_001:0238a05	之八定惟是有漏從有頂處遊觀無漏能令染末	之 八 定 惟 是 有 漏 從 有 頂 處 遊 觀 無 漏 能 令 染 末 
X13n0285_001:0238a06	那相應之受想伏而不行故名滅受想定三果聖	那 相 應 之 受 想 伏 而 不 行 故 名 滅受想定 三 果 聖 
X13n0285_001:0238a07	人能入此定亦名非學非無學定以其伏第七識	人 能 入 此 定 亦 名 非 學 非 無 學 定 以 其 伏 第 七 識 
X13n0285_001:0238a08	俱生我執故名非學以出定時非非想天一分微	俱 生 我 執 故 名 非 學 以 出 定 時 非 非 想 天 一 分 微 
X13n0285_001:0238a09	細我愛猶存故名非無學也由此非非想愛未斷	細 我 愛 猶 存 故 名 非 無 學 也 由 此 非 非 想 愛 未 斷 
X13n0285_001:0238a10	所以不得漏盡成阿羅漢而非非想愛亦即是此	所 以 不 得 漏 盡 成 阿 羅 漢 而 非 非 想 愛 亦 即 是 此 
X13n0285_001:0238a11	生死妄想而已又復應知生死妄想本無真實如	生 死 妄 想 而 已 又 復 應 知 生 死 妄 想 本 無 真 實 如 
X13n0285_001:0238a12	繩本非蛇凡夫誤以為真實而堅執之故有三界	繩 本 非 蛇 凡 夫 誤 以 為 真 實 而 堅 執 之 故 有 三 界 
X13n0285_001:0238a13	分段生死如乞丐之喜以為蛇二乘誤以為真實	分段生死 如 乞 丐 之 喜 以 為 蛇 二 乘 誤 以 為 真 實 
X13n0285_001:0238a14	而苦斷之故有出界變易生死如孩孺之怖以為	而 苦 斷 之 故 有 出 界 變易生死 如 孩 孺 之 怖 以 為 
X13n0285_001:0238a15	蛇惟圓頓行人了達妄想無性則不生貪著不須	蛇 惟 圓 頓 行 人 了 達 妄 想 無 性 則 不 生 貪 著 不 須 
X13n0285_001:0238a16	斷除而狂心頓歇歇即菩提矣訶云不成聖果明	斷 除 而 狂 心 頓 歇 歇 即 菩 提 矣 訶 云 不 成 聖 果 明 
X13n0285_001:0238a17	知未證初果舊云證初果者謬也。二別就見精	知 未 證 初 果 舊 云 證 初 果 者 謬 也 二 別 就 見 精 
X13n0285_001:0238a18	顯性二初領旨哀請二正垂開示。今初。	顯 性 二 初 領 旨 哀 請 二 正 垂 開 示 今 初 
X13n0285_001:0238a19	阿難聞已重復悲淚五體投地長跪合掌而白佛言	阿 難 聞 已 重 復 悲 淚 五體投地 長 跪 合 掌 而 白 佛 言 
X13n0285_001:0238a20	自我從佛發心出家恃佛威神常自思惟無勞我修	自 我 從 佛 發 心 出 家 恃 佛 威 神 常 自 思 惟 無 勞 我 修 
X13n0285_001:0238a21	將謂如來惠我三昧不知身心本不相代失我本心	將 謂 如 來 惠 我 三 昧 不 知 身 心 本 不 相 代 失 我 本 心 
X13n0285_001:0238a22	雖身出家心不入道譬如窮子捨父逃逝今日乃知	雖 身 出 家 心 不 入 道 譬 如 窮 子 捨 父 逃 逝 今 日 乃 知 
X13n0285_001:0238a23	雖有多聞若不修行與不聞等如人說食終不能飽	雖 有 多 聞 若 不 修 行 與 不 聞 等 如 人 說 食 終 不 能 飽 
X13n0285_001:0238a24	世尊我等今者二障所纏良由不知寂常心性惟願	世 尊 我 等 今 者 二 障 所 纏 良 由 不 知 寂 常 心 性 惟 願 
X13n0285_001:0238b01	如來哀愍窮露發妙明心開我道眼。	如 來 哀 愍 窮 露 發 妙 明 心 開 我 道 眼 
X13n0285_001:0238b02	子譬始覺父譬本覺迷本覺而起妄覺妄覺從本	子 譬 始 覺 父 譬 本 覺 迷 本 覺 而 起 妄 覺 妄 覺 從 本 
X13n0285_001:0238b03	覺生義之如子只此妄覺就是始覺之性但以背	覺 生 義 之 如 子 只 此 妄 覺 就 是 始 覺 之 性 但 以 背 
X13n0285_001:0238b04	覺合塵譬以捨父逃逝而枉受貧窮若能背塵合	覺 合 塵 譬 以 捨 父 逃 逝 而 枉 受 貧 窮 若 能 背 塵 合 
X13n0285_001:0238b05	覺則客作賤人即長者真子矣二障者一煩惱障	覺 則 客 作 賤 人 即 長 者 真 子 矣 二 障 者 一 煩 惱 障 
X13n0285_001:0238b06	即是見思二所知障亦名智障即無明塵沙通而	即 是 見 思 二 所 知 障 亦 名 智 障 即 無 明 塵 沙 通 而 
X13n0285_001:0238b07	言之二皆可稱煩惱見思是界內煩惱無明塵沙	言 之 二 皆 可 稱 煩 惱 見 思 是 界 內 煩 惱 無 明 塵 沙 
X13n0285_001:0238b08	是界外煩惱二皆可名智障見思障一切智塵沙	是 界 外 煩 惱 二 皆 可 名 智 障 見 思 障 一 切 智 塵 沙 
X13n0285_001:0238b09	障道種智無明障一切種智別而收之見思招感	障 道 種 智 無 明 障 一切種智 別 而 收 之 見 思 招 感 
X13n0285_001:0238b10	分段生死煩惱義強塵沙無明覆權實理障智義	分段生死 煩 惱 義 強 塵 沙 無 明 覆 權 實 理 障 智 義 
X13n0285_001:0238b11	強也由其不知寂常心性所以妄被二障所纏若	強 也 由 其 不 知 寂 常 心 性 所 以 妄 被 二 障 所 纏 若 
X13n0285_001:0238b12	達心性寂常則二障亦本寂常矣故今但求顯發	達 心 性 寂 常 則 二 障 亦 本 寂 常 矣 故 今 但 求 顯 發 
X13n0285_001:0238b13	其本妙明心則道眼自開也。二正垂開示二初	其 本 妙 明 心 則 道 眼 自 開 也 二 正 垂 開 示 二 初 
X13n0285_001:0238b14	現瑞許說二正示見性。今初。	現 瑞 許 說 二 正 示 見 性 今 初 
X13n0285_001:0238b15	即時如來從胸卍字涌出寶光其光晃昱有百千色	即 時 如 來 從 胸 卍 字 涌 出 寶 光 其 光 晃 昱 有 百 千 色 
X13n0285_001:0238b16	十方微塵普佛世界一時周徧徧灌十方所有寶剎	十 方 微 塵 普 佛 世 界 一 時 周 徧 徧 灌 十 方 所 有 寶 剎 
X13n0285_001:0238b17	諸如來頂旋至阿難及諸大眾告阿難言吾今為汝	諸 如 來 頂 旋 至 阿 難 及 諸 大 眾 告 阿 難 言 吾 今 為 汝 
X13n0285_001:0238b18	建大法幢亦令十方一切眾生獲妙微密性淨明心	建 大 法 幢 亦 令 十 方 一 切 眾 生 獲 妙 微 密 性 淨 明 心 
X13n0285_001:0238b19	得清淨眼。	得 清 淨 眼 
X13n0285_001:0238b20	從胸卍字涌出寶光者表示寂常心性本有光明	從 胸 卍 字 涌 出 寶 光 者 表 示 寂 常 心 性 本 有 光 明 
X13n0285_001:0238b21	也妙心真體雖不在內而內亦無所不在是故達	也 妙 心 真 體 雖 不 在 內 而 內 亦 無 所 不 在 是 故 達 
X13n0285_001:0238b22	法界之全體一塵者即一塵而全體法界故得光	法 界 之 全 體 一 塵 者 即 一 塵 而 全 體 法 界 故 得 光 
X13n0285_001:0238b23	流無外非妄計之心可擬議也其光晃昱有百千	流 無 外 非 妄 計 之 心 可 擬 議 也 其 光 晃 昱 有 百 千 
X13n0285_001:0238b24	色者表示一念心中具足百界千如實相真明也	色 者 表 示 一 念 心 中 具 足 百 界 千 如 實 相 真 明 也 
X13n0285_001:0238c01	普佛世界一時周徧者表示此心本自豎窮橫徧	普 佛 世 界 一 時 周 徧 者 表 示 此 心 本 自 豎 窮 橫 徧 
X13n0285_001:0238c02	也徧灌諸如來頂者表示諸佛所證頂法不過證	也 徧 灌 諸 如 來 頂 者 表 示 諸 佛 所 證 頂 法 不 過 證 
X13n0285_001:0238c03	此心體也旋至阿難及諸大眾者表示阿難大眾	此 心 體 也 旋 至 阿 難 及 諸 大 眾 者 表 示 阿 難 大 眾 
X13n0285_001:0238c04	同具此心與十方諸佛元平等也妙微密性淨明	同 具 此 心 與 十方諸佛 元 平 等 也 妙 微 密 性 淨 明 
X13n0285_001:0238c05	心者不可思議故曰妙真妄同體故曰微始終一	心 者 不可思議 故 曰 妙 真 妄 同 體 故 曰 微 始 終 一 
X13n0285_001:0238c06	致故曰密垢不能染曰性淨暗不能昏曰性明此	致 故 曰 密 垢 不 能 染 曰 性 淨 暗 不 能 昏 曰 性 明 此 
X13n0285_001:0238c07	之心體雖復人人本有迷時不知名之為失從迷	之 心 體 雖 復 人 人 本 有 迷 時 不 知 名 之 為 失 從 迷 
X13n0285_001:0238c08	歸悟名之為獲得清淨眼者永離眚翳了了見佛	歸 悟 名 之 為 獲 得 清 淨 眼 者 永 離 眚 翳 了 了 見 佛 
X13n0285_001:0238c09	性也由獲此心妙微密義則無明翳障本空佛眼	性 也 由 獲 此 心 妙 微 密 義 則 無 明 翳 障 本 空 佛 眼 
X13n0285_001:0238c10	清淨由獲此心性淨之義則塵沙翳障本空法眼	清 淨 由 獲 此 心 性 淨 之 義 則 塵 沙 翳 障 本 空 法 眼 
X13n0285_001:0238c11	清淨由獲此心性明之義則見思翳障本空慧眼	清 淨 由 獲 此 心 性 明 之 義 則 見 思 翳 障 本 空 慧 眼 
X13n0285_001:0238c12	清淨又獲此心妙微密義得知能障所障體是法	清 淨 又 獲 此 心 妙 微 密 義 得 知 能 障 所 障 體 是 法 
X13n0285_001:0238c13	界獲此心性淨之義二障圓消獲此心性明之義	界 獲 此 心 性 淨 之 義 二 障 圓 消 獲 此 心 性 明 之 義 
X13n0285_001:0238c14	五眼圓發也。二正示見性十初直指見性是心	五 眼 圓 發 也 二 正 示 見 性 十 初 直 指 見 性 是 心 
X13n0285_001:0238c15	非眼二約客塵顯見性不動三約觀河顯見性無	非 眼 二 約 客 塵 顯 見 性 不 動 三 約 觀 河 顯 見 性 無 
X13n0285_001:0238c16	遷四約垂手顯見性無減五約標指顯見性無還	遷 四 約 垂 手 顯 見 性 無 減 五 約 標 指 顯 見 性 無 還 
X13n0285_001:0238c17	六約周徧顯見性非物七約無是非是顯見性惟	六 約 周 徧 顯 見 性 非 物 七 約 無 是 非 是 顯 見 性 惟 
X13n0285_001:0238c18	真八約外道世諦對簡顯見性非因緣自然九約	真 八 約 外 道 世 諦 對 簡 顯 見 性 非 因 緣 自 然 九 約 
X13n0285_001:0238c19	二妄合明顯見性非見十破和合不和合餘疑顯	二 妄 合 明 顯 見 性 非 見 十 破 和 合 不 和 合 餘 疑 顯 
X13n0285_001:0238c20	見性離過絕非法爾現證問曰十番顯見創自交	見 性 離 過 絕 非 法 爾 現 證 問 曰 十 番 顯 見 創 自 交 
X13n0285_001:0238c21	光今既極破其說何得承用答曰寂音合論謂如	光 今 既 極 破 其 說 何 得 承 用 答 曰 寂 音 合 論 謂 如 
X13n0285_001:0238c22	來示阿難真見文有九段已啟其端交光巧取用	來 示 阿 難 真 見 文 有 九 段 已 啟 其 端 交 光 巧 取 用 
X13n0285_001:0238c23	之幽溪亦以十義顯見正是公心不掩他長有何	之 幽 溪 亦 以 十 義 顯 見 正 是 公 心 不 掩 他 長 有 何 
X13n0285_001:0238c24	過咎然今十段仍與三家稍別讀者詳之。初中	過 咎 然 今 十 段 仍 與 三 家 稍 別 讀 者 詳 之 初 中 
X13n0285_001:0239a01	二初以拳例見定其常情二引例破執正顯見性。	二 初 以 拳 例 見 定 其 常 情 二 引 例 破 執 正 顯 見 性 
X13n0285_001:0239a02	今初。	今 初 
X13n0285_001:0239a03	阿難汝先答我見光明拳此拳光明因何所有云何	阿 難 汝 先 答 我 見 光 明 拳 此 拳 光 明 因 何 所 有 云 何 
X13n0285_001:0239a04	成拳汝將誰見阿難言由佛全體閻浮檀金赩如寶	成 拳 汝 將 誰 見 阿 難 言 由 佛 全 體 閻浮檀金 赩 如 寶 
X13n0285_001:0239a05	山清淨所生故有光明我實眼觀五輪指端屈握示	山 清 淨 所 生 故 有 光 明 我 實 眼 觀 五 輪 指 端 屈 握 示 
X13n0285_001:0239a06	人故有拳相佛告阿難如來今日實言告汝諸有智	人 故 有 拳 相 佛 告 阿 難 如 來 今 日 實 言 告 汝 諸 有 智 
X13n0285_001:0239a07	者要以譬喻而得開悟阿難譬如我拳若無我手不	者 要 以 譬 喻 而 得 開 悟 阿 難 譬 如 我 拳 若 無 我 手 不 
X13n0285_001:0239a08	成我拳若無汝眼不成汝見以汝眼根例我拳理其	成 我 拳 若 無 汝 眼 不 成 汝 見 以 汝 眼 根 例 我 拳 理 其 
X13n0285_001:0239a09	義均不阿難言唯然世尊既無我眼不成我見以我	義 均 不 阿 難 言 唯 然 世 尊 既 無 我 眼 不 成 我 見 以 我 
X13n0285_001:0239a10	眼根例如來拳事義相類。	眼 根 例 如 來 拳 事 義 相 類 
X13n0285_001:0239a11	閻浮檀樹名也或云無翻此方所無或翻勝金果	閻 浮 檀 樹 名 也 或 云 無 翻 此 方 所 無 或 翻 勝 金 果 
X13n0285_001:0239a12	汁入水沙石成金此金赩然有光以喻佛身光明	汁 入 水 沙 石 成 金 此 金 赩 然 有 光 以 喻 佛 身 光 明 
X13n0285_001:0239a13	清淨也。二引例破執正顯見性。	清 淨 也 二 引 例 破 執 正 顯 見 性 
X13n0285_001:0239a14	佛告阿難汝言相類是義不然何以故如無手人拳	佛 告 阿 難 汝 言 相 類 是 義 不 然 何 以 故 如 無 手 人 拳 
X13n0285_001:0239a15	畢竟滅彼無眼者非見全無(猶云非全無見)所以者何汝試	畢 竟 滅 彼 無 眼 者 非 見 全 無 猶 云 非 全 無 見 所以者何 汝 試 
X13n0285_001:0239a16	於途詢問盲人汝何所見從諸盲人必來答汝我今	於 途 詢 問 盲 人 汝 何 所 見 從 諸 盲 人 必 來 答 汝 我 今 
X13n0285_001:0239a17	眼前惟見黑暗更無他矚以是義觀前塵自暗見何	眼 前 惟 見 黑 暗 更 無 他 矚 以 是 義 觀 前 塵 自 暗 見 何 
X13n0285_001:0239a18	虧損阿難言諸盲眼前唯覩黑暗云何成見佛告阿	虧 損 阿 難 言 諸 盲 眼 前 唯 覩 黑 暗 云 何 成 見 佛 告 阿 
X13n0285_001:0239a19	難諸盲無眼惟觀黑暗與有眼人處於暗室二黑有	難 諸 盲 無 眼 惟 觀 黑 暗 與 有 眼 人 處 於 暗 室 二 黑 有 
X13n0285_001:0239a20	別為無有別如是世尊此暗中人與彼羣盲二黑較	別 為 無 有 別 如 是 世 尊 此 暗 中 人 與 彼 羣 盲 二 黑 較 
X13n0285_001:0239a21	量曾無有異阿難若無眼人全見前黑忽得眼光還	量 曾 無 有 異 阿 難 若 無 眼 人 全 見 前 黑 忽 得 眼 光 還 
X13n0285_001:0239a22	於前塵見種種色名眼見者彼暗中人全見前黑忽	於 前 塵 見 種 種 色 名 眼 見 者 彼 暗 中 人 全 見 前 黑 忽 
X13n0285_001:0239a23	獲燈光亦於前塵見種種色應名燈見若燈見者燈	獲 燈 光 亦 於 前 塵 見 種 種 色 應 名 燈 見 若 燈 見 者 燈 
X13n0285_001:0239a24	能有見自不名燈又則燈觀何關汝事是故當知燈	能 有 見 自 不 名 燈 又 則 燈 觀 何 關 汝 事 是故當知 燈 
X13n0285_001:0239b01	能顯色如是見者是眼非燈眼能顯色如是見性是	能 顯 色 如 是 見 者 是 眼 非 燈 眼 能 顯 色 如 是 見 性 是 
X13n0285_001:0239b02	心非眼(此中三个前塵皆指浮塵眼根不指色塵)。	心 非 眼 此 中 三 个 前 塵 皆 指 浮 塵 眼 根 不 指 色 塵 
X13n0285_001:0239b03	此直指見性以為真心也人妄謂見是肉眼心是	此 直 指 見 性 以 為 真 心 也 人 妄 謂 見 是 肉 眼 心 是 
X13n0285_001:0239b04	緣影孰知肉眼決不能見緣影決不是心人謂眼	緣 影 孰 知 肉 眼 決 不 能 見 緣 影 決 不 是 心 人 謂 眼 
X13n0285_001:0239b05	在面上心在身中判然兩物孰知面上之眼非眼	在 面 上 心 在 身 中 判 然 兩 物 孰 知 面 上 之 眼 非 眼 
X13n0285_001:0239b06	身中之心非心而真心真眼總惟一體哉故前七	身 中 之 心 非 心 而 真 心 真 眼 總 惟 一 體 哉 故 前 七 
X13n0285_001:0239b07	處破緣影之非心今此一文破肉眼之無見是妄	處 破 緣 影 之 非 心 今 此 一 文 破 肉 眼 之 無 見 是 妄 
X13n0285_001:0239b08	計之心目總無所在也又今明見性即心則前明	計 之 心 目 總 無 所 在 也 又 今 明 見 性 即 心 則 前 明 
X13n0285_001:0239b09	一切唯心亦可云一切唯見是一體之心目總無	一 切 唯 心 亦 可 云 一 切 唯 見 是 一 體 之 心 目 總 無 
X13n0285_001:0239b10	所不統也當知此中所指盲而不盲之見性即是	所 不 統 也 當 知 此 中 所 指 盲 而 不 盲 之 見 性 即 是 
X13n0285_001:0239b11	下文無動搖無舒卷不皺不變妙明真精不可還	下 文 無 動 搖 無 舒 卷 不 皺 不 變 妙 明 真 精 不 可 還 
X13n0285_001:0239b12	不是物無舒縮無斷續無是非是非自然非因緣	不 是 物 無 舒 縮 無 斷 續 無 是 非 是 非 自 然 非 因 緣 
X13n0285_001:0239b13	非見聞覺知非和合非不和合之見性業已徹底	非 見聞覺知 非 和 合 非 不 和 合 之 見 性 業 已 徹 底 
X13n0285_001:0239b14	道破但因此性久墮依他境中當機不能徹底領	道 破 但 因 此 性 久 墮 依 他 境 中 當 機 不 能 徹 底 領 
X13n0285_001:0239b15	會故須更加九番精辨而金沙始了然耳。二約	會 故 須 更 加 九 番 精 辨 而 金 沙 始 了 然 耳 二 約 
X13n0285_001:0239b16	客塵顯見性不動二初默請二正示。今初。	客 塵 顯 見 性 不 動 二 初 默 請 二 正 示 今 初 
X13n0285_001:0239b17	阿難雖復得聞是言與諸大眾口已默然心未開悟	阿 難 雖 復 得 聞 是 言 與 諸 大 眾 口 已 默 然 心 未 開 悟 
X13n0285_001:0239b18	猶冀如來慈音宣示合掌清心佇佛悲誨。	猶 冀 如 來 慈 音 宣 示 合 掌 清 心 佇 佛 悲 誨 
X13n0285_001:0239b19	但聞見性是心尚自不知見性寂常妙明之義所	但 聞 見 性 是 心 尚 自 不 知 見 性 寂 常 妙 明 之 義 所 
X13n0285_001:0239b20	以未悟此蓋但聽法音從語生解而不能直下返	以 未 悟 此 蓋 但 聽 法 音 從 語 生 解 而 不 能 直 下 返 
X13n0285_001:0239b21	觀故也。二正示三初徵名騐解二現相證成三	觀 故 也 二 正 示 三 初 徵 名 騐 解 二 現 相 證 成 三 
X13n0285_001:0239b22	結會責失。初又三初如來問二陳那答三如來	結 會 責 失 初 又 三 初 如 來 問 二 陳 那 答 三 如 來 
X13n0285_001:0239b23	印可。今初。	印 可 今 初 
X13n0285_001:0239b24	爾時世尊舒兜羅綿網相光手開五輪指誨勅阿難	爾 時 世 尊 舒 兜 羅 綿 網 相 光 手 開 五 輪 指 誨 勅 阿 難 
X13n0285_001:0239c01	及諸大眾我初成道於鹿園中為阿若多五比丘等	及 諸 大 眾 我 初 成 道 於 鹿 園 中 為 阿 若 多 五 比 丘 等 
X13n0285_001:0239c02	及汝四眾言一切眾生不成菩提及阿羅漢皆由客	及 汝 四 眾 言 一 切 眾 生 不 成 菩 提 及 阿 羅 漢 皆 由 客 
X13n0285_001:0239c03	塵煩惱所誤汝等當時因何開悟今成聖果。	塵 煩 惱 所 誤 汝 等 當 時 因 何 開 悟 今 成 聖 果 
X13n0285_001:0239c04	鹿園地名即世尊初轉法輪處也阿若多此云解	鹿 園 地 名 即 世 尊 初轉法輪 處 也 阿 若 多 此 云 解 
X13n0285_001:0239c05	即佛為憍陳那所印之名也五比丘者一阿濕婆	即 佛 為 憍 陳 那 所 印 之 名 也 五 比 丘 者 一 阿 濕 婆 
X13n0285_001:0239c06	此云馬勝二跋提此云小賢二拘利亦云即摩訶	此 云 馬 勝 二 跋 提 此 云 小 賢 二 拘 利 亦 云 即 摩 訶 
X13n0285_001:0239c07	男四憍陳那此云火器五十力迦葉此云飲光前	男 四 憍 陳 那 此 云 火 器 五 十力迦葉 此 云 飲 光 前 
X13n0285_001:0239c08	三是佛父族後二是佛母族佛初出家時父王遣	三 是 佛 父 族 後 二 是 佛 母 族 佛 初 出 家 時 父 王 遣 
X13n0285_001:0239c09	此五人侍衛佛先於雪山苦行三人畏苦行者即	此 五 人 侍 衛 佛 先 於 雪 山 苦 行 三 人 畏 苦 行 者 即 
X13n0285_001:0239c10	散去後受牧女乳糜之供二人樂苦行者復散去	散 去 後 受 牧 女 乳 糜 之 供 二 人 樂 苦 行 者 復 散 去 
X13n0285_001:0239c11	共在鹿園別修異道佛成道五七後方往度之三	共 在 鹿 園 別 修 異 道 佛 成 道 五 七 後 方 往 度 之 三 
X13n0285_001:0239c12	轉四諦法輪陳那最初得解故名阿若多等五比	轉 四 諦 法 輪 陳 那 最 初 得 解 故 名 阿 若 多 等 五 比 
X13n0285_001:0239c13	丘也客塵煩惱義關四教今言鹿園初唱似屬小	丘 也 客塵煩惱 義 關 四 教 今 言 鹿 園 初 唱 似 屬 小 
X13n0285_001:0239c14	乘實則圓音妙詮隨人異解況今借此以顯寂常	乘 實 則 圓 音 妙 詮 隨 人 異 解 況 今 借 此 以 顯 寂 常 
X13n0285_001:0239c15	斷斷不可偏屬三藏請略申之三界依正總名客	斷 斷 不 可 偏 屬 三 藏 請 略 申 之 三 界 依 正 總 名 客 
X13n0285_001:0239c16	塵即是苦諦煩惱即焦諦不為所誤即是道諦客	塵 即 是 苦 諦 煩 惱 即 焦 諦 不 為 所 誤 即 是 道 諦 客 
X13n0285_001:0239c17	塵煩惱永滅所顯涅槃名為主空即是滅諦此藏	塵 煩 惱 永 滅 所 顯 涅 槃 名 為 主 空 即 是 滅 諦 此 藏 
X13n0285_001:0239c18	教義也客是主家之客塵是空中之塵何必滅客	教 義 也 客 是 主 家 之 客 塵 是 空 中 之 塵 何 必 滅 客 
X13n0285_001:0239c19	塵而後見主空但不為所誤則無煩惱此通教義	塵 而 後 見 主 空 但 不 為 所 誤 則 無 煩 惱 此 通 教 義 
X13n0285_001:0239c20	也客塵無量同居方便實報依正皆名客塵煩惱	也 客 塵 無 量 同 居 方 便 實 報 依 正 皆 名 客塵煩惱 
X13n0285_001:0239c21	無量見思塵沙無明皆名煩惱用無量道滅無量	無 量 見 思 塵 沙 無 明 皆 名 煩 惱 用 無 量 道 滅 無 量 
X13n0285_001:0239c22	客塵煩惱方顯無量主空佛性此別教義也主是	客塵煩惱 方 顯 無 量 主 空 佛 性 此 別 教 義 也 主 是 
X13n0285_001:0239c23	客人之主客是主人之客以客歸主則無客非主	客 人 之 主 客 是 主 人 之 客 以 客 歸 主 則 無 客 非 主 
X13n0285_001:0239c24	以主殉客則無主非客空是塵相之空塵是空中	以 主 殉 客 則 無 主 非 客 空 是 塵 相 之 空 塵 是 空 中 
X13n0285_001:0240a01	之塵隨緣不變則性塵真空不變隨緣則性空真	之 塵 隨 緣 不 變 則 性 塵 真 空 不 變 隨 緣 則 性 空 真 
X13n0285_001:0240a02	塵此圓教義也今經雖借鹿園證成實惟為顯圓	塵 此 圓 教 義 也 今 經 雖 借 鹿 園 證 成 實 惟 為 顯 圓 
X13n0285_001:0240a03	義試於九番一一審玩自得其旨此章以佛手開	義 試 於 九 番 一 一 審 玩 自 得 其 旨 此 章 以 佛 手 開 
X13n0285_001:0240a04	合為客阿難頭動為塵以見無舒卷動搖為主空	合 為 客 阿 難 頭 動 為 塵 以 見 無 舒 卷 動 搖 為 主 空 
X13n0285_001:0240a05	然頭手是見家之頭手見性是頭手處之見性此	然 頭 手 是 見 家 之 頭 手 見 性 是 頭 手 處 之 見 性 此 
X13n0285_001:0240a06	無是非是之一徵也次章以自童至耄面皺為客	無 是 非 是 之 一 徵 也 次 章 以 自 童 至 耄 面 皺 為 客 
X13n0285_001:0240a07	髮白為塵以見性不皺不變為主空然非於生滅	髮 白 為 塵 以 見 性 不 皺 不 變 為 主 空 然 非 於 生 滅 
X13n0285_001:0240a08	之外另有無生滅性而即此無生滅性又復舉體	之 外 另 有 無 生 滅 性 而 即 此 無 生 滅 性 又 復 舉 體 
X13n0285_001:0240a09	捨生趣生此無是非是之二徵也次章以色心諸	捨 生 趣 生 此 無 是 非 是 之 二 徵 也 次 章 以 色 心 諸 
X13n0285_001:0240a10	緣及心所使諸所緣法乃至昏擾擾相為客塵以	緣 及 心 所 使 諸 所 緣 法 乃 至 昏 擾 擾 相 為 客 塵 以 
X13n0285_001:0240a11	妙明真心譬如澄清百千大海者為主空然心外	妙 明 真 心 譬 如 澄 清 百 千 大 海 者 為 主 空 然 心 外 
X13n0285_001:0240a12	無法海外無漚此無是非是之三徵也次章以諸	無 法 海 外 無 漚 此 無 是 非 是 之 三 徵 也 次 章 以 諸 
X13n0285_001:0240a13	可還者為客塵無所還者為主空然由無所還之	可 還 者 為 客 塵 無 所 還 者 為 主 空 然 由 無 所 還 之 
X13n0285_001:0240a14	見性方見諸可還相亦非離於諸可還相之外另	見 性 方 見 諸 可 還 相 亦 非 離 於 諸 可 還 相 之 外 另 
X13n0285_001:0240a15	有不可還之見性可指此無是非是之四徵也次	有 不 可 還 之 見 性 可 指 此 無 是 非 是 之 四 徵 也 次 
X13n0285_001:0240a16	章以物類差別為客見性無殊為主大小內外為	章 以 物 類 差 別 為 客 見 性 無 殊 為 主 大 小 內 外 為 
X13n0285_001:0240a17	塵見無舒縮為空然因差別方顯無差因於無差	塵 見 無 舒 縮 為 空 然 因 差 別 方 顯 無 差 因 於 無 差 
X13n0285_001:0240a18	方見差別又空體本無方圓方圓不離空體此無	方 見 差 別 又 空 體 本 無 方 圓 方 圓 不 離 空 體 此 無 
X13n0285_001:0240a19	是非是之五徵也次章以見與見緣并所想相為	是 非 是 之 五 徵 也 次 章 以 見 與 見 緣 并 所 想 相 為 
X13n0285_001:0240a20	客塵以菩提妙淨明體為主空方乃直唱無是非	客 塵 以 菩 提 妙 淨 明 體 為 主 空 方 乃 直 唱 無 是 非 
X13n0285_001:0240a21	是之言以顯前來五番并初番直指見性是心無	是 之 言 以 顯 前 來 五 番 并 初 番 直 指 見 性 是 心 無 
X13n0285_001:0240a22	非明此菩提妙淨明體也次章以因緣自然不因	非 明 此 菩 提 妙 淨 明 體 也 次 章 以 因 緣 自 然 不 因 
X13n0285_001:0240a23	緣不自然皆為客塵以無非不非無是非是離一	緣 不 自 然 皆 為 客 塵 以 無 非 不 非 無 是 非 是 離 一 
X13n0285_001:0240a24	切相即一切法為主空又次章以明暗塞空見聞	切 相 即 一 切 法 為 主 空 又 次 章 以 明 暗 塞 空 見 聞 
X13n0285_001:0240b01	覺知俱為客塵以見不能及者為主空又次章以	覺 知 俱 為 客 塵 以 見 不 能 及 者 為 主 空 又 次 章 以 
X13n0285_001:0240b02	和合不和合俱為客塵以非和合非不和合而為	和 合 不 和 合 俱 為 客 塵 以 非 和 合 非 不 和 合 而 為 
X13n0285_001:0240b03	主空見性既爾法法皆然然後徧歷陰入處界會	主 空 見 性 既 爾 法 法 皆 然 然 後 徧 歷 陰 入 處 界 會 
X13n0285_001:0240b04	歸藏性當知但是廣略之殊而主空之性更無二	歸 藏 性 當 知 但 是 廣 略 之 殊 而 主 空 之 性 更 無 二 
X13n0285_001:0240b05	也以生滅去來為客為塵以常住妙明不動周圓	也 以 生 滅 去 來 為 客 為 塵 以 常 住 妙 明 不 動 周 圓 
X13n0285_001:0240b06	為主為空從始至終無非圓頓更不可作前淺後	為 主 為 空 從始至終 無 非 圓 頓 更 不 可 作 前 淺 後 
X13n0285_001:0240b07	深解釋誣罔經宗願讀經者思之擇之由不達三	深 解 釋 誣 罔 經 宗 願 讀 經 者 思 之 擇 之 由 不 達 三 
X13n0285_001:0240b08	界依正唯是客塵誤起見思煩惱所以不成阿羅	界 依 正 唯 是 客 塵 誤 起 見 思 煩 惱 所 以 不 成 阿 羅 
X13n0285_001:0240b09	漢果由不達實報方便依正亦是客塵誤起無明	漢 果 由 不 達 實 報 方 便 依 正 亦 是 客 塵 誤 起 無 明 
X13n0285_001:0240b10	塵沙煩惱所以不成無上菩提問曰舊皆以客塵	塵 沙 煩 惱 所 以 不 成 無上菩提 問 曰 舊 皆 以 客 塵 
X13n0285_001:0240b11	喻見思今何以喻依正答曰依正是依他起性可	喻 見 思 今 何 以 喻 依 正 答 曰 依 正 是 依他起性 可 
X13n0285_001:0240b12	喻客塵見思是徧計執性毫無自體可得非可以	喻 客 塵 見 思 是 徧 計 執 性 毫 無 自 體 可 得 非 可 以 
X13n0285_001:0240b13	客塵喻也且見思則須斷盡方證涅槃客塵豈須	客 塵 喻 也 且 見 思 則 須 斷 盡 方 證 涅 槃 客 塵 豈 須 
X13n0285_001:0240b14	斷盡方顯主空耶。二陳那答。	斷 盡 方 顯 主 空 耶 二 陳 那 答 
X13n0285_001:0240b15	時憍陳那起立白佛我今長老於大眾中獨得解名	時 憍 陳 那 起 立 白 佛 我 今 長 老 於 大 眾 中 獨 得 解 名 
X13n0285_001:0240b16	因悟客塵二字成果世尊譬如行客投寄旅亭或宿	因 悟 客 塵 二 字 成 果 世 尊 譬 如 行 客 投 寄 旅 亭 或 宿 
X13n0285_001:0240b17	或食宿食事畢俶裝前途不遑安住若實主人自無	或 食 宿 食 事 畢 俶 裝 前 途 不 遑 安 住 若 實 主 人 自 無 
X13n0285_001:0240b18	攸往如是思惟不住名客住名主人以不住者名為	攸 往 如 是 思 惟 不 住 名 客 住 名 主 人 以 不 住 者 名 為 
X13n0285_001:0240b19	客義又如新霽清晹升天光入隙中發明空中諸有	客 義 又 如 新 霽 清 晹 升 天 光 入 隙 中 發 明 空 中 諸 有 
X13n0285_001:0240b20	塵相塵質搖動虗空寂然如是思惟澄寂名空搖動	塵 相 塵 質 搖 動 虗 空 寂 然 如 是 思 惟 澄 寂 名 空 搖 動 
X13n0285_001:0240b21	名塵以搖動者名義塵義。	名 塵 以 搖 動 者 名 義 塵 義 
X13n0285_001:0240b22	三界之中無一法能停住無一法不搖動皆客塵	三 界 之 中 無 一 法 能 停 住 無 一 法 不 搖 動 皆 客 塵 
X13n0285_001:0240b23	也悟其為客為塵故不起煩惱而成聖果阿難一	也 悟 其 為 客 為 塵 故 不 起 煩 惱 而 成 聖 果 阿 難 一 
X13n0285_001:0240b24	向妄執緣影為心正是迷客塵而起煩惱耳。三	向 妄 執 緣 影 為 心 正 是 迷 客 塵 而 起 煩 惱 耳 三 
X13n0285_001:0240c01	如來印可。	如 來 印 可 
X13n0285_001:0240c02	佛言如是。	佛 言 如 是 
X13n0285_001:0240c03	只此一喻四教俱通所以印成之也。二現相證	只 此 一 喻 四 教 俱 通 所 以 印 成 之 也 二 現 相 證 
X13n0285_001:0240c04	成又二初開合寶掌證成客與主義二飛光動頭	成 又 二 初 開 合 寶 掌 證 成 客 與 主 義 二 飛 光 動 頭 
X13n0285_001:0240c05	證成塵與空義。今初。	證 成 塵 與 空 義 今 初 
X13n0285_001:0240c06	即時如來於大眾中屈五輪指屈已復開開已又屈	即 時 如 來 於 大 眾 中 屈 五 輪 指 屈 已 復 開 開 已 又 屈 
X13n0285_001:0240c07	謂阿難言汝今何見阿難言我見如來百寶輪掌眾	謂 阿 難 言 汝 今 何 見 阿 難 言 我 見 如 來 百 寶 輪 掌 眾 
X13n0285_001:0240c08	中開合佛告阿難汝見我手眾中開合為是我手有	中 開 合 佛 告 阿 難 汝 見 我 手 眾 中 開 合 為 是 我 手 有 
X13n0285_001:0240c09	開有合為復汝見有開有合阿難言世尊寶手眾中	開 有 合 為 復 汝 見 有 開 有 合 阿 難 言 世 尊 寶 手 眾 中 
X13n0285_001:0240c10	開合我見如來手自開合非我見性有開有合佛言	開 合 我 見 如 來 手 自 開 合 非 我 見 性 有 開 有 合 佛 言 
X13n0285_001:0240c11	誰動誰靜阿難言佛手不住而我見性尚無有靜誰	誰 動 誰 靜 阿 難 言 佛 手 不 住 而 我 見 性 尚 無 有 靜 誰 
X13n0285_001:0240c12	為無住佛言如是。	為 無 住 佛 言 如 是 
X13n0285_001:0240c13	對不住方有住名見性既無不住又豈有住住即	對 不 住 方 有 住 名 見 性 既 無 不 住 又 豈 有 住 住 即 
X13n0285_001:0240c14	靜也住與不住雙遣方是主義故佛隨印許之。	靜 也 住 與 不 住 雙 遣 方 是 主 義 故 佛 隨 印 許 之 
X13n0285_001:0240c15	二飛光動頭證成塵與空義。	二 飛 光 動 頭 證 成 塵 與 空 義 
X13n0285_001:0240c16	如來於是從輪掌中飛一寶光在阿難右即時阿難	如 來 於 是 從 輪 掌 中 飛 一 寶 光 在 阿 難 右 即 時 阿 難 
X13n0285_001:0240c17	迴首右盻又放一光在阿難左阿難又則迴首右盻	迴 首 右 盻 又 放 一 光 在 阿 難 左 阿 難 又 則 迴 首 右 盻 
X13n0285_001:0240c18	佛告阿難汝頭今日因何搖動阿難言我見如來出	佛 告 阿 難 汝 頭 今 日 因 何 搖 動 阿 難 言 我 見 如 來 出 
X13n0285_001:0240c19	妙寶光來我左右故左右觀頭自搖動阿難汝盻佛	妙 寶 光 來 我 左 右 故 左 右 觀 頭 自 搖 動 阿 難 汝 盻 佛 
X13n0285_001:0240c20	光左右動頭為汝頭動為復見動世尊我頭自動而	光 左 右 動 頭 為 汝 頭 動 為 復 見 動 世 尊 我 頭 自 動 而 
X13n0285_001:0240c21	我見性尚無有止誰為搖動佛言如是。	我 見 性 尚 無 有 止 誰 為 搖 動 佛 言 如 是 
X13n0285_001:0240c22	對動說止見既無動又豈有止動止雙遣方是空	對 動 說 止 見 既 無 動 又 豈 有 止 動 止 雙 遣 方 是 空 
X13n0285_001:0240c23	義故佛亦印許之。三結會責失二初結會二責	義 故 佛 亦 印 許 之 三 結 會 責 失 二 初 結 會 二 責 
X13n0285_001:0240c24	失。今初。	失 今 初 
X13n0285_001:0241a01	於是如來普告大眾若復眾生以搖動者名之為塵	於 是 如 來 普 告 大 眾 若 復 眾 生 以 搖 動 者 名 之 為 塵 
X13n0285_001:0241a02	以不住者名之為客汝觀阿難頭自動搖見無所動	以 不 住 者 名 之 為 客 汝 觀 阿 難 頭 自 動 搖 見 無 所 動 
X13n0285_001:0241a03	又汝觀我手自開合見無舒卷。	又 汝 觀 我 手 自 開 合 見 無 舒 卷 
X13n0285_001:0241a04	謂眾生若能以一切搖動者皆名為塵以一切不	謂 眾 生 若 能 以 一 切 搖 動 者 皆 名 為 塵 以 一 切 不 
X13n0285_001:0241a05	住者皆名為客如頭之動搖塵也見無所動空也	住 者 皆 名 為 客 如 頭 之 動 搖 塵 也 見 無 所 動 空 也 
X13n0285_001:0241a06	手之開合客也見無舒卷主也則不被客塵所誤	手 之 開 合 客 也 見 無 舒 卷 主 也 則 不 被 客 塵 所 誤 
X13n0285_001:0241a07	不起種種煩惱而菩提羅漢皆可成矣問曰此經	不 起 種種煩惱 而 菩 提 羅 漢 皆 可 成 矣 問 曰 此 經 
X13n0285_001:0241a08	云頭自動搖見無所動手自開合見無舒卷乃六	云 頭 自 動 搖 見 無 所 動 手 自 開 合 見 無 舒 卷 乃 六 
X13n0285_001:0241a09	祖則云不是風動不是幡動仁者心動如何會通	祖 則 云 不 是 風 動 不 是 幡 動 仁 者 心 動 如 何 會 通 
X13n0285_001:0241a10	答曰此經云見無舒卷動搖者直指真心不墮妄	答 曰 此 經 云 見 無 舒 卷 動 搖 者 直 指 真 心 不 墮 妄 
X13n0285_001:0241a11	境所謂離一切相為阿難疑心是無而言之也祖	境 所 謂 離一切相 為 阿 難 疑 心 是 無 而 言 之 也 祖 
X13n0285_001:0241a12	云風幡只是心動者直指萬境不離一心所謂即	云 風 幡 只 是 心 動 者 直 指 萬 境 不 離 一 心 所 謂 即 
X13n0285_001:0241a13	一切法為二僧執境是有而言之也由真心不墮	一 切 法 為 二 僧 執 境 是 有 而 言 之 也 由 真 心 不 墮 
X13n0285_001:0241a14	妄境故下文如來藏一切俱非之義善成由萬境	妄 境 故 下 文 如 來 藏 一 切 俱 非 之 義 善 成 由 萬 境 
X13n0285_001:0241a15	不離一心故下文如來藏一切俱即之義善成雖	不 離 一 心 故 下 文 如 來 藏 一 切 俱 即 之 義 善 成 雖 
X13n0285_001:0241a16	有二義藏性體一惟其離一切相方能即一切法	有 二 義 藏 性 體 一 惟 其 離一切相 方 能 即 一 切 法 
X13n0285_001:0241a17	惟其即一切法所以離一切相若達此離即離非	惟 其 即 一 切 法 所 以 離一切相 若 達 此 離 即 離 非 
X13n0285_001:0241a18	是即非即之體依悉檀說則二俱妙藥若不達理	是 即 非 即 之 體 依 悉 檀 說 則 二 俱 妙 藥 若 不 達 理 
X13n0285_001:0241a19	體偏執二說則二俱有過矣。二責失。	體 偏 執 二 說 則 二 俱 有 過 矣 二 責 失 
X13n0285_001:0241a20	云何汝今以動為身以動為境從始洎終念念生滅	云 何 汝 今 以 動 為 身 以 動 為 境 從 始 洎 終 念念生滅 
X13n0285_001:0241a21	遺失真性顛倒行事性心失真認物為己輪迴是中	遺 失 真 性 顛 倒 行 事 性 心 失 真 認 物 為 己 輪 迴 是 中 
X13n0285_001:0241a22	自取流轉。	自 取 流 轉 
X13n0285_001:0241a23	謂一切動搖不住之物皆是客塵原非實身實境	謂 一 切 動 搖 不 住 之 物 皆 是 客 塵 原 非 實 身 實 境 
X13n0285_001:0241a24	奈何以動為實有之身以動為實有之境而從始	奈 何 以 動 為 實 有 之 身 以 動 為 實 有 之 境 而 從 始 
X13n0285_001:0241b01	洎終念念隨其生滅遺失如空如主之真性一味	洎 終 念 念 隨 其 生 滅 遺 失 如 空 如 主 之 真 性 一 味 
X13n0285_001:0241b02	顛倒行事辨體性於自心既失其真反認客塵外	顛 倒 行 事 辨 體 性 於 自 心 既 失 其 真 反 認 客 塵 外 
X13n0285_001:0241b03	物以為自己所以於本無輪迴心性之中妄見輪	物 以 為 自 己 所 以 於 本 無 輪 迴 心 性 之 中 妄 見 輪 
X13n0285_001:0241b04	迴乃是自取流轉更無他因也。	迴 乃 是 自 取 流 轉 更 無 他 因 也 
X13n0285_002:0241b13	大佛頂如來密因修證了義諸菩薩萬行首楞嚴經	大 佛 頂 如 來 密 因 修 證 了 義 諸 菩 薩 萬 行 首 楞 嚴 經 
X13n0285_002:0241b14	卷第二文句	卷 第 二 文 句 
X13n0285_002:0241b15	唐天竺沙門般剌密諦　譯經	唐 天 竺 沙 門 般 剌 密 諦 譯 經 
X13n0285_002:0241b16	明菩薩沙彌古吳智旭　文句	明 菩 薩 沙 彌 古 吳 智 旭 文 句 
X13n0285_002:0241b17	明菩薩比丘溫陵道昉　參訂	明 菩 薩 比 丘 溫 陵 道 昉 參 訂 
X13n0285_002:0241b18	三約觀河顯見性無遷三初請問二說示三領悟	三 約 觀 河 顯 見 性 無 遷 三 初 請 問 二 說 示 三 領 悟 
X13n0285_002:0241b19	初又二初阿難密請二匿王顯問。今初。	初 又 二 初 阿 難 密 請 二 匿 王 顯 問 今 初 
X13n0285_002:0241b20	爾時世難及諸大眾聞佛示誨身心泰然念無始來	爾 時 世 難 及 諸 大 眾 聞 佛 示 誨 身 心 泰 然 念 無 始 來 
X13n0285_002:0241b21	失却本心妄認緣塵分別影事今日開悟如失乳兒	失 却 本 心 妄 認 緣 塵 分 別 影 事 今 日 開 悟 如 失 乳 兒 
X13n0285_002:0241b22	忽遇慈母合掌禮佛願聞如來顯出身心真妄虗實	忽 遇 慈 母 合 掌 禮 佛 願 聞 如 來 顯 出 身 心 真 妄 虗 實 
X13n0285_002:0241b23	現前生滅與不生滅二發明性。	現 前 生 滅 與 不 生 滅 二 發 明 性 
X13n0285_002:0241b24	前聞佛訶緣影非心已自矍然更聞離塵斷滅咸	前 聞 佛 訶 緣 影 非 心 已 自 矍 然 更 聞 離 塵 斷 滅 咸 
X13n0285_002:0241c01	皆自失今知見性本無動搖舒卷故身心泰然也	皆 自 失 今 知 見 性 本 無 動 搖 舒 卷 故 身 心 泰 然 也 
X13n0285_002:0241c02	念無始來三句領上破妄之益追責前非今日開	念 無 始 來 三 句 領 上 破 妄 之 益 追 責 前 非 今 日 開 
X13n0285_002:0241c03	悟三句領上顯見之益慶幸新得前以父喻本覺	悟 三 句 領 上 顯 見 之 益 慶 幸 新 得 前 以 父 喻 本 覺 
X13n0285_002:0241c04	子喻始覺今以母喻如來乳喻法味也合掌禮佛	子 喻 始 覺 今 以 母 喻 如 來 乳 喻 法 味 也 合 掌 禮 佛 
X13n0285_002:0241c05	已下正是心念密請以如來上文具有身境生滅	已 下 正 是 心 念 密 請 以 如 來 上 文 具 有 身 境 生 滅 
X13n0285_002:0241c06	失真流轉之責而猶未知只此身心之中云何是	失 真 流 轉 之 責 而 猶 未 知 只 此 身 心 之 中 云 何 是 
X13n0285_002:0241c07	真如何是妄何者是虗何者是實何者現前生滅	真 如 何 是 妄 何 者 是 虗 何 者 是 實 何 者 現 前 生 滅 
X13n0285_002:0241c08	何者現前即不生滅何故全真是妄全實是虗全	何 者 現 前 即 不 生 滅 何 故 全 真 是 妄 全 實 是 虗 全 
X13n0285_002:0241c09	不生滅是生滅發明世間諸性何故全妄即真全	不 生 滅 是 生 滅 發 明 世 間 諸 性 何 故 全 妄 即 真 全 
X13n0285_002:0241c10	虗即實全生滅即不生滅發明出世間性此則金	虗 即 實 全 生 滅 即 不 生 滅 發 明 出 世 間 性 此 則 金 
X13n0285_002:0241c11	沙難辨水乳奚分自非如來誰能顯出故必更約	沙 難 辨 水 乳 奚 分 自 非 如 來 誰 能 顯 出 故 必 更 約 
X13n0285_002:0241c12	八番研示乃至廣歷四科徧融七大斯義方得究	八 番 研 示 乃 至 廣 歷 四 科 徧 融 七 大 斯 義 方 得 究 
X13n0285_002:0241c13	竟明了當知密請之文雖在此間所請之意貫於	竟 明 了 當 知 密 請 之 文 雖 在 此 間 所 請 之 意 貫 於 
X13n0285_002:0241c14	二卷三卷矣。二匿王顯問。	二 卷 三 卷 矣 二 匿 王 顯 問 
X13n0285_002:0241c15	時波斯匿王起立白佛我昔未承諸佛誨勅見迦旃	時 波 斯 匿 王 起 立 白 佛 我 昔 未 承 諸 佛 誨 勅 見 迦 旃 
X13n0285_002:0241c16	延毗羅胝子咸言此身死後斷滅名為涅槃我雖值	延 毗 羅 胝 子 咸 言 此 身 死 後 斷 滅 名 為 涅 槃 我 雖 值 
X13n0285_002:0241c17	佛今猶狐疑云何發揮證知此心不生滅地今此大	佛 今 猶 狐 疑 云 何 發 揮 證 知 此 心 不 生 滅 地 今 此 大 
X13n0285_002:0241c18	眾諸有漏者咸皆願聞。	眾 諸 有 漏 者 咸 皆 願 聞 
X13n0285_002:0241c19	前文借客顯主借塵顯空空即是寂主即是常則	前 文 借 客 顯 主 借 塵 顯 空 空 即 是 寂 主 即 是 常 則 
X13n0285_002:0241c20	已備顯寂常心性但時流久習斷滅戲論故於見	已 備 顯 寂 常 心 性 但 時 流 久 習 斷 滅 戲 論 故 於 見 
X13n0285_002:0241c21	無動搖卷舒之處寂義雖知常義未領今更躡此	無 動 搖 卷 舒 之 處 寂 義 雖 知 常 義 未 領 今 更 躡 此 
X13n0285_002:0241c22	為開端也迦旃延及毗羅胝子二外道名梵語涅	為 開 端 也 迦 旃 延 及 毗 羅 胝 子 二 外 道 名 梵 語 涅 
X13n0285_002:0241c23	槃此翻滅度本是超脫生死之名彼人邪計謂死	槃 此 翻 滅 度 本 是 超 脫 生 死 之 名 彼 人 邪 計 謂 死 
X13n0285_002:0241c24	後斷滅無復苦樂即名滅度撥無二世因果大邪	後 斷 滅 無 復 苦 樂 即 名 滅 度 撥 無 二 世 因 果 大 邪 
X13n0285_002:0242a01	見也。二說示二初明身有遷變二明性無生滅。	見 也 二 說 示 二 初 明 身 有 遷 變 二 明 性 無 生 滅 
X13n0285_002:0242a02	今初。	今 初 
X13n0285_002:0242a03	佛告大王汝身現在今復問汝汝此肉身為同金剛	佛 告 大 王 汝 身 現 在 今 復 問 汝 汝 此 肉 身 為 同 金 剛 
X13n0285_002:0242a04	常住不朽為復變壞世尊我今此身終從變滅佛言	常 住 不 朽 為 復 變 壞 世 尊 我 今 此 身 終 從 變 滅 佛 言 
X13n0285_002:0242a05	大王汝未曾滅云何知滅世尊我此無常變壞之身	大 王 汝 未 曾 滅 云 何 知 滅 世 尊 我 此 無 常 變 壞 之 身 
X13n0285_002:0242a06	雖未曾滅我觀現前念念遷謝新新不住如火成灰	雖 未 曾 滅 我 觀 現 前 念 念 遷 謝 新 新 不 住 如 火 成 灰 
X13n0285_002:0242a07	漸漸消殞殞亡不息決知此身當從滅盡佛言如是	漸 漸 消 殞 殞 亡 不 息 決 知 此 身 當 從 滅 盡 佛 言 如 是 
X13n0285_002:0242a08	大王汝今生齡已從衰老顏貌何如童子之時世尊	大 王 汝 今 生 齡 已 從 衰 老 顏 貌 何 如 童 子 之 時 世 尊 
X13n0285_002:0242a09	我昔孩孺[勝力+天]膚潤澤年至長成血氣充滿而今頺齡	我 昔 孩 孺 [勝力天] 膚 潤 澤 年 至 長 成 血 氣 充 滿 而 今 頺 齡 
X13n0285_002:0242a10	迫於衰耄形色枯悴精神昏昧髮白面皺逮將不久	迫 於 衰 耄 形 色 枯 悴 精 神 昏 昧 髮 白 面 皺 逮 將 不 久 
X13n0285_002:0242a11	如何見比充盛之時佛言大王汝之形容應不頓朽	如 何 見 比 充 盛 之 時 佛 言 大 王 汝 之 形 容 應 不 頓 朽 
X13n0285_002:0242a12	王言世尊變化密移我誠不覺寒暑遷流漸至於此	王 言 世 尊 變 化 密 移 我 誠 不 覺 寒 暑 遷 流 漸 至 於 此 
X13n0285_002:0242a13	何以故我年二十雖號年少顏貌已老初十歲時三	何 以 故 我 年 二 十 雖 號 年 少 顏 貌 已 老 初 十 歲 時 三 
X13n0285_002:0242a14	十之年又衰二十於今六十又過於二觀五十時宛	十 之 年 又 衰 二 十 於 今 六 十 又 過 於 二 觀 五 十 時 宛 
X13n0285_002:0242a15	然強壯世尊我見密移雖此殂落其間流易且限十	然 強 壯 世 尊 我 見 密 移 雖 此 殂 落 其 間 流 易 且 限 十 
X13n0285_002:0242a16	年若復令我微細思惟其變寧惟一紀二紀實為年	年 若 復 令 我 微 細 思 惟 其 變 寧 惟 一 紀 二 紀 實 為 年 
X13n0285_002:0242a17	變豈惟年變亦兼月化何直月化兼又日遷沉思諦	變 豈 惟 年 變 亦 兼 月 化 何 直 月 化 兼 又 日 遷 沉 思 諦 
X13n0285_002:0242a18	觀剎那剎那念念之間不得停住故知我身終從變	觀 剎 那 剎 那 念 念 之 間 不 得 停 住 故 知 我 身 終 從 變 
X13n0285_002:0242a19	滅。	滅 
X13n0285_002:0242a20	始生曰孩稍長曰孺皮表名膚文理名[勝力+天]二十三	始 生 曰 孩 稍 長 曰 孺 皮 表 名 膚 文 理 名 [勝力天] 二 十 三 
X13n0285_002:0242a21	十曰長成七十曰衰老八十九十曰耄今六十二	十 曰 長 成 七 十 曰 衰 老 八 十 九 十 曰 耄 今 六 十 二 
X13n0285_002:0242a22	已近衰老故名為迫逮及也言死期將及也殂落	已 近 衰 老 故 名 為 迫 逮 及 也 言 死 期 將 及 也 殂 落 
X13n0285_002:0242a23	者遷謝之義紀者一十二年即所謂且限十年變	者 遷 謝 之 義 紀 者 一 十 二 年 即 所 謂 且 限 十 年 變 
X13n0285_002:0242a24	其文耳剎那者最短之時一念具九十剎那一剎	其 文 耳 剎 那 者 最 短 之 時 一 念 具 九 十 剎 那 一 剎 
X13n0285_002:0242b01	那中有九百生滅非精細觀察不能知也故曰悟	那 中 有 九 百 生 滅 非 精 細 觀 察 不 能 知 也 故 曰 悟 
X13n0285_002:0242b02	無生者方見剎那此一段文可與人命呼吸為註	無 生 者 方 見 剎 那 此 一 段 文 可 與 人 命 呼 吸 為 註 
X13n0285_002:0242b03	脚亦可與四運觀心作先容真實為生死者讀此	脚 亦 可 與 四 運 觀 心 作 先 容 真 實 為 生 死 者 讀 此 
X13n0285_002:0242b04	必當惕然。二明性無生滅。	必 當 惕 然 二 明 性 無 生 滅 
X13n0285_002:0242b05	佛言大王汝見變化遷改不停悟知汝滅亦於滅時	佛 言 大 王 汝 見 變 化 遷 改 不 停 悟 知 汝 滅 亦 於 滅 時 
X13n0285_002:0242b06	汝知身中有不滅耶波斯匿王合掌白佛我實不知	汝 知 身 中 有 不 滅 耶 波 斯 匿 王 合 掌 白 佛 我 實 不 知 
X13n0285_002:0242b07	佛言我今示汝不生滅性大王汝年幾時見恒河水	佛 言 我 今 示 汝 不 生 滅 性 大 王 汝 年 幾 時 見 恒 河 水 
X13n0285_002:0242b08	王言我生三歲慈母攜我謁耆婆天經過此流爾時	王 言 我 生 三 歲 慈 母 攜 我 謁 耆 婆 天 經 過 此 流 爾 時 
X13n0285_002:0242b09	即知是恒河水佛言大王如汝所說二十之時衰於	即 知 是 恒 河 水 佛 言 大 王 如 汝 所 說 二 十 之 時 衰 於 
X13n0285_002:0242b10	十歲乃至六十日月歲時念念遷變則汝三歲見此	十 歲 乃 至 六 十 日 月 歲 時 念 念 遷 變 則 汝 三 歲 見 此 
X13n0285_002:0242b11	河時至年十三其水云何王言如三歲時宛然無異	河 時 至 年 十 三 其 水 云 何 王 言 如 三 歲 時 宛 然 無 異 
X13n0285_002:0242b12	乃至於今年六十二亦無有異佛言汝今自傷髮白	乃 至 於 今 年 六 十 二 亦 無 有 異 佛 言 汝 今 自 傷 髮 白 
X13n0285_002:0242b13	面皺其面必定皺於童年則汝今時觀此恒河與昔	面 皺 其 面 必 定 皺 於 童 年 則 汝 今 時 觀 此 恒 河 與 昔 
X13n0285_002:0242b14	童時觀河之見有童耄不王言不也世尊佛言大王	童 時 觀 河 之 見 有 童 耄 不 王 言 不 也 世 尊 佛 言 大 王 
X13n0285_002:0242b15	汝面雖皺而此見精性未曾皺皺者為變不皺非變	汝 面 雖 皺 而 此 見 精 性 未 曾 皺 皺 者 為 變 不 皺 非 變 
X13n0285_002:0242b16	變者受滅彼不變者元無生滅云何於中受汝生死	變 者 受 滅 彼 不 變 者 元 無 生 滅 云 何 於 中 受 汝 生 死 
X13n0285_002:0242b17	而猶引彼末伽梨等都言此身死後全滅。	而 猶 引 彼 末 伽 梨 等 都 言 此 身 死 後 全 滅 
X13n0285_002:0242b18	此正於現前生滅身中顯出真實不生滅性也變	此 正 於 現 前 生 滅 身 中 顯 出 真 實 不 生 滅 性 也 變 
X13n0285_002:0242b19	化密移客也髮白面皺塵也而如主如空之見性	化 密 移 客 也 髮 白 面 皺 塵 也 而 如 主 如 空 之 見 性 
X13n0285_002:0242b20	不皺不變性無生滅奈何溺於斷見而不自覺悟	不 皺 不 變 性 無 生 滅 奈 何 溺 於 斷 見 而 不 自 覺 悟 
X13n0285_002:0242b21	哉末伽梨亦外道名與前二種外道皆計斷滅者	哉 末 伽 梨 亦 外 道 名 與 前 二 種 外 道 皆 計 斷 滅 者 
X13n0285_002:0242b22	也問曰今有老眼昏華觀水不辨清濁者又云何	也 問 曰 今 有 老 眼 昏 華 觀 水 不 辨 清 濁 者 又 云 何 
X13n0285_002:0242b23	通答曰若領前文盲人見暗之喻則不須此問矣	通 答 曰 若 領 前 文 盲 人 見 暗 之 喻 則 不 須 此 問 矣 
X13n0285_002:0242b24	故今文中不惟說見精二字必云性未曾皺以精	故 今 文 中 不 惟 說 見 精 二 字 必 云 性 未 曾 皺 以 精 
X13n0285_002:0242c01	猶帶妄明昧或殊性不可改終非斷滅故耳細心	猶 帶 妄 明 昧 或 殊 性 不 可 改 終 非 斷 滅 故 耳 細 心 
X13n0285_002:0242c02	體會則見見非見之旨思過半矣。三領悟。	體 會 則 見 見 非 見 之 旨 思 過 半 矣 三 領 悟 
X13n0285_002:0242c03	王聞是言信知身後捨生趣生與諸大眾踊躍歡喜	王 聞 是 言 信 知 身 後 捨 生 趣 生 與 諸 大 眾 踊 躍 歡 喜 
X13n0285_002:0242c04	得未曾有。	得未曾有 
X13n0285_002:0242c05	捨生趣生且約破於外道斷見而言之也又復應	捨 生 趣 生 且 約 破 於 外 道 斷 見 而 言 之 也 又 復 應 
X13n0285_002:0242c06	知正生滅中性不生滅而此不生滅性即舉全體	知 正 生 滅 中 性 不 生 滅 而 此 不 生 滅 性 即 舉 全 體 
X13n0285_002:0242c07	而捨生趣生已顯隨緣不變不變隨緣之妙否則	而 捨 生 趣 生 已 顯 隨 緣 不 變 不 變 隨 緣 之 妙 否 則 
X13n0285_002:0242c08	仍是一分無常一分常矣。四約垂手顯見性無	仍 是 一 分 無 常 一 分 常 矣 四 約 垂 手 顯 見 性 無 
X13n0285_002:0242c09	減二初疑問二示答。今初。	減 二 初 疑 問 二 示 答 今 初 
X13n0285_002:0242c10	阿難即從座起禮佛合掌長跪白佛世尊若此見聞	阿 難 即 從 座 起 禮 佛 合 掌 長 跪 白 佛 世 尊 若 此 見 聞 
X13n0285_002:0242c11	必不生滅云何世尊名我等輩遺失真性顛倒行事	必 不 生 滅 云 何 世 尊 名 我 等 輩 遺 失 真 性 顛 倒 行 事 
X13n0285_002:0242c12	願興慈悲洗我塵垢。	願 興 慈 悲 洗 我 塵 垢 
X13n0285_002:0242c13	如來所指元無生滅乃是見聞之性喻如大海全	如 來 所 指 元 無 生 滅 乃 是 見 聞 之 性 喻 如 大 海 全 
X13n0285_002:0242c14	體阿難所計見聞之用依舊局在身中喻如大海	體 阿 難 所 計 見 聞 之 用 依 舊 局 在 身 中 喻 如 大 海 
X13n0285_002:0242c15	一漚先須知此問端下落方知下文答在問處。	一 漚 先 須 知 此 問 端 下 落 方 知 下 文 答 在 問 處 
X13n0285_002:0242c16	二示答二初順世立喻二正以法合。今初。	二 示 答 二 初 順 世 立 喻 二 正 以 法 合 今 初 
X13n0285_002:0242c17	即時如來垂金色臂輪手下指示阿難言汝今見我	即 時 如 來 垂 金 色 臂 輪 手 下 指 示 阿 難 言 汝 今 見 我 
X13n0285_002:0242c18	母陀羅手為正為倒阿難言世間眾生以此為倒而	母 陀 羅 手 為 正 為 倒 阿 難 言 世 間 眾 生 以 此 為 倒 而 
X13n0285_002:0242c19	我不知誰正誰倒佛告阿難若世間人以此為倒即	我 不 知 誰 正 誰 倒 佛 告 阿 難 若 世 間 人 以 此 為 倒 即 
X13n0285_002:0242c20	世間人將何為正阿難言如來豎臂兜羅綿手上指	世 間 人 將 何 為 正 阿 難 言 如 來 豎 臂 兜 羅 綿 手 上 指 
X13n0285_002:0242c21	於空則名為正佛即豎臂告阿難言若此顛倒首尾	於 空 則 名 為 正 佛 即 豎 臂 告 阿 難 言 若 此 顛 倒 首 尾 
X13n0285_002:0242c22	相換諸世間人一倍瞻視。	相 換 諸 世 間 人 一 倍 瞻 視 
X13n0285_002:0242c23	此先立同喻以為法說張本也舊注喚正為倒喚	此 先 立 同 喻 以 為 法 說 張 本 也 舊 注 喚 正 為 倒 喚 
X13n0285_002:0242c24	倒為正先與世人苦諍一番全無道理又與下文	倒 為 正 先 與 世 人 苦 諍 一 番 全 無 道 理 又 與 下 文 
X13n0285_002:0243a01	法合之處毫不相應極為不通交光破之甚快蓋	法 合 之 處 毫 不 相 應 極 為 不 通 交 光 破 之 甚 快 蓋 
X13n0285_002:0243a02	阿難與佛俱惟順於世間但取臂之雖倒不失人	阿 難 與 佛 俱 惟 順 於 世 間 但 取 臂 之 雖 倒 不 失 人 
X13n0285_002:0243a03	所易明心之雖倒不失人所難曉以易例難而已	所 易 明 心 之 雖 倒 不 失 人 所 難 曉 以 易 例 難 而 已 
X13n0285_002:0243a04	若此顛倒等者意謂均此一手臂也上指則名為	若 此 顛 倒 等 者 意 謂 均 此 一 手 臂 也 上 指 則 名 為 
X13n0285_002:0243a05	正何曾增一絲毫下指便名為倒亦何曾減一絲	正 何 曾 增 一 絲 毫 下 指 便 名 為 倒 亦 何 曾 減 一 絲 
X13n0285_002:0243a06	毫不過是首尾相換而已此乃世間人一倍瞻視	毫 不 過 是 首 尾 相 換 而 已 此 乃 世 間 人 一 倍 瞻 視 
X13n0285_002:0243a07	極其明白者也故下文即以法合文理俱暢矣母	極 其 明 白 者 也 故 下 文 即 以 法 合 文 理 俱 暢 矣 母 
X13n0285_002:0243a08	陀羅手此云印手一倍猶言明白更加明白。二	陀 羅 手 此 云 印 手 一 倍 猶 言 明 白 更 加 明 白 二 
X13n0285_002:0243a09	正以法合三初直舉法合二勅令諦觀三備明倒	正 以 法 合 三 初 直 舉 法 合 二 勅 令 諦 觀 三 備 明 倒 
X13n0285_002:0243a10	因。今初。	因 今 初 
X13n0285_002:0243a11	則知汝身與諸如來清淨法身比類發明如來之身	則 知 汝 身 與 諸 如 來 清 淨 法 身 比 類 發 明 如來之身 
X13n0285_002:0243a12	名正徧知汝等之身號性顛倒。	名 正 徧 知 汝 等 之 身 號 性 顛 倒 
X13n0285_002:0243a13	承上而言手既如此則知汝身佛身亦可以比類	承 上 而 言 手 既 如 此 則 知 汝 身 佛 身 亦 可 以 比 類 
X13n0285_002:0243a14	發明矣如來之身名正徧知者譬如手雖無增但	發 明 矣 如來之身 名 正 徧 知 者 譬 如 手 雖 無 增 但 
X13n0285_002:0243a15	上指於空則頭是頭尾是尾舉世皆以為正也汝	上 指 於 空 則 頭 是 頭 尾 是 尾 舉 世 皆 以 為 正 也 汝 
X13n0285_002:0243a16	等之身號性顛倒者譬如手雖無減但垂臂下指	等 之 身 號 性 顛 倒 者 譬 如 手 雖 無 減 但 垂 臂 下 指 
X13n0285_002:0243a17	則頭作尾尾作頭舉世皆以為倒也此但直爾法	則 頭 作 尾 尾 作 頭 舉 世 皆 以 為 倒 也 此 但 直 爾 法 
X13n0285_002:0243a18	合未出所以顛倒之相故下文且令諦觀。二勅	合 未 出 所 以 顛 倒 之 相 故 下 文 且 令 諦 觀 二 勅 
X13n0285_002:0243a19	令諦觀。	令 諦 觀 
X13n0285_002:0243a20	隨汝諦觀汝身佛身稱顛倒者名字何處號為顛倒	隨 汝 諦 觀 汝 身 佛 身 稱 顛 倒 者 名 字 何 處 號 為 顛 倒 
X13n0285_002:0243a21	於時阿難與諸大眾瞪瞢瞻佛目睛不瞬不知身心	於 時 阿 難 與 諸 大 眾 瞪 瞢 瞻 佛 目 睛 不 瞬 不 知 身 心 
X13n0285_002:0243a22	顛倒所在。	顛 倒 所 在 
X13n0285_002:0243a23	手之顛倒易知身之顛倒難見所以勅令諦觀意	手 之 顛 倒 易 知 身 之 顛 倒 難 見 所 以 勅 令 諦 觀 意 
X13n0285_002:0243a24	欲其恍然自悟而積迷既久故不知也。三備明	欲 其 恍 然 自 悟 而 積 迷 既 久 故 不 知 也 三 備 明 
X13n0285_002:0243b01	倒因又二初示無倒性二示顛倒相。今初。	倒 因 又 二 初 示 無 倒 性 二 示 顛 倒 相 今 初 
X13n0285_002:0243b02	佛興慈悲哀愍阿難及諸大眾發海潮音徧告同會	佛 興 慈 悲 哀 愍 阿 難 及 諸 大 眾 發 海 潮 音 徧 告 同 會 
X13n0285_002:0243b03	諸善男子我常說言色心諸緣及心所使諸所緣法	諸 善 男 子 我 常 說 言 色 心 諸 緣 及 心 所 使 諸 所 緣 法 
X13n0285_002:0243b04	唯心所現汝身汝心皆是妙明真精妙心中所現物。	唯 心 所 現 汝 身 汝 心 皆 是 妙 明 真 精 妙 心 中 所 現 物 
X13n0285_002:0243b05	海潮音者應機而發猶如大海潮不失限又其音	海 潮 音 者 應 機 而 發 猶 如 大 海 潮 不 失 限 又 其 音 
X13n0285_002:0243b06	圓徧猶如海潮普徧圓滿也此是第二番徹底顯	圓 徧 猶 如 海 潮 普 徧 圓 滿 也 此 是 第 二 番 徹 底 顯 
X13n0285_002:0243b07	性之文以阿難不達現前一念見聞之性本自豎	性 之 文 以 阿 難 不 達 現 前 一 念 見 聞 之 性 本 自 豎 
X13n0285_002:0243b08	窮橫徧量若虗空亦無虗空之相而固認藐爾身	窮 橫 徧 量 若 虗 空 亦 無 虗 空 之 相 而 固 認 藐 爾 身 
X13n0285_002:0243b09	心不知身心但是心中所現之物非能現也故今	心 不 知 身 心 但 是 心 中 所 現 之 物 非 能 現 也 故 今 
X13n0285_002:0243b10	直指之曰我常說言色心諸緣及心所使諸所緣	直 指 之 曰 我 常 說 言 色 心 諸 緣 及 心 所 使 諸 所 緣 
X13n0285_002:0243b11	法惟是汝今現前一念見聞之心所現汝所謂身	法 惟 是 汝 今 現 前 一 念 見 聞 之 心 所 現 汝 所 謂 身 
X13n0285_002:0243b12	汝所謂心皆此妙明真精妙心中所現之物耳以	汝 所 謂 心 皆 此 妙 明 真 精 妙 心 中 所 現 之 物 耳 以 
X13n0285_002:0243b13	吾人現前一念見聞之性離名絕相故曰妙洞徹	吾 人 現 前 一 念 見 聞 之 性 離 名 絕 相 故 曰 妙 洞 徹 
X13n0285_002:0243b14	虗靈故曰明體無偽妄故曰真性無雜染故曰精	虗 靈 故 曰 明 體 無 偽 妄 故 曰 真 性 無 雜 染 故 曰 精 
X13n0285_002:0243b15	合此四義不可思議故曰妙心也色即十一色法	合 此 四 義 不可思議 故 曰 妙 心 也 色 即 十 一 色 法 
X13n0285_002:0243b16	心即八識心王諸緣即所謂心法四緣生色法二	心 即 八 識 心 王 諸 緣 即 所 謂 心 法 四 緣 生 色 法 二 
X13n0285_002:0243b17	緣生等心所使即五十一心所法諸所緣法即二	緣 生 等 心 所 使 即 五 十 一 心 所 法 諸 所 緣 法 即 二 
X13n0285_002:0243b18	十四種不相應行乃至世出世間一切諸法也此	十 四 種 不相應行 乃 至 世出世間 一切諸法 也 此 
X13n0285_002:0243b19	等諸法皆唯現前一念見聞之心所現此現前一	等 諸 法 皆 唯 現 前 一 念 見 聞 之 心 所 現 此 現 前 一 
X13n0285_002:0243b20	念見聞之心即是妙明真精妙心非同阿難等惑	念 見 聞 之 心 即 是 妙 明 真 精 妙 心 非 同 阿 難 等 惑 
X13n0285_002:0243b21	在身內昏擾擾相之心也達此現前一念見聞之	在 身 內 昏 擾 擾 相 之 心 也 達 此 現 前 一 念 見 聞 之 
X13n0285_002:0243b22	心無法不現則首是首尾是尾如手上指雖無所	心 無 法 不 現 則 首 是 首 尾 是 尾 如 手 上 指 雖 無 所 
X13n0285_002:0243b23	增舉世皆以為正此如來之身所以為正徧知也。	增 舉 世 皆 以 為 正 此 如來之身 所 以 為 正 徧 知 也 
X13n0285_002:0243b24	二示顛倒相。	二 示 顛 倒 相 
X13n0285_002:0243c01	云何汝等遺失本妙圓妙明心寶明妙性認悟中迷	云 何 汝 等 遺 失 本 妙 圓 妙 明 心 寶 明 妙 性 認 悟 中 迷 
X13n0285_002:0243c02	晦昧為空空晦暗中結暗為色色雜妄想想相為身	晦 昧 為 空 空 晦 暗 中 結 暗 為 色 色 雜 妄 想 想 相 為 身 
X13n0285_002:0243c03	聚緣內搖趣外奔逸昏擾擾相以為心性一迷為心	聚 緣 內 搖 趣 外 奔 逸 昏 擾 擾 相 以 為 心 性 一 迷 為 心 
X13n0285_002:0243c04	決定惑為色身之內不知色身外洎山河虗空大地	決 定 惑 為 色 身 之 內 不 知 色 身 外 洎 山 河 虗 空 大 地 
X13n0285_002:0243c05	咸是妙明真心中物譬如澄清百千大海棄之惟認	咸 是 妙 明 真 心 中 物 譬 如 澄 清 百 千 大 海 棄 之 惟 認 
X13n0285_002:0243c06	一浮漚體目為全潮窮盡瀛渤汝等即是迷中倍人	一 浮 漚 體 目 為 全 潮 窮 盡 瀛 渤 汝 等 即 是 迷 中 倍 人 
X13n0285_002:0243c07	如我垂手等無差別如來說為可憐愍者。	如 我 垂 手 等 無 差 別 如 來 說 為 可 憐 愍 者 
X13n0285_002:0243c08	謂此現前見聞心性不假修證故名本妙寂而常	謂 此 現 前 見 聞 心 性 不 假 修 證 故 名 本 妙 寂 而 常 
X13n0285_002:0243c09	炤故名圓妙明心炤而常寂故名寶明妙性只今	炤 故 名 圓 妙 明 心 炤 而 常 寂 故 名 寶 明 妙 性 只 今 
X13n0285_002:0243c10	現現成成無餘無欠云何汝等不肯體認乃覿面	現 現 成 成 無 餘 無 欠 云 何 汝 等 不 肯 體 認 乃 覿 面 
X13n0285_002:0243c11	而遺失之反於此本悟體中僅僅認取一點迷情	而 遺 失 之 反 於 此 本 悟 體 中 僅 僅 認 取 一 點 迷 情 
X13n0285_002:0243c12	遂將此本覺性海晦昧而成頑空於空昧中結暗	遂 將 此 本 覺 性 海 晦 昧 而 成 頑 空 於 空 昧 中 結 暗 
X13n0285_002:0243c13	而為幻色以此幻色夾雜迷情妄想隨所想相以	而 為 幻 色 以 此 幻 色 夾 雜 迷 情 妄 想 隨 所 想 相 以 
X13n0285_002:0243c14	之為身聚集妄想緣氣於內搖蕩趣逐外境而奔	之 為 身 聚 集 妄 想 緣 氣 於 內 搖 蕩 趣 逐 外 境 而 奔 
X13n0285_002:0243c15	馳騰逸喚此昏擾擾相以為心性而不知其實非	馳 騰 逸 喚 此 昏 擾 擾 相 以 為 心 性 而 不 知 其 實 非 
X13n0285_002:0243c16	心性也一迷此以為心則決定惑為色身之內而	心 性 也 一 迷 此 以 為 心 則 決 定 惑 為 色 身 之 內 而 
X13n0285_002:0243c17	不知此色身外洎山河虗空大地咸是我現前一	不 知 此 色 身 外 洎 山 河 虗 空 大 地 咸 是 我 現 前 一 
X13n0285_002:0243c18	念妙明真心中物也昏擾擾相等者迷妙明心故	念 妙 明 真 心 中 物 也 昏 擾 擾 相 等 者 迷 妙 明 心 故 
X13n0285_002:0243c19	舉體成昏迷明妙性故舉體擾擾迷本妙心性故	舉 體 成 昏 迷 明 妙 性 故 舉 體 擾 擾 迷 本 妙 心 性 故 
X13n0285_002:0243c20	舉體惑為色身之內不知汝自妄認昏者為心而	舉 體 惑 為 色 身 之 內 不 知 汝 自 妄 認 昏 者 為 心 而 
X13n0285_002:0243c21	現前圓妙明心元未甞昏汝自妄認擾者為心而	現 前 圓 妙 明 心 元 未 甞 昏 汝 自 妄 認 擾 者 為 心 而 
X13n0285_002:0243c22	現前寶明妙性元未甞擾汝自妄認身內為心而	現 前 寶 明 妙 性 元 未 甞 擾 汝 自 妄 認 身 內 為 心 而 
X13n0285_002:0243c23	現前本妙心性元非在內試詳味前文盲人見暗	現 前 本 妙 心 性 元 非 在 內 試 詳 味 前 文 盲 人 見 暗 
X13n0285_002:0243c24	乃至後文覺非眚中諸義當自得之譬如大海雖	乃 至 後 文 覺 非 眚 中 諸 義 當 自 得 之 譬 如 大 海 雖 
X13n0285_002:0244a01	舉體成漚而海體何曾減夫但上文如來所拈現	舉 體 成 漚 而 海 體 何 曾 減 夫 但 上 文 如 來 所 拈 現 
X13n0285_002:0244a02	前見性正指大海全體而阿難只今所計見聞必	前 見 性 正 指 大 海 全 體 而 阿 難 只 今 所 計 見 聞 必 
X13n0285_002:0244a03	不生滅仍復局在身中正如一浮漚體夫認一浮	不 生 滅 仍 復 局 在 身 中 正 如 一 浮 漚 體 夫 認 一 浮 
X13n0285_002:0244a04	漚已是迷情目此一漚為全潮瀛渤豈非迷中之	漚 已 是 迷 情 目 此 一 漚 為 全 潮 瀛 渤 豈 非 迷 中 之 
X13n0285_002:0244a05	迷此正首尾倒置之甚如我垂手向下雖無所減	迷 此 正 首 尾 倒 置 之 甚 如 我 垂 手 向 下 雖 無 所 減 
X13n0285_002:0244a06	而舉世皆以為倒矣豈不可憐愍哉然認悟中迷	而 舉 世 皆 以 為 倒 矣 豈 不 可 憐 愍 哉 然 認 悟 中 迷 
X13n0285_002:0244a07	意稍難解今更以兩義釋之一約無始無明二約	意 稍 難 解 今 更 以 兩 義 釋 之 一 約 無 始 無 明 二 約 
X13n0285_002:0244a08	現前觀炤一約無始者本覺之體名之曰悟真如	現 前 觀 炤 一 約 無 始 者 本 覺 之 體 名 之 曰 悟 真 如 
X13n0285_002:0244a09	不守自性不覺念起而有無明名悟中迷因明立	不 守 自 性 不 覺 念 起 而 有 無 明 名 悟 中 迷 因 明 立 
X13n0285_002:0244a10	所自體轉成頑空相分故言晦昧為空覺明空昧	所 自 體 轉 成 頑 空 相 分 故 言 晦 昧 為 空 覺 明 空 昧 
X13n0285_002:0244a11	相待生搖便有風大乃至四大等具如第四卷中	相 待 生 搖 便 有 風 大 乃 至 四 大 等 具 如 第 四 卷 中 
X13n0285_002:0244a12	所明故言結暗為色妄想攬取少分四大以為自	所 明 故 言 結 暗 為 色 妄 想 攬 取 少 分 四 大 以 為 自 
X13n0285_002:0244a13	身便有十二類生差別故言想相為身餘皆可知	身 便 有 十 二 類 生 差 別 故 言 想 相 為 身 餘 皆 可 知 
X13n0285_002:0244a14	二約現前者若一念觀智分明則本妙圓妙明心	二 約 現 前 者 若 一 念 觀 智 分 明 則 本 妙 圓 妙 明 心 
X13n0285_002:0244a15	寶明妙性覿體全彰名之為悟此時並無虗空四	寶 明 妙 性 覿 體 全 彰 名 之 為 悟 此 時 並 無 虗 空 四 
X13n0285_002:0244a16	大身心等相可得若一念失於觀炤即復舉體成	大 身 心 等 相 可 得 若 一 念 失 於 觀 炤 即 復 舉 體 成 
X13n0285_002:0244a17	迷而空色身心俄然幻現所謂晦昧為空等也又	迷 而 空 色 身 心 俄 然 幻 現 所 謂 晦 昧 為 空 等 也 又 
X13n0285_002:0244a18	復應知若無無始無明則無現前一念若離現前	復 應 知 若 無 無 始 無 明 則 無 現 前 一 念 若 離 現 前 
X13n0285_002:0244a19	一念亦別無無始無明故此二義只成一義秪要	一 念 亦 別 無 無 始 無 明 故 此 二 義 只 成 一 義 秪 要 
X13n0285_002:0244a20	阿難大眾識取現前見聞之性不墮迷情而已狂	阿 難 大 眾 識 取 現 前 見 聞 之 性 不 墮 迷 情 而 已 狂 
X13n0285_002:0244a21	心頓歇歇即菩提一念相應一念佛豈更有無始	心 頓 歇 歇 即 菩 提 一 念 相 應 一 念 佛 豈 更 有 無 始 
X13n0285_002:0244a22	無明積聚處所可追取而斷之耶學者不可不知。	無 明 積 聚 處 所 可 追 取 而 斷 之 耶 學 者 不 可 不 知 
X13n0285_002:0244a23	五約標指顯見性無還二初陳請二開示。今	五 約 標 指 顯 見 性 無 還 二 初 陳 請 二 開 示 今 
X13n0285_002:0244a24	初。	初 
X13n0285_002:0244b01	阿難承佛悲救深誨垂泣叉手而白佛言我雖承佛	阿 難 承 佛 悲 救 深 誨 垂 泣 叉 手 而 白 佛 言 我 雖 承 佛 
X13n0285_002:0244b02	如是妙音悟妙明心元所圓滿常住心地而我悟佛	如 是 妙 音 悟 妙 明 心 元 所 圓 滿 常 住 心 地 而 我 悟 佛 
X13n0285_002:0244b03	現說法音現以緣心允所瞻仰徒獲此心未敢認為	現 說 法 音 現 以 緣 心 允 所 瞻 仰 徒 獲 此 心 未 敢 認 為 
X13n0285_002:0244b04	本元心地願佛哀愍宣示圓音拔我疑根歸無上道。	本 元 心 地 願 佛 哀 愍 宣 示 圓 音 拔 我 疑 根 歸 無 上 道 
X13n0285_002:0244b05	大凡久執緣影既不能全體放下則於妙明見性	大 凡 久 執 緣 影 既 不 能 全 體 放 下 則 於 妙 明 見 性 
X13n0285_002:0244b06	必不能直下承當此是但聽說法不知反觀心性	必 不 能 直 下 承 當 此 是 但 聽 說 法 不 知 反 觀 心 性 
X13n0285_002:0244b07	之通病也惟其不肯反觀心性仍計緣心實能聽	之 通 病 也 惟 其 不 肯 反 觀 心 性 仍 計 緣 心 實 能 聽 
X13n0285_002:0244b08	法而不知緣影無性決無聽法功能能聽法者即	法 而 不 知 緣 影 無 性 決 無 聽 法 功 能 能 聽 法 者 即 
X13n0285_002:0244b09	是本元心地之力用耳。二開示二初以喻總明	是 本 元 心 地 之 力 用 耳 二 開 示 二 初 以 喻 總 明 
X13n0285_002:0244b10	二就體別簡。今初。	二 就 體 別 簡 今 初 
X13n0285_002:0244b11	佛告阿難汝等尚以緣心聽法此法亦緣非得法性	佛 告 阿 難 汝 等 尚 以 緣 心 聽 法 此 法 亦 緣 非 得 法 性 
X13n0285_002:0244b12	如人以手指月示人彼人因指當應看月若復觀指	如 人 以 手 指 月 示 人 彼 人 因 指 當 應 看 月 若 復 觀 指 
X13n0285_002:0244b13	以為月體此人豈惟亡失月輪亦亡其指何以故以	以 為 月 體 此 人 豈 惟 亡 失 月 輪 亦 亡 其 指 何 以 故 以 
X13n0285_002:0244b14	所標指為明月故豈惟亡指亦復不識明之與暗何	所 標 指 為 明 月 故 豈 惟 亡 指 亦 復 不 識 明 之 與 暗 何 
X13n0285_002:0244b15	以故即以指體為月明性明暗二性無所了故汝亦	以 故 即 以 指 體 為 月 明 性 明 暗 二 性 無 所 了 故 汝 亦 
X13n0285_002:0244b16	如是。	如 是 
X13n0285_002:0244b17	意謂緣影之心的的不能聽法而汝等尚妄以為	意 謂 緣 影 之 心 的 的 不 能 聽 法 而 汝 等 尚 妄 以 為 
X13n0285_002:0244b18	能聽法耶既妄計緣心能聽則并我所說之法亦	能 聽 法 耶 既 妄 計 緣 心 能 聽 則 并 我 所 說 之 法 亦 
X13n0285_002:0244b19	為塵緣而非得法性如人觀指終不得月矣結中	為 塵 緣 而 非 得 法 性 如 人 觀 指 終 不 得 月 矣 結 中 
X13n0285_002:0244b20	云汝亦如是者應以法合之曰今佛以聲音指示	云 汝 亦 如 是 者 應 以 法 合 之 曰 今 佛 以 聲 音 指 示 
X13n0285_002:0244b21	汝等見性汝等因我說法當應反觀自己見性若	汝 等 見 性 汝 等 因 我 說 法 當 應 反 觀 自 己 見 性 若 
X13n0285_002:0244b22	復分別法音以為見性汝等豈惟亡失見性亦亡	復 分 別 法 音 以 為 見 性 汝 等 豈 惟 亡 失 見 性 亦 亡 
X13n0285_002:0244b23	法音何以故以法音聲為見性故豈惟亡此法音	法 音 何 以 故 以 法 音 聲 為 見 性 故 豈 惟 亡 此 法 音 
X13n0285_002:0244b24	亦復不識誰是有知誰是無知何以故即以法音	亦 復 不 識 誰 是 有 知 誰 是 無 知 何 以 故 即 以 法 音 
X13n0285_002:0244c01	緣影為是有知而能聽法如以指為明而真能聽	緣 影 為 是 有 知 而 能 聽 法 如 以 指 為 明 而 真 能 聽 
X13n0285_002:0244c02	法之妙明心反未敢認為本元心地如以月為暗	法 之 妙 明 心 反 未 敢 認 為 本 元 心 地 如 以 月 為 暗 
X13n0285_002:0244c03	矣豈不謬哉此中總以月喻見性指喻法音觀指	矣 豈 不 謬 哉 此 中 總 以 月 喻 見 性 指 喻 法 音 觀 指 
X13n0285_002:0244c04	之影喻緣心也。二就體別簡二初簡緣心可還	之 影 喻 緣 心 也 二 就 體 別 簡 二 初 簡 緣 心 可 還 
X13n0285_002:0244c05	如觀指影二示見性無還如天上月。初中二初	如 觀 指 影 二 示 見 性 無 還 如 天 上 月 初 中 二 初 
X13n0285_002:0244c06	近就音聲分別以明無性二廣歷諸法分別以示	近 就 音 聲 分 別 以 明 無 性 二 廣 歷 諸 法 分 別 以 示 
X13n0285_002:0244c07	可還。今初。	可 還 今 初 
X13n0285_002:0244c08	若以分別我說法音為汝心者此心自應離分別音	若 以 分 別 我 說 法 音 為 汝 心 者 此 心 自 應 離 分 別 音 
X13n0285_002:0244c09	有分別性(方可名為汝心)譬如有客寄宿旅亭暫止便去終	有 分 別 性 方 可 名 為 汝 心 譬 如 有 客 寄 宿 旅 亭 暫 止 便 去 終 
X13n0285_002:0244c10	不常住而掌亭人都無所去名為亭主(今)此(分別音者)亦	不 常 住 而 掌 亭 人 都 無 所 去 名 為 亭 主 今 此 分 別 音 者 亦 
X13n0285_002:0244c11	(復)如是若(使)真(是)汝心則無所去云何(今乃)離聲(更)無	 復 如 是 若 使 真 是 汝 心 則 無 所 去 云 何 今 乃 離 聲 更 無 
X13n0285_002:0244c12	分別(之)性(與掌亭人不相似耶)。	分 別 之 性 與 掌 亭 人 不 相 似 耶 
X13n0285_002:0244c13	此中初二句是縱詞譬如下是設喻此亦如是下	此 中 初 二 句 是 縱 詞 譬 如 下 是 設 喻 此 亦 如 是 下 
X13n0285_002:0244c14	是以法合而奪之也。二廣歷諸法分別以示可	是 以 法 合 而 奪 之 也 二 廣 歷 諸 法 分 別 以 示 可 
X13n0285_002:0244c15	還。	還 
X13n0285_002:0244c16	斯則豈惟聲分別心分別我容離諸色相無分別性	斯 則 豈 惟 聲 分 別 心 分 別 我 容 離 諸 色 相 無 分 別 性 
X13n0285_002:0244c17	如是乃至分別都無非色非空拘舍離等昧為冥諦	如 是 乃 至 分 別 都 無 非 色 非 空 拘 舍 離 等 昧 為 冥 諦 
X13n0285_002:0244c18	離諸法緣無分別性則汝心性各有所還云何為主。	離 諸 法 緣 無 分 別 性 則 汝 心 性 各 有 所 還 云 何 為 主 
X13n0285_002:0244c19	此極言一切分別皆無自性皆是可還而決不可	此 極 言 一 切 分 別 皆 無 自 性 皆 是 可 還 而 決 不 可 
X13n0285_002:0244c20	誤認為主也承上文言斯則豈惟因聲而有分別	誤 認 為 主 也 承 上 文 言 斯 則 豈 惟 因 聲 而 有 分 別 
X13n0285_002:0244c21	之心毫無自性即汝分別我三十二相妙容之心	之 心 毫 無 自 性 即 汝 分 別 我 三十二相 妙 容 之 心 
X13n0285_002:0244c22	離諸色相亦更無分別性如是乃至分別香味觸	離 諸 色 相 亦 更 無 分 別 性 如 是 乃 至 分 別 香 味 觸 
X13n0285_002:0244c23	法之心離彼香味觸法亦更無分別性縱令分別	法 之 心 離 彼 香 味 觸 法 亦 更 無 分 別 性 縱 令 分 別 
X13n0285_002:0244c24	彼都無非色非空境界拘舍離等所昧為冥諦者	彼 都 無 非 色 非 空 境 界 拘 舍 離 等 所 昧 為 冥 諦 者 
X13n0285_002:0245a01	亦即以此冥諦而為法緣若離此冥諦法緣亦更	亦 即 以 此 冥 諦 而 為 法 緣 若 離 此 冥 諦 法 緣 亦 更 
X13n0285_002:0245a02	無分別性也繇此言之分別聲者還之於聲分別	無 分 別 性 也 繇 此 言 之 分 別 聲 者 還 之 於 聲 分 別 
X13n0285_002:0245a03	色者還之於色乃至分別冥諦者還之於冥諦汝	色 者 還 之 於 色 乃 至 分 別 冥 諦 者 還 之 於 冥 諦 汝 
X13n0285_002:0245a04	若欲認此分別以為心性則汝心性各有所還云	若 欲 認 此 分 別 以 為 心 性 則 汝 心 性 各 有 所 還 云 
X13n0285_002:0245a05	何為主耶此文必須如此消釋方有著落舊解誤	何 為 主 耶 此 文 必 須 如 此 消 釋 方 有 著 落 舊 解 誤 
X13n0285_002:0245a06	以分別都無四字為都無分別謬云既破分別兼	以 分 別 都 無 四 字 為 都 無 分 別 謬 云 既 破 分 別 兼 
X13n0285_002:0245a07	破無分別不知無分別有何過咎而忽破之且冥	破 無 分 別 不 知 無 分 別 有 何 過 咎 而 忽 破 之 且 冥 
X13n0285_002:0245a08	諦正屬分別見惑所攝何嘗是無分別耶文理不	諦 正 屬 分 別 見 惑 所 攝 何 嘗 是 無 分 別 耶 文 理 不 
X13n0285_002:0245a09	通可歎可恨今謂都無二字是其所分別境非色	通 可 歎 可 恨 今 謂 都 無 二 字 是 其 所 分 別 境 非 色 
X13n0285_002:0245a10	非空四字即是都無註脚此非色非空實是自心	非 空 四 字 即 是 都 無 註 脚 此 非 色 非 空 實 是 自 心 
X13n0285_002:0245a11	現量境界繇彼外道邪見分別不達惟心所以昧	現 量 境 界 繇 彼 外道邪見 分 別 不 達 惟 心 所 以 昧 
X13n0285_002:0245a12	之為冥諦耳。二示見性無還如天上月又二初	之 為 冥 諦 耳 二 示 見 性 無 還 如 天 上 月 又 二 初 
X13n0285_002:0245a13	承責咨請二正示無還。今初。	承 責 咨 請 二 正 示 無 還 今 初 
X13n0285_002:0245a14	阿難言若我心性各有所還則如來說妙明元心云	阿 難 言 若 我 心 性 各 有 所 還 則 如 來 說 妙 明 元 心 云 
X13n0285_002:0245a15	何無還惟垂哀愍為我宣說。	何 無 還 惟 垂 哀 愍 為 我 宣 說 
X13n0285_002:0245a16	二正示無還又三初就月喻顯法體二以可還顯	二 正 示 無 還 又 三 初 就 月 喻 顯 法 體 二 以 可 還 顯 
X13n0285_002:0245a17	不還三結不還是本心。今初。	不 還 三 結 不 還 是 本 心 今 初 
X13n0285_002:0245a18	佛告阿難且汝見我見精明元此見雖非妙精明心	佛 告 阿 難 且 汝 見 我 見 精 明 元 此 見 雖 非 妙 精 明 心 
X13n0285_002:0245a19	如第二月非是月影。	如 第 二 月 非 是 月 影 
X13n0285_002:0245a20	此直指現在見精如天上月不同緣塵分別之如	此 直 指 現 在 見 精 如 天 上 月 不 同 緣 塵 分 別 之 如 
X13n0285_002:0245a21	月影也但以見為能見佛為所見於一體中妄成	月 影 也 但 以 見 為 能 見 佛 為 所 見 於 一 體 中 妄 成 
X13n0285_002:0245a22	見相二分猶如揑目妄見二月不得即名之為妙	見 相 二 分 猶 如 揑 目 妄 見 二 月 不 得 即 名 之 為 妙 
X13n0285_002:0245a23	精明心若達能所不二惟一真心則如來藏性覿	精 明 心 若 達 能 所 不 二 惟 一 真 心 則 如 來 藏 性 覿 
X13n0285_002:0245a24	體無遺矣二以可還顯不還。	體 無 遺 矣 二 以 可 還 顯 不 還 
X13n0285_002:0245b01	汝應諦聽今當示汝無所還地阿難此大講堂洞開	汝 應 諦 聽 今 當 示 汝 無 所 還 地 阿 難 此 大 講 堂 洞 開 
X13n0285_002:0245b02	東方日輪升天則有明曜中夜黑月雲霧晦暝則復	東 方 日 輪 升 天 則 有 明 曜 中 夜 黑 月 雲 霧 晦 暝 則 復 
X13n0285_002:0245b03	昏暗戶牖之隙則復見通牆字之間則復觀壅分別	昏 暗 戶 牖 之 隙 則 復 見 通 牆 字 之 間 則 復 觀 壅 分 別 
X13n0285_002:0245b04	(猶言差別)之處則復見緣頑虗之中徧是空性鬱[土*孛]之象	 猶 言 差 別 之 處 則 復 見 緣 頑 虗 之 中 徧 是 空 性 鬱 [土孛] 之 象 
X13n0285_002:0245b05	則紆昏塵澄霽斂氛又觀清淨阿難汝咸看此諸變	則 紆 昏 塵 澄 霽 斂 氛 又 觀 清 淨 阿 難 汝 咸 看 此 諸 變 
X13n0285_002:0245b06	化相吾今各還本所因處云何本因阿難此諸變化	化 相 吾 今 各 還 本 所 因 處 云 何 本 因 阿 難 此 諸 變 化 
X13n0285_002:0245b07	明還日輪何以故無日不明明(之本)因屬日是故還(之於)	明 還 日 輪 何 以 故 無 日 不 明 明 之 本 因 屬 日 是 故 還 之 於 
X13n0285_002:0245b08	日暗還黑月通還戶牖壅還牆宇緣還分別(亦是差別之義)	日 暗 還 黑 月 通 還 戶 牖 壅 還 牆 宇 緣 還 分 別 亦 是 差 別 之 義 
X13n0285_002:0245b09	頑虗還空鬱[土*孛]還塵清明還霽則諸世間一切所有	頑 虗 還 空 鬱 [土孛] 還 塵 清 明 還 霽 則 諸 世 間 一 切 所 有 
X13n0285_002:0245b10	(總)不出(於)斯類汝(今)見(此)八種(之)見精明於當欲誰	 總 不 出 於 斯 類 汝 今 見 此 八 種 之 見 精 明 於 當 欲 誰 
X13n0285_002:0245b11	還何以故若還於明則不明時無復見暗(今)雖明暗	還 何 以 故 若 還 於 明 則 不 明 時 無 復 見 暗 今 雖 明 暗 
X13n0285_002:0245b12	等種種差別(而)見(總)無差別(豈可還乎)。	等 種種差別 而 見 總 無 差 別 豈 可 還 乎 
X13n0285_002:0245b13	見無差別正顯與八種塵緣不同故終不可還也。	見 無 差 別 正 顯 與 八 種 塵 緣 不 同 故 終 不 可 還 也 
X13n0285_002:0245b14	三結不還是本心。	三 結 不 還 是 本 心 
X13n0285_002:0245b15	諸可還者自然非汝不汝還者非汝而誰則知汝心	諸 可 還 者 自 然 非 汝 不 汝 還 者 非 汝 而 誰 則 知 汝 心 
X13n0285_002:0245b16	本妙明淨汝自迷悶喪本受輪於生死中常被漂溺	本 妙 明 淨 汝 自 迷 悶 喪 本 受 輪 於 生 死 中 常 被 漂 溺 
X13n0285_002:0245b17	是故如來名可憐愍。	是 故 如 來 名 可 憐 愍 
X13n0285_002:0245b18	言八種塵緣之可還者既自然非汝則此見精明	言 八 種 塵 緣 之 可 還 者 既 自 然 非 汝 則 此 見 精 明 
X13n0285_002:0245b19	性不容汝有所還者非是汝之本元心地而是誰	性 不 容 汝 有 所 還 者 非 是 汝 之 本 元 心 地 而 是 誰 
X13n0285_002:0245b20	哉此心不可思議故本妙此心能見八種故本明	哉 此 心 不可思議 故 本 妙 此 心 能 見 八 種 故 本 明 
X13n0285_002:0245b21	此心不是八種故本淨而今汝自迷悶反不敢認	此 心 不 是 八 種 故 本 淨 而 今 汝 自 迷 悶 反 不 敢 認 
X13n0285_002:0245b22	為本元心地所以喪本受輪枉漂溺於生死海也	為 本 元 心 地 所 以 喪 本 受 輪 枉 漂 溺 於 生 死 海 也 
X13n0285_002:0245b23	大似演若迷頭認影豈不深可憐愍。六約周徧	大 似 演 若 迷 頭 認 影 豈 不 深 可 憐 愍 六 約 周 徧 
X13n0285_002:0245b24	顯見性非物二初示無差別義二示無大小義交	顯 見 性 非 物 二 初 示 無 差 別 義 二 示 無 大 小 義 交 
X13n0285_002:0245c01	光於此分作二番或復於此分作三番總因不知	光 於 此 分 作 二 番 或 復 於 此 分 作 三 番 總 因 不 知 
X13n0285_002:0245c02	阿難問處著落故於答處自多鹵莽而分作三番	阿 難 問 處 著 落 故 於 答 處 自 多 鹵 莽 而 分 作 三 番 
X13n0285_002:0245c03	者尤為穿鑿可笑。初中二初問二答。今初。	者 尤 為 穿 鑿 可 笑 初 中 二 初 問 二 答 今 初 
X13n0285_002:0245c04	阿難言我雖識此見性無還云何得知是我真性。	阿 難 言 我 雖 識 此 見 性 無 還 云何得知 是 我 真 性 
X13n0285_002:0245c05	須知阿難此時仍未全捨緣心所以聽佛法音不	須 知 阿 難 此 時 仍 未 全 捨 緣 心 所 以 聽 佛 法 音 不 
X13n0285_002:0245c06	能直下反觀自性却於法音之上變成一段昭昭	能 直 下 反 觀 自 性 却 於 法 音 之 上 變 成 一 段 昭 昭 
X13n0285_002:0245c07	靈靈光景現在目前喚作見性所以不敢謂是我	靈 靈 光 景 現 在 目 前 喚 作 見 性 所 以 不 敢 謂 是 我 
X13n0285_002:0245c08	之真性不知設有昭昭靈靈一段光景使是物件	之 真 性 不 知 設 有 昭 昭 靈 靈 一 段 光 景 使 是 物 件 
X13n0285_002:0245c09	而非見性矣故佛以非物破之。二答中三初約	而 非 見 性 矣 故 佛 以 非 物 破 之 二 答 中 三 初 約 
X13n0285_002:0245c10	迷悟明無差而差二約自他明差而無差三正示	迷 悟 明 無 差 而 差 二 約 自 他 明 差 而 無 差 三 正 示 
X13n0285_002:0245c11	見性非物。今初。	見 性 非 物 今 初 
X13n0285_002:0245c12	佛告阿難吾今問汝今汝未得無漏清淨承佛神力	佛 告 阿 難 吾 今 問 汝 今 汝 未 得 無 漏 清 淨 承佛神力 
X13n0285_002:0245c13	見於初禪得無障礙而阿那律見閻浮提如觀掌中	見 於 初 禪 得 無 障 礙 而 阿 那 律 見 閻 浮 提 如 觀 掌 中 
X13n0285_002:0245c14	菴摩羅果諸菩薩等見百千界十方如來窮盡微塵	菴 摩 羅 果 諸 菩 薩 等 見 百 千 界 十 方 如 來 窮 盡 微 塵 
X13n0285_002:0245c15	清淨國土無所不矚眾生洞視不過分寸。	清 淨 國 土 無 所 不 矚 眾 生 洞 視 不 過 分 寸 
X13n0285_002:0245c16	阿那律此云無貧天眼第一徹見大千故觀閻浮	阿 那 律 此 云 無 貧 天 眼 第 一 徹 見 大 千 故 觀 閻 浮 
X13n0285_002:0245c17	如掌果也菴摩羅此方所無或翻難分別以生熟	如 掌 果 也 菴 摩 羅 此 方 所 無 或 翻 難 分 別 以 生 熟 
X13n0285_002:0245c18	難分故此段文意為顯見性惟一迷悟天殊然迷	難 分 故 此 段 文 意 為 顯 見 性 惟 一 迷 悟 天 殊 然 迷 
X13n0285_002:0245c19	悟雖殊見性無二洞視分寸之見性即是窮盡國	悟 雖 殊 見 性 無 二 洞 視 分 寸 之 見 性 即 是 窮 盡 國 
X13n0285_002:0245c20	土之見性譬如一星之火便可燎原無奈眾生自	土 之 見 性 譬 如 一 星 之 火 便 可 燎 原 無 奈 眾 生 自 
X13n0285_002:0245c21	局迷情而此見性的是各各自具之真性也。二	局 迷 情 而 此 見 性 的 是 各 各 自 具 之 真 性 也 二 
X13n0285_002:0245c22	約自他明差而無差。	約 自 他 明 差 而 無 差 
X13n0285_002:0245c23	阿難且吾與汝觀四天王所住宮殿中間徧覽水陸	阿 難 且 吾 與 汝 觀 四 天 王 所 住 宮 殿 中 間 徧 覽 水 陸 
X13n0285_002:0245c24	空行雖有昏明種種形像無非前塵分別留礙汝應	空 行 雖 有 昏 明 種 種 形 像 無 非 前 塵 分 別 留 礙 汝 應 
X13n0285_002:0246a01	於此分別自他今吾將汝擇於見中誰是(汝之)我體誰	於 此 分 別 自 他 今 吾 將 汝 擇 於 見 中 誰 是 汝 之 我 體 誰 
X13n0285_002:0246a02	為物象阿難極汝見源從日月宮是物非汝至七金	為 物 象 阿 難 極 汝 見 源 從 日 月 宮 是 物 非 汝 至 七 金 
X13n0285_002:0246a03	山周徧諦觀雖種種光亦物非汝漸漸更觀雲騰鳥	山 周 徧 諦 觀 雖 種 種 光 亦 物 非 汝 漸 漸 更 觀 雲 騰 鳥 
X13n0285_002:0246a04	飛風動塵起樹木山川草芥人畜咸物非汝阿難是	飛 風 動 塵 起 樹 木 山 川 草 芥 人 畜 咸 物 非 汝 阿 難 是 
X13n0285_002:0246a05	諸近遠諸有物性雖復差殊同汝見精清淨所矚則	諸 近 遠 諸 有 物 性 雖 復 差 殊 同 汝 見 精 清 淨 所 矚 則 
X13n0285_002:0246a06	諸物類自有差別見性無殊此精妙明誠汝見性。	諸 物 類 自 有 差 別 見 性 無 殊 此 精 妙 明 誠 汝 見 性 
X13n0285_002:0246a07	分別自他者物是他而非自見是自而非物也極	分 別 自 他 者 物 是 他 而 非 自 見 是 自 而 非 物 也 極 
X13n0285_002:0246a08	汝見源者且就彼之見精分量邊際而言之也此	汝 見 源 者 且 就 彼 之 見 精 分 量 邊 際 而 言 之 也 此 
X13n0285_002:0246a09	段文意正顯種種有差別者是物是他清淨見精	段 文 意 正 顯 種 種 有 差 別 者 是 物 是 他 清 淨 見 精 
X13n0285_002:0246a10	無差別者非物非他即真汝性所以酬其云何得	無 差 別 者 非 物 非 他 即 真 汝 性 所 以 酬 其 云 何 得 
X13n0285_002:0246a11	知是我真性之問也。三正示見性非物。	知 是 我 真 性 之 問 也 三 正 示 見 性 非 物 
X13n0285_002:0246a12	若見是物則汝亦可見吾之見若同見者名為見吾	若 見 是 物 則 汝 亦 可 見 吾 之 見 若 同 見 者 名 為 見 吾 
X13n0285_002:0246a13	吾不見時何不見吾不見之處若見不見自然非彼	吾 不 見 時 何 不 見 吾 不 見 之 處 若 見 不 見 自 然 非 彼 
X13n0285_002:0246a14	不見之相若不見吾不見之地自然非物云何非汝	不 見 之 相 若 不 見 吾 不 見 之 地 自 然 非 物 云 何 非 汝 
X13n0285_002:0246a15	又則汝今見物之時汝既見物物亦見汝體性紛雜	又 則 汝 今 見 物 之 時 汝 既 見 物 物 亦 見 汝 體 性 紛 雜 
X13n0285_002:0246a16	則汝與我并諸世間不成安立阿難若汝見時是汝	則 汝 與 我 并 諸 世 間 不 成 安 立 阿 難 若 汝 見 時 是 汝 
X13n0285_002:0246a17	非我見性周徧非汝而誰云何自疑汝之真性性汝	非 我 見 性 周 徧 非 汝 而 誰 云 何 自 疑 汝 之 真 性 性 汝 
X13n0285_002:0246a18	不真取我求實。	不 真 取 我 求 實 
X13n0285_002:0246a19	此正懸知阿難意中誤認昭昭靈靈之物以為見	此 正 懸 知 阿 難 意 中 誤 認 昭 昭 靈 靈 之 物 以 為 見 
X13n0285_002:0246a20	性故躡而破之也文有三節初若見是物下以見	性 故 躡 而 破 之 也 文 有 三 節 初 若 見 是 物 下 以 見 
X13n0285_002:0246a21	既是物物應可見破之次又則汝今下以見既是	既 是 物 物 應 可 見 破 之 次 又 則 汝 今 下 以 見 既 是 
X13n0285_002:0246a22	物物亦能見破之三阿難若汝見時下雙承二義	物 物 亦 能 見 破 之 三 阿 難 若 汝 見 時 下 雙 承 二 義 
X13n0285_002:0246a23	結屬當人也。	結 屬 當 人 也 
X13n0285_002:0246a24	初文意者若使此見不是汝性而是一物者則汝	初 文 意 者 若 使 此 見 不 是 汝 性 而 是 一 物 者 則 汝 
X13n0285_002:0246b01	之見既是一物佛之見亦是一物而汝亦可見佛	之 見 既 是 一 物 佛 之 見 亦 是 一 物 而 汝 亦 可 見 佛 
X13n0285_002:0246b02	之見矣又汝若但以與佛同見前物者即名為見	之 見 矣 又 汝 若 但 以 與 佛 同 見 前 物 者 即 名 為 見 
X13n0285_002:0246b03	佛之見則佛見時既見佛見之處佛不見時何不	佛 之 見 則 佛 見 時 既 見 佛 見 之 處 佛 不 見 時 何 不 
X13n0285_002:0246b04	亦見佛不見之處乎葢彼既謬謂見是一物則佛	亦 見 佛 不 見 之 處 乎 葢 彼 既 謬 謂 見 是 一 物 則 佛 
X13n0285_002:0246b05	放出此一物時見其放在眼前佛收拾此一物時	放 出 此 一 物 時 見 其 放 在 眼 前 佛 收 拾 此 一 物 時 
X13n0285_002:0246b06	亦當見其收拾在一處也又若妄謂見有一个佛	亦 當 見 其 收 拾 在 一 處 也 又 若 妄 謂 見 有 一 个 佛 
X13n0285_002:0246b07	不見處此則但是汝不見處自然非彼如來分中	不 見 處 此 則 但 是 汝 不 見 處 自 然 非 彼 如 來 分 中 
X13n0285_002:0246b08	不見之相矣豈可以汝妄心中所想不見之相謂	不 見 之 相 矣 豈 可 以 汝 妄 心 中 所 想 不 見 之 相 謂 
X13n0285_002:0246b09	是如來不見之相哉如此展轉破竟方結示云若	是 如 來 不 見 之 相 哉 如 此 展 轉 破 竟 方 結 示 云 若 
X13n0285_002:0246b10	汝實不見佛不見之地則此見性自然不是昭昭	汝 實 不 見 佛 不 見 之 地 則 此 見 性 自 然 不 是 昭 昭 
X13n0285_002:0246b11	靈靈之一物云何而非汝性耶次文意者又若妄	靈 靈 之 一 物 云 何 而 非 汝 性 耶 次 文 意 者 又 若 妄 
X13n0285_002:0246b12	計見是一物則物亦當能見是則汝今見物之時	計 見 是 一 物 則 物 亦 當 能 見 是 則 汝 今 見 物 之 時 
X13n0285_002:0246b13	汝既見物物亦見汝物體見性紛然雜亂不知誰	汝 既 見 物 物 亦 見 汝 物 體 見 性 紛 然 雜 亂 不 知 誰 
X13n0285_002:0246b14	能誰所誰自誰他誰為正報誰為依報破壞世諦	能 誰 所 誰 自 誰 他 誰 為 正 報 誰 為 依 報 破 壞 世 諦 
X13n0285_002:0246b15	法相則汝與我并諸世間不成安立又豈有是理	法 相 則 汝 與 我 并 諸 世 間 不 成 安 立 又 豈 有 是 理 
X13n0285_002:0246b16	哉此繇阿難全迷見性認作一物故得以此破之	哉 此 繇 阿 難 全 迷 見 性 認 作 一 物 故 得 以 此 破 之 
X13n0285_002:0246b17	若達一切惟心則境智互炤便成四句法門深顯	若 達 一 切 惟 心 則 境 智 互 炤 便 成 四 句 法 門 深 顯 
X13n0285_002:0246b18	第一義諦而世諦法相仍無破壞矣第三文者承	第一義諦 而 世 諦 法 相 仍 無 破 壞 矣 第 三 文 者 承 
X13n0285_002:0246b19	上破竟方正結云阿難若汝見時但是汝見而非	上 破 竟 方 正 結 云 阿 難 若 汝 見 時 但 是 汝 見 而 非 
X13n0285_002:0246b20	佛見則見性周徧非汝之真性而更屬誰云何自	佛 見 則 見 性 周 徧 非 汝 之 真 性 而 更 屬 誰 云 何 自 
X13n0285_002:0246b21	疑汝之真性性本在汝而不以為真反取我言以	疑 汝 之 真 性 性 本 在 汝 而 不 以 為 真 反 取 我 言 以 
X13n0285_002:0246b22	求實何耶。二示無大小義二初疑問二答釋。	求 實 何 耶 二 示 無 大 小 義 二 初 疑 問 二 答 釋 
X13n0285_002:0246b23	今初。	今 初 
X13n0285_002:0246b24	阿難白佛言世尊若此見性必我非餘我與如來觀	阿 難 白 佛 言 世 尊 若 此 見 性 必 我 非 餘 我 與 如 來 觀 
X13n0285_002:0246c01	四天王勝藏寶殿居日月宮此見周圓徧娑婆國退	四 天 王 勝 藏 寶 殿 居 日 月 宮 此 見 周 圓 徧 娑 婆 國 退 
X13n0285_002:0246c02	歸精舍秪見伽藍清心戶堂但瞻詹廡世尊此見如	歸 精 舍 秪 見 伽 藍 清 心 戶 堂 但 瞻 詹 廡 世 尊 此 見 如 
X13n0285_002:0246c03	是其體本來周徧一界今在室中唯滿一室為復此	是 其 體 本 來 周 徧 一 界 今 在 室 中 唯 滿 一 室 為 復 此 
X13n0285_002:0246c04	見縮大為小為當牆宇夾令斷絕我今不知斯義所	見 縮 大 為 小 為 當 牆 宇 夾 令 斷 絕 我 今 不 知 斯 義 所 
X13n0285_002:0246c05	在願垂弘慈為我敷演。	在 願 垂 弘 慈 為 我 敷 演 
X13n0285_002:0246c06	此繇阿難意中仍以昭昭靈靈之物喚作見性故	此 繇 阿 難 意 中 仍 以 昭 昭 靈 靈 之 物 喚 作 見 性 故 
X13n0285_002:0246c07	雖如來重重結屬彼則重重疑惑終不敢認耳必	雖 如 來 重 重 結 屬 彼 則 重 重 疑 惑 終 不 敢 認 耳 必 
X13n0285_002:0246c08	我非餘者承上非汝而誰之語而言之也至此尚	我 非 餘 者 承 上 非 汝 而 誰 之 語 而 言 之 也 至 此 尚 
X13n0285_002:0246c09	不肯認為自己故佛以迷己為物責之故知合前	不 肯 認 為 自 己 故 佛 以 迷 己 為 物 責 之 故 知 合 前 
X13n0285_002:0246c10	一節的是同顯見性非物之旨而分作三番二番	一 節 的 是 同 顯 見 性 非 物 之 旨 而 分 作 三 番 二 番 
X13n0285_002:0246c11	者皆謬也。二答釋二初破執二會通。今初。	者 皆 謬 也 二 答 釋 二 初 破 執 二 會 通 今 初 
X13n0285_002:0246c12	佛告阿難一切世間大小內外諸所事業各屬前塵	佛 告 阿 難 一切世間 大 小 內 外 諸 所 事 業 各 屬 前 塵 
X13n0285_002:0246c13	不應說言見有舒縮譬如方器中見方空吾復問汝	不 應 說 言 見 有 舒 縮 譬 如 方 器 中 見 方 空 吾 復 問 汝 
X13n0285_002:0246c14	此方器中所見方空為復定方為不定方若定方者	此 方 器 中 所 見 方 空 為 復 定 方 為 不 定 方 若 定 方 者 
X13n0285_002:0246c15	別安圓器空應不圓若不定者在方器中應無方空	別 安 圓 器 空 應 不 圓 若 不 定 者 在 方 器 中 應 無 方 空 
X13n0285_002:0246c16	汝言不知斯義所在義性如是云何為在阿難若復	汝 言 不 知 斯 義 所 在 義 性 如 是 云 何 為 在 阿 難 若 復 
X13n0285_002:0246c17	欲令入無方圓但除器方空體無方不應說言更除	欲 令 入 無 方 圓 但 除 器 方 空 體 無 方 不 應 說 言 更 除 
X13n0285_002:0246c18	虗空方相所在若如汝問入室之時縮見令小仰觀	虗 空 方 相 所 在 若 如 汝 問 入 室 之 時 縮 見 令 小 仰 觀 
X13n0285_002:0246c19	日時汝豈挽見齊於日面若築牆宇能夾見斷穿為	日 時 汝 豈 挽 見 齊 於 日 面 若 築 牆 宇 能 夾 見 斷 穿 為 
X13n0285_002:0246c20	小竇寧無續跡是義不然。	小 竇 寧 無 續 跡 是 義 不 然 
X13n0285_002:0246c21	此中文亦三節初從一切世間至見有舒縮直明	此 中 文 亦 三 節 初 從 一切世間 至 見 有 舒 縮 直 明 
X13n0285_002:0246c22	大小內外等總屬前塵邊事與汝見性無于次從	大 小 內 外 等 總 屬 前 塵 邊 事 與 汝 見 性 無 于 次 從 
X13n0285_002:0246c23	譬如方器至方相所在借喻以明見性隨緣不變	譬 如 方 器 至 方 相 所 在 借 喻 以 明 見 性 隨 緣 不 變 
X13n0285_002:0246c24	不變隨緣之義三從若如汝問至是義不然結責	不 變 隨 緣 之 義 三 從 若 如 汝 問 至 是 義 不 然 結 責 
X13n0285_002:0247a01	其所問之非初文易知次文者方圓諸器以喻前	其 所 問 之 非 初 文 易 知 次 文 者 方 圓 諸 器 以 喻 前 
X13n0285_002:0247a02	塵空喻見性在方則方在圓則圓此是不變隨緣	塵 空 喻 見 性 在 方 則 方 在 圓 則 圓 此 是 不 變 隨 緣 
X13n0285_002:0247a03	之義方亦是空圓亦是空此是隨緣不變之義義	之 義 方 亦 是 空 圓 亦 是 空 此 是 隨 緣 不 變 之 義 義 
X13n0285_002:0247a04	性如是故定與不定皆為戲論也若復欲令入無	性 如 是 故 定 與 不 定 皆 為 戲 論 也 若 復 欲 令 入 無 
X13n0285_002:0247a05	方圓者喻顯返妄歸真意也但除器方空體無方	方 圓 者 喻 顯 返 妄 歸 真 意 也 但 除 器 方 空 體 無 方 
X13n0285_002:0247a06	者喻顯此之妙性正隨緣時從來不變但離妄緣	者 喻 顯 此 之 妙 性 正 隨 緣 時 從 來 不 變 但 離 妄 緣 
X13n0285_002:0247a07	本體如故也不應說言更除虗空方相所在者喻	本 體 如 故 也 不 應 說 言 更 除 虗 空 方 相 所 在 者 喻 
X13n0285_002:0247a08	顯性體元無諸妄今亦無妄可除也此喻雙顯性	顯 性 體 元 無 諸 妄 今 亦 無 妄 可 除 也 此 喻 雙 顯 性 
X13n0285_002:0247a09	修妙旨極為親切人都怱之第二結責文亦易知。	修 妙 旨 極 為 親 切 人 都 怱 之 第 二 結 責 文 亦 易 知 
X13n0285_002:0247a10	二會通。	二 會 通 
X13n0285_002:0247a11	一切眾生從無始來迷己為物失於本心為物所轉	一 切 眾 生 從無始來 迷 己 為 物 失 於 本 心 為 物 所 轉 
X13n0285_002:0247a12	故於是中觀大觀小若能轉物則同如來身心圓明	故 於 是 中 觀 大 觀 小 若 能 轉 物 則 同 如 來 身 心 圓 明 
X13n0285_002:0247a13	不動道場於一毛端徧能含受十方國土。	不 動 道 場 於 一 毛 端 徧 能 含 受 十 方 國 土 
X13n0285_002:0247a14	此即第三番徹底顯性之文也葢十方依正總是	此 即 第 三 番 徹 底 顯 性 之 文 也 葢 十 方 依 正 總 是 
X13n0285_002:0247a15	妙心中所現物所謂盡大地是箇自己而今迷之	妙 心 中 所 現 物 所 謂 盡 大 地 是 箇 自 己 而 今 迷 之 
X13n0285_002:0247a16	以為外物失於本有真心反被外物所轉故於是	以 為 外 物 失 於 本 有 真 心 反 被 外 物 所 轉 故 於 是 
X13n0285_002:0247a17	中觀大觀小豈知大亦惟心小亦惟心惟心之大	中 觀 大 觀 小 豈 知 大 亦 惟 心 小 亦 惟 心 惟 心 之 大 
X13n0285_002:0247a18	大即法界元無大相惟心之小小亦法界元無小	大 即 法 界 元 無 大 相 惟 心 之 小 小 亦 法 界 元 無 小 
X13n0285_002:0247a19	相但使能達惟心則悟物為己便能轉物若能轉	相 但 使 能 達 惟 心 則 悟 物 為 己 便 能 轉 物 若 能 轉 
X13n0285_002:0247a20	物則物物皆已頓同如來幻化空身即法身故身	物 則 物 物 皆 已 頓 同 如 來 幻 化 空 身 即 法 身 故 身 
X13n0285_002:0247a21	圓明無明實性即佛性故心圓明微塵國土自他	圓 明 無 明 實 性 即 佛 性 故 心 圓 明 微 塵 國 土 自 他 
X13n0285_002:0247a22	不隔於毫端十世古今始終不離於當念故不動	不 隔 於 毫 端 十 世 古 今 始 終 不 離 於 當 念 故 不 動 
X13n0285_002:0247a23	道場一毛端法界之性即十方國土法界之性故	道 場 一 毛 端 法 界 之 性 即 十 方 國 土 法 界 之 性 故 
X13n0285_002:0247a24	徧能含受也而阿難猶以昭昭靈靈之一物為見	徧 能 含 受 也 而 阿 難 猶 以 昭 昭 靈 靈 之 一 物 為 見 
X13n0285_002:0247b01	性不敢認為己性何哉。七約無是非是顯見性	性 不 敢 認 為 己 性 何 哉 七 約 無 是 非 是 顯 見 性 
X13n0285_002:0247b02	惟真二初疑問二答釋。今初。	惟 真 二 初 疑 問 二 答 釋 今 初 
X13n0285_002:0247b03	阿難白佛言世尊若此見精必我妙性今此妙性(分明)	阿 難 白 佛 言 世 尊 若 此 見 精 必 我 妙 性 今 此 妙 性 分 明 
X13n0285_002:0247b04	現在我前(此)見(既)必(是)我真(性則)我今(現在)身心復是何	現 在 我 前 此 見 既 必 是 我 真 性 則 我 今 現 在 身 心 復 是 何 
X13n0285_002:0247b05	物而今(此之)身心(却是)分別有實(猶言實有分別)彼(現前)見(性凝然不動)	物 而 今 此 之 身 心 却 是 分 別 有 實 猶 言 實 有 分 別 彼 現 前 見 性 凝 然 不 動 
X13n0285_002:0247b06	無別(功能)分辨我身若(此見性果然)實(是)我心令我(現)今(可)	無 別 功 能 分 辨 我 身 若 此 見 性 果 然 實 是 我 心 令 我 現 今 可 
X13n0285_002:0247b07	見(則此)見性實我而身(反)非(是)我何殊如來先所難言	見 則 此 見 性 實 我 而 身 反 非 是 我 何 殊 如 來 先 所 難 言 
X13n0285_002:0247b08	物能見我(耶)惟垂大慈開發未悟。	物 能 見 我 耶 惟 垂 大 慈 開 發 未 悟 
X13n0285_002:0247b09	阿難自從屈指飛光驗見之處已從分別心中變	阿 難 自 從 屈 指 飛 光 驗 見 之 處 已 從 分 別 心 中 變 
X13n0285_002:0247b10	現一種昭昭靈靈凝然不動光景頓在目前喚作	現 一 種 昭 昭 靈 靈 凝 然 不 動 光 景 頓 在 目 前 喚 作 
X13n0285_002:0247b11	見性至聞百千大海譬喻其計轉堅故有未敢認	見 性 至 聞 百 千 大 海 譬 喻 其 計 轉 堅 故 有 未 敢 認 
X13n0285_002:0247b12	為本元心地之疑云何得知是我真性之疑若此	為 本 元 心 地 之 疑 云何得知 是 我 真 性 之 疑 若 此 
X13n0285_002:0247b13	見性必我非餘之疑皆從此計發出今被如來種	見 性 必 我 非 餘 之 疑 皆 從 此 計 發 出 今 被 如 來 種 
X13n0285_002:0247b14	種開示勢窮力盡方將病根一口呈露而曰今此	種 開 示 勢 窮 力 盡 方 將 病 根 一 口 呈 露 而 曰 今 此 
X13n0285_002:0247b15	妙性現在我前也舊解不達此意使前後問答總	妙 性 現 在 我 前 也 舊 解 不 達 此 意 使 前 後 問 答 總 
X13n0285_002:0247b16	無線索。二答釋二初斫破是非兩途二會通真	無 線 索 二 答 釋 二 初 斫 破 是 非 兩 途 二 會 通 真 
X13n0285_002:0247b17	性一理。初中四初正破是見二轉破非見三大	性 一 理 初 中 四 初 正 破 是 見 二 轉 破 非 見 三 大 
X13n0285_002:0247b18	眾茫然四世尊安慰。今初。	眾 茫 然 四 世 尊 安 慰 今 初 
X13n0285_002:0247b19	佛告阿難今汝所言見在汝前是義非實若實汝前	佛 告 阿 難 今 汝 所 言 見 在 汝 前 是 義 非 實 若 實 汝 前 
X13n0285_002:0247b20	汝實見者則此見精既有方所非無指示且今與汝	汝 實 見 者 則 此 見 精 既 有 方 所 非 無 指 示 且 今 與 汝 
X13n0285_002:0247b21	坐祇陀林徧觀林渠及與殿堂上至日月前對恒河	坐 祇 陀 林 徧 觀 林 渠 及 與 殿 堂 上 至 日 月 前 對 恒 河 
X13n0285_002:0247b22	汝今於我師子座前舉手指陳是種種相陰者是林	汝 今 於 我 師 子 座 前 舉 手 指 陳 是 種 種 相 陰 者 是 林 
X13n0285_002:0247b23	明者是日礙者是壁通者是空如是乃至草樹纖毫	明 者 是 日 礙 者 是 壁 通 者 是 空 如 是 乃 至 草 樹 纖 毫 
X13n0285_002:0247b24	大小雖殊但可有形無不指著若必其見現在汝前	大 小 雖 殊 但 可 有 形 無 不 指 著 若 必 其 見 現 在 汝 前 
X13n0285_002:0247c01	汝應以手確實指陳何者是見阿難當知若空是見	汝 應 以 手 確 實 指 陳 何 者 是 見 阿 難 當 知 若 空 是 見 
X13n0285_002:0247c02	既已成見何者是空若物是見既已是見何者為物	既 已 成 見 何 者 是 空 若 物 是 見 既 已 是 見 何 者 為 物 
X13n0285_002:0247c03	汝可微細披剝萬象析出精明淨妙見元指陳示我	汝 可 微 細 披 剝 萬 象 析 出 精 明 淨 妙 見 元 指 陳 示 我 
X13n0285_002:0247c04	同彼諸物分明無惑(方許汝說現在汝前耳)阿難言我今於此	同 彼 諸 物 分 明 無 惑 方 許 汝 說 現 在 汝 前 耳 阿 難 言 我 今 於 此 
X13n0285_002:0247c05	重閣講堂遠洎恒河上觀日月舉手所指縱目所觀	重 閣 講 堂 遠 洎 恒 河 上 觀 日 月 舉 手 所 指 縱 目 所 觀 
X13n0285_002:0247c06	指皆是物無是見者世尊如佛所說況我有漏初學	指 皆 是 物 無 是 見 者 世 尊 如 佛 所 說 況 我 有 漏 初 學 
X13n0285_002:0247c07	聲聞(豈能指出見精示人)乃至菩薩亦不能於萬物象前剖出	聲 聞 豈 能 指 出 見 精 示 人 乃 至 菩 薩 亦 不 能 於 萬 物 象 前 剖 出 
X13n0285_002:0247c08	精見離一切佛別有自性佛言如是如是。	精 見 離 一 切 佛 別 有 自 性 佛 言 如是如是 
X13n0285_002:0247c09	是義非實一句直奪其非若實汝前已下縱許而	是 義 非 實 一 句 直 奪 其 非 若 實 汝 前 已 下 縱 許 而 
X13n0285_002:0247c10	令指出也阿難決定不能指出則見性不現在前	令 指 出 也 阿 難 決 定 不 能 指 出 則 見 性 不 現 在 前 
X13n0285_002:0247c11	明矣故印成之。二轉破非見。	明 矣 故 印 成 之 二 轉 破 非 見 
X13n0285_002:0247c12	佛復告阿難如汝所言無有見精離一切物別有自	佛 復 告 阿 難 如 汝 所 言 無 有 見 精 離 一 切 物 別 有 自 
X13n0285_002:0247c13	性則汝所指是物之中無是見者今復告汝汝與如	性 則 汝 所 指 是 物 之 中 無 是 見 者 今 復 告 汝 汝 與 如 
X13n0285_002:0247c14	來坐祇陀林更觀林苑廼至日月種種象殊必無見	來 坐 祇 陀 林 更 觀 林 苑 廼 至 日 月 種 種 象 殊 必 無 見 
X13n0285_002:0247c15	精受汝所指汝又發明此諸物中何者非見阿難言	精 受 汝 所 指 汝 又 發 明 此 諸 物 中 何 者 非 見 阿 難 言 
X13n0285_002:0247c16	我實徧見此祇陀林不知是中何者非見何以故若	我 實 徧 見 此 祇 陀 林 不 知 是 中 何 者 非 見 何 以 故 若 
X13n0285_002:0247c17	樹非見云何見樹若樹即見復云何樹如是乃至若	樹 非 見 云 何 見 樹 若 樹 即 見 復 云 何 樹 如 是 乃 至 若 
X13n0285_002:0247c18	空非見云何見空若空即見復云何空我又思惟是	空 非 見 云 何 見 空 若 空 即 見 復 云 何 空 我 又 思 惟 是 
X13n0285_002:0247c19	萬象中微細發明無非見者佛言如是如是。	萬 象 中 微 細 發 明 無 非 見 者 佛 言 如是如是 
X13n0285_002:0247c20	常情既聞破物是見必將轉計物非是見故乘此	常 情 既 聞 破 物 是 見 必 將 轉 計 物 非 是 見 故 乘 此 
X13n0285_002:0247c21	即反徵之而阿難亦知其無非見也佛亦印之。	即 反 徵 之 而 阿 難 亦 知 其 無 非 見 也 佛 亦 印 之 
X13n0285_002:0247c22	三大眾茫然。	三 大 眾 茫 然 
X13n0285_002:0247c23	於是大眾非無學者聞佛此言茫然不知是義終始	於 是 大 眾 非 無 學 者 聞 佛 此 言 茫 然 不 知 是 義 終 始 
X13n0285_002:0247c24	一時惶悚失其所守。	一 時 惶 悚 失 其 所 守 
X13n0285_002:0248a01	是義者無是非是之義也終者義所歸竟始者義	是 義 者 無 是 非 是 之 義 也 終 者 義 所 歸 竟 始 者 義 
X13n0285_002:0248a02	所從來答中本是妙明真心妄為色空及與聞見	所 從 來 答 中 本 是 妙 明 真 心 妄 為 色 空 及 與 聞 見 
X13n0285_002:0248a03	正顯是義之所始此見及緣元是菩提妙淨明體	正 顯 是 義 之 所 始 此 見 及 緣 元 是 菩 提 妙 淨 明 體 
X13n0285_002:0248a04	正顯是義之所終又觀見與塵種種發明則是非	正 顯 是 義 之 所 終 又 觀 見 與 塵 種 種 發 明 則 是 非 
X13n0285_002:0248a05	方始繇是真精妙覺明性則是非終息矣。四世	方 始 繇 是 真 精 妙 覺 明 性 則 是 非 終 息 矣 四 世 
X13n0285_002:0248a06	尊安慰。	尊 安 慰 
X13n0285_002:0248a07	如來知其魂慮變慴心生憐慰安愍阿難及諸大眾	如 來 知 其 魂 慮 變 慴 心 生 憐 慰 安 愍 阿 難 及 諸 大 眾 
X13n0285_002:0248a08	諸善男子無上法王是真實語如所如說不誑不妄	諸 善 男 子 無 上 法 王 是 真 實 語 如 所 如 說 不 誑 不 妄 
X13n0285_002:0248a09	非末伽梨四種不死矯亂論議汝諦思惟無忝哀慕。	非 末 伽 梨 四 種 不 死 矯 亂 論 議 汝 諦 思 惟 無 忝 哀 慕 
X13n0285_002:0248a10	此義難明須待文殊對辯故先以慈音安慰之也	此 義 難 明 須 待 文 殊 對 辯 故 先 以 慈 音 安 慰 之 也 
X13n0285_002:0248a11	無偽曰真稱理曰實不變名如心境相應名不誑	無 偽 曰 真 稱 理 曰 實 不 變 名 如 心 境 相 應 名 不 誑 
X13n0285_002:0248a12	懸見未然名不妄亦名不異如來五語大與外道	懸 見 未 然 名 不 妄 亦 名 不 異 如 來 五 語 大 與 外 道 
X13n0285_002:0248a13	四種論議不同須是諦審思惟方有會悟不宜徒	四 種 論 議 不 同 須 是 諦 審 思 惟 方 有 會 悟 不 宜 徒 
X13n0285_002:0248a14	自辱其哀慕此亦策以觀心默體之意也不死矯	自 辱 其 哀 慕 此 亦 策 以 觀 心 默 體 之 意 也 不 死 矯 
X13n0285_002:0248a15	亂解在行魔文中。二會通真性一理二初文殊	亂 解 在 行 魔 文 中 二 會 通 真 性 一 理 二 初 文 殊 
X13n0285_002:0248a16	述疑啟請二如來垂慈示答。今初。	述 疑 啟 請 二 如 來 垂 慈 示 答 今 初 
X13n0285_002:0248a17	是時文殊師利法王子愍諸四眾在大眾中即從座	是 時 文 殊 師 利 法 王 子 愍 諸 四 眾 在 大 眾 中 即 從 座 
X13n0285_002:0248a18	起頂禮佛足合掌恭敬而白佛言世尊此諸大眾不	起 頂禮佛足 合掌恭敬 而 白 佛 言 世 尊 此 諸 大 眾 不 
X13n0285_002:0248a19	悟如來發明二種精見色空是非是義世尊若此前	悟 如 來 發 明 二 種 精 見 色 空 是 非 是 義 世 尊 若 此 前 
X13n0285_002:0248a20	緣色空等象若是見者應有所指若非見者應無所	緣 色 空 等 象 若 是 見 者 應 有 所 指 若 非 見 者 應 無 所 
X13n0285_002:0248a21	矚而今不知是義所歸故有驚怖非是疇昔善根輕	矚 而 今 不 知 是 義 所 歸 故 有 驚 怖 非 是 疇 昔 善 根 輕 
X13n0285_002:0248a22	鮮惟願如來大慈發明此諸物象與此見精元是何	鮮 惟 願 如 來 大 慈 發 明 此 諸 物 象 與 此 見 精 元 是 何 
X13n0285_002:0248a23	物於其中間無是非見。	物 於其中間 無 是 非 見 
X13n0285_002:0248a24	若此前緣下代眾述疑惟願如來下正請垂答也。	若 此 前 緣 下 代 眾 述 疑 惟 願 如 來 下 正 請 垂 答 也 
X13n0285_002:0248b01	二如來埀慈示答二初示妙體絕待二示迷悟	二 如 來 埀 慈 示 答 二 初 示 妙 體 絕 待 二 示 迷 悟 
X13n0285_002:0248b02	得失。初中二初正明絕待二引例釋成。今初。	得 失 初 中 二 初 正 明 絕 待 二 引 例 釋 成 今 初 
X13n0285_002:0248b03	佛告文殊及諸大眾十方如來及大菩薩於其自住	佛 告 文 殊 及 諸 大 眾 十 方 如 來 及 大 菩 薩 於 其 自 住 
X13n0285_002:0248b04	三摩地中見與見緣并所想相如虗空華本無所有	三 摩 地 中 見 與 見 緣 并 所 想 相 如 虗 空 華 本 無 所 有 
X13n0285_002:0248b05	此見及緣元是菩提妙淨明體云何於中有是非是。	此 見 及 緣 元 是 菩 提 妙 淨 明 體 云 何 於 中 有 是 非 是 
X13n0285_002:0248b06	此是第四番徹底顯性之文也自住三摩地者所	此 是 第 四 番 徹 底 顯 性 之 文 也 自 住 三 摩 地 者 所 
X13n0285_002:0248b07	謂自受用三昧即大佛頂首楞嚴王三昧是也如	謂 自 受 用 三 昧 即 大 佛 頂 首 楞 嚴 王 三 昧 是 也 如 
X13n0285_002:0248b08	來究竟菩薩分證故皆能知法自性徹法源底不	來 究 竟 菩 薩 分 證 故 皆 能 知 法 自 性 徹 法 源 底 不 
X13n0285_002:0248b09	墮是非是妄想中也見者八識能緣之見分見緣	墮 是 非 是 妄 想 中 也 見 者 八 識 能 緣 之 見 分 見 緣 
X13n0285_002:0248b10	者八識所緣之相分此二即是依他起性如以麻	者 八 識 所 緣 之 相 分 此 二 即 是 依他起性 如 以 麻 
X13n0285_002:0248b11	為繩亦如依於真月揑成二月也所想相者於此	為 繩 亦 如 依 於 真 月 揑 成 二 月 也 所 想 相 者 於 此 
X13n0285_002:0248b12	相見二分不了性是依他起性妄生我法二執名	相 見 二 分 不 了 性 是 依他起性 妄 生 我 法 二 執 名 
X13n0285_002:0248b13	為徧計執性如以繩為蛇亦如迷天上月捉水中	為 徧 計 執 性 如 以 繩 為 蛇 亦 如 迷 天 上 月 捉 水 中 
X13n0285_002:0248b14	月也如虗空華本無所有者不惟徧計本空抑且	月 也 如 虗 空 華 本 無 所 有 者 不 惟 徧 計 本 空 抑 且 
X13n0285_002:0248b15	依他如幻如麻上不惟無實蛇相亦并無實繩相	依 他 如 幻 如 麻 上 不 惟 無 實 蛇 相 亦 并 無 實 繩 相 
X13n0285_002:0248b16	真月不惟無影相亦并無二相也此見及緣元是	真 月 不 惟 無 影 相 亦 并 無 二 相 也 此 見 及 緣 元 是 
X13n0285_002:0248b17	菩提妙淨明體者以真如不守自性於自證上幻	菩 提 妙 淨 明 體 者 以 真 如 不 守 自 性 於 自 證 上 幻 
X13n0285_002:0248b18	成見相二分只此三分全是自證之體所謂正隨	成 見 相 二 分 只 此 三 分 全 是 自 證 之 體 所 謂 正 隨 
X13n0285_002:0248b19	緣時而常不變如繩二分全體皆即是麻如天二	緣 時 而 常 不 變 如 繩 二 分 全 體 皆 即 是 麻 如 天 二 
X13n0285_002:0248b20	月全體即是真月云何可分是與非是耶既知繩	月 全 體 即 是 真 月 云 何 可 分 是 與 非 是 耶 既 知 繩 
X13n0285_002:0248b21	即是麻二月惟一則雖指蛇即麻指影即月亦無	即 是 麻 二 月 惟 一 則 雖 指 蛇 即 麻 指 影 即 月 亦 無 
X13n0285_002:0248b22	不可但徧計無體故不說之此菩提亦指四智菩	不 可 但 徧 計 無 體 故 不 說 之 此 菩 提 亦 指 四 智 菩 
X13n0285_002:0248b23	提所謂第八識之見相二分元是大圓鏡智菩提	提 所 謂 第 八 識 之 見 相 二 分 元 是 大圓鏡智 菩 提 
X13n0285_002:0248b24	妙淨明體第七識之見相二分元是平等性智菩	妙 淨 明 體 第 七 識 之 見 相 二 分 元 是 平等性智 菩 
X13n0285_002:0248c01	提妙淨明體第六識之見相二分元是妙觀察智	提 妙 淨 明 體 第 六 識 之 見 相 二 分 元 是 妙觀察智 
X13n0285_002:0248c02	菩提妙淨明體前五識之見相二分元是成所作	菩 提 妙 淨 明 體 前 五 識 之 見 相 二 分 元 是 成 所 作 
X13n0285_002:0248c03	智菩提妙淨明體寂炤不二故妙炤而常寂故淨	智 菩 提 妙 淨 明 體 寂 炤 不 二 故 妙 炤 而 常 寂 故 淨 
X13n0285_002:0248c04	寂而常炤故明又既是菩提妙淨明體亦即涅槃	寂 而 常 炤 故 明 又 既 是 菩 提 妙 淨 明 體 亦 即 涅 槃 
X13n0285_002:0248c05	元清淨體妙故即是性淨涅槃淨故即是方便淨	元 清 淨 體 妙 故 即 是 性 淨 涅 槃 淨 故 即 是 方 便 淨 
X13n0285_002:0248c06	涅槃明故即是圓淨涅槃也。二引例釋成。	涅 槃 明 故 即 是 圓 淨 涅 槃 也 二 引 例 釋 成 
X13n0285_002:0248c07	文殊吾今問汝如汝文殊(為復)更有(一个)文殊是文殊者	文 殊 吾 今 問 汝 如 汝 文 殊 為 復 更 有 一 个 文 殊 是 文 殊 者 
X13n0285_002:0248c08	為(復竟)無文殊如是世尊我真文殊無是文殊何以故	為 復 竟 無 文 殊 如 是 世 尊 我 真 文 殊 無 是 文 殊 何 以 故 
X13n0285_002:0248c09	若有是者則二文殊然我今日非無(真正)文殊(但)於中	若 有 是 者 則 二 文 殊 然 我 今 日 非 無 真 正 文 殊 但 於 中 
X13n0285_002:0248c10	實無是非二相佛言此見妙明與諸空塵亦復如是	實 無 是 非 二 相 佛 言 此 見 妙 明 與 諸 空 塵 亦復如是 
X13n0285_002:0248c11	本是妙明無上菩提淨圓真心妄為色空及與聞見	本 是 妙 明 無上菩提 淨 圓 真 心 妄 為 色 空 及 與 聞 見 
X13n0285_002:0248c12	如第二月誰為是月又誰非月文殊但一月真中間	如 第 二 月 誰 為 是 月 又 誰 非 月 文 殊 但 一 月 真 中 間 
X13n0285_002:0248c13	自無是月非月。	自 無 是 月 非 月 
X13n0285_002:0248c14	此中文亦三段初以文殊為例二此見妙明下以	此 中 文 亦 三 段 初 以 文 殊 為 例 二 此 見 妙 明 下 以 
X13n0285_002:0248c15	法合釋三如第二月下更舉喻釋成也初文可知	法 合 釋 三 如 第 二 月 下 更 舉 喻 釋 成 也 初 文 可 知 
X13n0285_002:0248c16	次文此見妙明與諸空塵亦復如是者亦如文殊	次 文 此 見 妙 明 與 諸 空 塵 亦復如是 者 亦 如 文 殊 
X13n0285_002:0248c17	實無是非二相也葢本是妙明無上菩提淨圓真	實 無 是 非 二 相 也 葢 本 是 妙 明 無上菩提 淨 圓 真 
X13n0285_002:0248c18	心圓成實性妄為色空之相分及聞見之見分耳	心 圓成實性 妄 為 色 空 之 相 分 及 聞 見 之 見 分 耳 
X13n0285_002:0248c19	三即舉喻釋云如揑目妄見二月豈可謂一是一	三 即 舉 喻 釋 云 如 揑 目 妄 見 二 月 豈 可 謂 一 是 一 
X13n0285_002:0248c20	非乎但了月體本真則是非戲論自永息矣。二	非 乎 但 了 月 體 本 真 則 是 非 戲 論 自 永 息 矣 二 
X13n0285_002:0248c21	示迷悟得失。	示 迷 悟 得 失 
X13n0285_002:0248c22	是以汝今觀見與塵種種發明名為妄想不能於中	是 以 汝 今 觀 見 與 塵 種 種 發 明 名 為 妄 想 不 能 於 中 
X13n0285_002:0248c23	出是非是繇是真精妙覺明性故能令汝出指非指。	出 是 非 是 繇 是 真 精 妙 覺 明 性 故 能 令 汝 出 指 非 指 
X13n0285_002:0248c24	謂若不達依他無性觀見是見觀塵是塵饒他種	謂 若 不 達 依 他 無 性 觀 見 是 見 觀 塵 是 塵 饒 他 種 
X13n0285_002:0249a01	種發明總名妄想決定不能超出是非兩關此言	種 發 明 總 名 妄 想 決 定 不 能 超 出 是 非 兩 關 此 言 
X13n0285_002:0249a02	迷之失也繇此見與見緣即是真精妙覺明性故	迷 之 失 也 繇 此 見 與 見 緣 即 是 真 精 妙 覺 明 性 故 
X13n0285_002:0249a03	達之者即能令汝超出於有所指無所指之兩疑	達 之 者 即 能 令 汝 超 出 於 有 所 指 無 所 指 之 兩 疑 
X13n0285_002:0249a04	此言悟之得也故知妙理無二所爭只迷悟之間	此 言 悟 之 得 也 故 知 妙 理 無 二 所 爭 只 迷 悟 之 間 
X13n0285_002:0249a05	耳可不以開圓解為急務乎。八約外道世諦對	耳 可 不 以 開 圓 解 為 急 務 乎 八 約 外 道 世 諦 對 
X13n0285_002:0249a06	簡顯見性非因緣自然三初對外道簡自然二對	簡 顯 見 性 非 因 緣 自 然 三 初 對 外 道 簡 自 然 二 對 
X13n0285_002:0249a07	世諦簡因緣三結顯自性。初中二初疑請二開	世 諦 簡 因 緣 三 結 顯 自 性 初 中 二 初 疑 請 二 開 
X13n0285_002:0249a08	示。今初。	示 今 初 
X13n0285_002:0249a09	阿難白佛言世尊誠如法王所說覺緣徧十方界湛	阿 難 白 佛 言 世 尊 誠 如 法 王 所 說 覺 緣 徧 十 方 界 湛 
X13n0285_002:0249a10	然常住性非生滅與先梵志娑毗迦羅所談冥諦及	然 常 住 性 非 生 滅 與 先 梵 志 娑 毗 迦 羅 所 談 冥 諦 及 
X13n0285_002:0249a11	投灰等諸外道種說有真我徧滿十方有何差別世	投 灰 等 諸 外 道 種 說 有 真 我 徧 滿 十 方 有何差別 世 
X13n0285_002:0249a12	尊亦曾於楞伽山為大慧等敷演斯義彼外道等常	尊 亦 曾 於 楞 伽 山 為 大 慧 等 敷 演 斯 義 彼 外 道 等 常 
X13n0285_002:0249a13	說自然我說因緣非彼境界我今觀此覺性自然非	說 自 然 我 說 因 緣 非 彼 境 界 我 今 觀 此 覺 性 自 然 非 
X13n0285_002:0249a14	生非滅遠離一切虗妄顛倒似非因緣(但)與彼(外道)自	生 非 滅 遠 離 一 切 虗 妄 顛 倒 似 非 因 緣 但 與 彼 外 道 自 
X13n0285_002:0249a15	然(必有差別)云何開示不入羣邪獲真實心妙覺明性。	然 必 有 差 別 云 何 開 示 不 入 羣 邪 獲 真 實 心 妙 覺 明 性 
X13n0285_002:0249a16	此中文亦三節初一節是疑濫同外計世尊亦曾	此 中 文 亦 三 節 初 一 節 是 疑 濫 同 外 計 世 尊 亦 曾 
X13n0285_002:0249a17	下為第二節是疑違昔契經與彼自然下為第三	下 為 第 二 節 是 疑 違 昔 契 經 與 彼 自 然 下 為 第 三 
X13n0285_002:0249a18	節正請開示真義也須知佛之所說深顯不變隨	節 正 請 開 示 真 義 也 須 知 佛 之 所 說 深 顯 不 變 隨 
X13n0285_002:0249a19	緣隨緣不變妙理與彼外道何啻天淵外道冥諦	緣 隨 緣 不 變 妙 理 與 彼 外 道 何 啻 天 淵 外 道 冥 諦 
X13n0285_002:0249a20	神我已被藏教破無不盡何容以此而濫圓宗但	神 我 已 被 藏 教 破 無 不 盡 何 容 以 此 而 濫 圓 宗 但 
X13n0285_002:0249a21	末世談圓有言無旨實去外道邪計不遠亦須略	末 世 談 圓 有 言 無 旨 實 去 外 道 邪 計 不 遠 亦 須 略 
X13n0285_002:0249a22	示差別源流蓋佛言淨圓真心妄為色空及與聞	示 差 別 源 流 蓋 佛 言 淨 圓 真 心 妄 為 色 空 及 與 聞 
X13n0285_002:0249a23	見者即是真如不變之性舉全體而隨緣如舉真	見 者 即 是 真 如 不 變 之 性 舉 全 體 而 隨 緣 如 舉 真 
X13n0285_002:0249a24	月之全體妄成兩月而兩月之外更無真月可得	月 之 全 體 妄 成 兩 月 而 兩 月 之 外 更 無 真 月 可 得 
X13n0285_002:0249b01	也外道所計冥諦神我能生萬物則冥諦神我為	也 外 道 所 計 冥 諦 神 我 能 生 萬 物 則 冥 諦 神 我 為 
X13n0285_002:0249b02	能生萬物為所生能生是常所生無常一不同也	能 生 萬 物 為 所 生 能 生 是 常 所 生 無 常 一 不 同 也 
X13n0285_002:0249b03	又佛言此見及緣元是菩提妙淨明體者即是真	又 佛 言 此 見 及 緣 元 是 菩 提 妙 淨 明 體 者 即 是 真 
X13n0285_002:0249b04	如隨緣之相仍全體而不變如指二月之全體總	如 隨 緣 之 相 仍 全 體 而 不 變 如 指 二 月 之 全 體 總 
X13n0285_002:0249b05	是真月而真月之外更無兩月別體也外道所計	是 真 月 而 真 月 之 外 更 無 兩 月 別 體 也 外 道 所 計 
X13n0285_002:0249b06	萬物各有體相而並推冥諦神我以為住因則子	萬 物 各 有 體 相 而 並 推 冥 諦 神 我 以 為 住 因 則 子 
X13n0285_002:0249b07	不似父因果皆非二不同也況佛言諸法所生唯	不 似 父 因 果 皆 非 二 不 同 也 況 佛 言 諸 法 所 生 唯 
X13n0285_002:0249b08	心所現則彼都無非色非空境界及昭昭靈靈境	心 所 現 則 彼 都 無 非 色 非 空 境 界 及 昭 昭 靈 靈 境 
X13n0285_002:0249b09	界亦是自心一種相分彼方昧之以為冥諦以為	界 亦 是 自 心 一 種 相 分 彼 方 昧 之 以 為 冥 諦 以 為 
X13n0285_002:0249b10	神我不達惟心尤為大不同也有此三種不同所	神 我 不 達 惟 心 尤 為 大 不 同 也 有 此 三 種 不 同 所 
X13n0285_002:0249b11	以大小乘經咸說因緣深義以摧破之今阿難強	以 大 小 乘 經 咸 說 因 緣 深 義 以 摧 破 之 今 阿 難 強 
X13n0285_002:0249b12	欲引同其深知末世之流弊者乎。二開示。	欲 引 同 其 深 知 末 世 之 流 弊 者 乎 二 開 示 
X13n0285_002:0249b13	佛告阿難我今如是開示方便真實告汝汝猶未悟	佛 告 阿 難 我 今 如 是 開 示 方 便 真 實 告 汝 汝 猶 未 悟 
X13n0285_002:0249b14	惑為自然阿難若必自然自須甄明有自然體汝且	惑 為 自 然 阿 難 若 必 自 然 自 須 甄 明 有 自 然 體 汝 且 
X13n0285_002:0249b15	觀此妙明見中以何為自此見為復以明為自以暗	觀 此 妙 明 見 中 以 何 為 自 此 見 為 復 以 明 為 自 以 暗 
X13n0285_002:0249b16	為自以空為自以塞為自阿難若明為自應不見暗	為 自 以 空 為 自 以 塞 為 自 阿 難 若 明 為 自 應 不 見 暗 
X13n0285_002:0249b17	若復以空為自體者應不見塞乃至諸暗等相以為	若 復 以 空 為 自 體 者 應 不 見 塞 乃 至 諸 暗 等 相 以 為 
X13n0285_002:0249b18	自者則於明時見性斷滅云何見明。	自 者 則 於 明 時 見 性 斷 滅 云 何 見 明 
X13n0285_002:0249b19	此正重明不變之見性舉全體而隨緣別無自體	此 正 重 明 不 變 之 見 性 舉 全 體 而 隨 緣 別 無 自 體 
X13n0285_002:0249b20	可得也即明暗塞空求見性之自體了不可得離	可 得 也 即 明 暗 塞 空 求 見 性 之 自 體 了 不 可 得 離 
X13n0285_002:0249b21	明暗塞空別求一見性之自體又安可得哉若外	明 暗 塞 空 別 求 一 見 性 之 自 體 又 安 可 得 哉 若 外 
X13n0285_002:0249b22	道所計冥諦則以空暗而為自體所計神我則以	道 所 計 冥 諦 則 以 空 暗 而 為 自 體 所 計 神 我 則 以 
X13n0285_002:0249b23	空明而為自體不倫甚矣。二對世諦簡因緣二	空 明 而 為 自 體 不 倫 甚 矣 二 對 世 諦 簡 因 緣 二 
X13n0285_002:0249b24	初轉計二破斥。今初。	初 轉 計 二 破 斥 今 初 
X13n0285_002:0249c01	阿難言必此妙見性非自然我今發明是因緣生心	阿 難 言 必 此 妙 見 性 非 自 然 我 今 發 明 是 因 緣 生 心 
X13n0285_002:0249c02	猶未明咨詢如來是義云何合因緣性。	猶 未 明 咨 詢 如 來 是 義 云 何 合 因 緣 性 
X13n0285_002:0249c03	既非自然必屬因緣此通途情計之所不免故今	既 非 自 然 必 屬 因 緣 此 通 途 情 計 之 所 不 免 故 今 
X13n0285_002:0249c04	還擬是因緣教但既云此見及緣元是菩提妙淨	還 擬 是 因 緣 教 但 既 云 此 見 及 緣 元 是 菩 提 妙 淨 
X13n0285_002:0249c05	明體云何得與因緣之義相合耶。二破斥。	明 體 云 何 得 與 因 緣 之 義 相 合 耶 二 破 斥 
X13n0285_002:0249c06	佛言汝言因緣吾復問汝汝今因見見性現前此見	佛 言 汝 言 因 緣 吾 復 問 汝 汝 今 因 見 見 性 現 前 此 見 
X13n0285_002:0249c07	為復因明有見因暗有見因空有見因塞有見阿難	為 復 因 明 有 見 因 暗 有 見 因 空 有 見 因 塞 有 見 阿 難 
X13n0285_002:0249c08	若因明有應不見暗如因暗有應不見明如是乃至	若 因 明 有 應 不 見 暗 如 因 暗 有 應 不 見 明 如 是 乃 至 
X13n0285_002:0249c09	因空因塞同於明暗復次阿難此見又復緣明有見	因 空 因 塞 同 於 明 暗 復 次 阿 難 此 見 又 復 緣 明 有 見 
X13n0285_002:0249c10	緣暗有見緣空有見緣塞有見阿難若緣空有應不	緣 暗 有 見 緣 空 有 見 緣 塞 有 見 阿 難 若 緣 空 有 應 不 
X13n0285_002:0249c11	見塞若緣塞有應不見空如是乃至緣明緣暗同於	見 塞 若 緣 塞 有 應 不 見 空 如 是 乃 至 緣 明 緣 暗 同 於 
X13n0285_002:0249c12	空塞。	空 塞 
X13n0285_002:0249c13	此正重明舉體隨緣之見性仍自舉體不變非藉	此 正 重 明 舉 體 隨 緣 之 見 性 仍 自 舉 體 不 變 非 藉 
X13n0285_002:0249c14	明暗塞空為因緣也因者親因緣者助緣秪是親	明 暗 塞 空 為 因 緣 也 因 者 親 因 緣 者 助 緣 秪 是 親 
X13n0285_002:0249c15	疎之別耳。三結顯自性二初正示離過真體二	疎 之 別 耳 三 結 顯 自 性 二 初 正 示 離 過 真 體 二 
X13n0285_002:0249c16	結責滯著名相。今初。	結 責 滯 著 名 相 今 初 
X13n0285_002:0249c17	當知如是精覺妙明非因非緣亦非自然非不自然	當 知 如 是 精 覺 妙 明 非 因 非 緣 亦 非 自 然 非 不 自 然 
X13n0285_002:0249c18	無非不非無是非是離一切相即一切法。	無 非 不 非 無 是 非 是 離一切相 即 一 切 法 
X13n0285_002:0249c19	此中非因非緣亦非自然二句是雙遮雙破非不	此 中 非 因 非 緣 亦 非 自 然 二 句 是 雙 遮 雙 破 非 不 
X13n0285_002:0249c20	自然一句例應先有非不因緣一句是雙炤雙立	自 然 一 句 例 應 先 有 非 不 因 緣 一 句 是 雙 炤 雙 立 
X13n0285_002:0249c21	無非不非無是非是二句乃是遮炤同時破立非	無 非 不 非 無 是 非 是 二 句 乃 是 遮 炤 同 時 破 立 非 
X13n0285_002:0249c22	別離一切相句牒上諸句一總遮破情執即一切	別 離一切相 句 牒 上 諸 句 一 總 遮 破 情 執 即 一 切 
X13n0285_002:0249c23	法句躡上情執既破當下炤立法體也此離一切	法 句 躡 上 情 執 既 破 當 下 炤 立 法 體 也 此 離 一 切 
X13n0285_002:0249c24	相即一切法二語貫通一切圓融道理罄無不盡	相 即 一 切 法 二 語 貫 通 一 切 圓 融 道 理 罄 無 不 盡 
X13n0285_002:0250a01	請更拈之頭手動搖開合見無動搖舒卷離一切	請 更 拈 之 頭 手 動 搖 開 合 見 無 動 搖 舒 卷 離 一 切 
X13n0285_002:0250a02	相也非風幡動仁者心動即一切法也彼不變者	相 也 非 風 幡 動 仁 者 心 動 即 一 切 法 也 彼 不 變 者 
X13n0285_002:0250a03	元無生滅離一切相也身後捨生趣生即一切法	元 無 生 滅 離一切相 也 身 後 捨 生 趣 生 即 一 切 法 
X13n0285_002:0250a04	也空體無方離一切相也在方器中非無方空即	也 空 體 無 方 離一切相 也 在 方 器 中 非 無 方 空 即 
X13n0285_002:0250a05	一切法也指皆是物無是見者離一切相也微細	一 切 法 也 指 皆 是 物 無 是 見 者 離一切相 也 微 細 
X13n0285_002:0250a06	發明無非見者即一切法也見與見緣并所想相	發 明 無 非 見 者 即 一 切 法 也 見 與 見 緣 并 所 想 相 
X13n0285_002:0250a07	如虗空華本無所有離一切相也此見及緣元是	如 虗 空 華 本 無 所 有 離一切相 也 此 見 及 緣 元 是 
X13n0285_002:0250a08	菩提妙淨明體即一切法也乃至下文非和合生	菩 提 妙 淨 明 體 即 一 切 法 也 乃 至 下 文 非 和 合 生 
X13n0285_002:0250a09	離一切相也非不和合即一切法也性真常中求	離一切相 也 非 不 和 合 即 一 切 法 也 性 真 常 中 求 
X13n0285_002:0250a10	於去來迷悟生死了無所得離一切相也生滅去	於 去 來 迷 悟 生 死 了 無 所 得 離一切相 也 生 滅 去 
X13n0285_002:0250a11	來本如來藏即一切法也清淨本然離一切相也	來 本 如 來 藏 即 一 切 法 也 清 淨 本 然 離一切相 也 
X13n0285_002:0250a12	循業發現即一切法也如來藏本妙圓心十界俱	循 業 發 現 即 一 切 法 也 如 來 藏 本 妙 圓 心 十 界 俱 
X13n0285_002:0250a13	非離一切相也如來藏元明心妙十界俱即即一	非 離一切相 也 如 來 藏 元 明 心 妙 十 界 俱 即 即 一 
X13n0285_002:0250a14	切法也如來藏妙明心元離即離非離一切相也	切 法 也 如 來 藏 妙 明 心 元 離 即 離 非 離一切相 也 
X13n0285_002:0250a15	是即非即即一切法也以要言之離一切相即所	是 即 非 即 即 一 切 法 也 以要言之 離一切相 即 所 
X13n0285_002:0250a16	謂終日隨緣終日不變即一切法即所謂終日不	謂 終 日 隨 緣 終 日 不 變 即 一 切 法 即 所 謂 終 日 不 
X13n0285_002:0250a17	變終日隨緣此是第五番徹底顯性之文。二結	變 終 日 隨 緣 此 是 第 五 番 徹 底 顯 性 之 文 二 結 
X13n0285_002:0250a18	責滯著名相。	責 滯 著 名 相 
X13n0285_002:0250a19	汝今云何於中措心以諸世間戲論名相而得分別	汝 今 云 何 於 中 措 心 以 諸 世 間 戲 論 名 相 而 得 分 別 
X13n0285_002:0250a20	如以手掌撮摩虗空秪益自勞虗空云何隨汝執捉。	如 以 手 掌 撮 摩 虗 空 秪 益 自 勞 虗 空 云 何 隨 汝 執 捉 
X13n0285_002:0250a21	妙性不可思議言思路絕唯直下觀心庶幾有相	妙 性 不可思議 言 思 路 絕 唯 直 下 觀 心 庶 幾 有 相 
X13n0285_002:0250a22	應分若欲措心思之言說議之不啻撮摩虗空矣。	應 分 若 欲 措 心 思 之 言 說 議 之 不 啻 撮 摩 虗 空 矣 
X13n0285_002:0250a23	九約二妄合明顯見性非見三初引昔致疑二	九 約 二 妄 合 明 顯 見 性 非 見 三 初 引 昔 致 疑 二 
X13n0285_002:0250a24	對理徵破三正示見性。今初。	對 理 徵 破 三 正 示 見 性 今 初 
X13n0285_002:0250b01	阿難白佛言世尊必妙覺性非因非緣世尊云何嘗	阿 難 白 佛 言 世 尊 必 妙 覺 性 非 因 非 緣 世 尊 云 何 嘗 
X13n0285_002:0250b02	與比丘宣說見性具四種緣所謂因空因明因心因	與 比 丘 宣 說 見 性 具 四 種 緣 所 謂 因 空 因 明 因 心 因 
X13n0285_002:0250b03	眼是義云何。	眼 是 義 云 何 
X13n0285_002:0250b04	見性具四種緣者謂眼識現行須藉十緣方起略	見 性 具 四 種 緣 者 謂 眼 識 現 行 須 藉 十 緣 方 起 略 
X13n0285_002:0250b05	但言四此約虗妄見性非今所明之真性也妄見	但 言 四 此 約 虗 妄 見 性 非 今 所 明 之 真 性 也 妄 見 
X13n0285_002:0250b06	藉緣自無實性所以無我我所不同外道邪妄因	藉 緣 自 無 實 性 所 以 無我我所 不 同 外 道 邪 妄 因 
X13n0285_002:0250b07	緣若知無性之義則知諸法本空循業發現若知	緣 若 知 無 性 之 義 則 知 諸 法 本 空 循 業 發 現 若 知 
X13n0285_002:0250b08	循業發現則知本如來藏此因緣深義所以徧為	循 業 發 現 則 知 本 如 來 藏 此 因 緣 深 義 所 以 徧 為 
X13n0285_002:0250b09	通別圓教作根本也而阿難執文昧旨尚未達於	通 別 圓 教 作 根 本 也 而 阿 難 執 文 昧 旨 尚 未 達 於 
X13n0285_002:0250b10	因緣即空又安能知即假中耶四緣含十緣者空	因 緣 即 空 又 安 能 知 即 假 中 耶 四 緣 含 十 緣 者 空 
X13n0285_002:0250b11	緣明緣含於境緣心之一字具含六緣謂作意緣	緣 明 緣 含 於 境 緣 心 之 一 字 具 含 六 緣 謂 作 意 緣 
X13n0285_002:0250b12	分別依染淨依根本依種子依開導依也眼即根	分 別 依 染 淨 依 根 本 依 種 子 依 開 導 依 也 眼 即 根 
X13n0285_002:0250b13	緣若以常途四緣收此十緣者種子為親因緣自	緣 若 以 常 途 四 緣 收 此 十 緣 者 種 子 為 親 因 緣 自 
X13n0285_002:0250b14	相分境為所緣緣開導依為等無間緣餘七并本	相 分 境 為 所 緣 緣 開 導 依 為 等無間緣 餘 七 并 本 
X13n0285_002:0250b15	質境皆為增上緣也。二對理徵破二初直明昔	質 境 皆 為 增 上 緣 也 二 對 理 徵 破 二 初 直 明 昔 
X13n0285_002:0250b16	說隨情二正顯見性非緣。今初。	說 隨 情 二 正 顯 見 性 非 緣 今 初 
X13n0285_002:0250b17	佛言阿難我說世間諸因緣相非第一義。	佛 言 阿 難 我 說 世 間 諸 因 緣 相 非 第 一 義 
X13n0285_002:0250b18	諸佛說法常依二諦依於世諦名隨情說依第一	諸 佛 說 法 常 依 二 諦 依 於 世 諦 名 隨 情 說 依 第 一 
X13n0285_002:0250b19	義名隨智說雙顯二諦名隨情智說今明向日所	義 名 隨 智 說 雙 顯 二 諦 名 隨 情 智 說 今 明 向 日 所 
X13n0285_002:0250b20	說是以世諦破邪計耳非謂第一義中實有因緣	說 是 以 世 諦 破 邪 計 耳 非 謂 第 一 義 中 實 有 因 緣 
X13n0285_002:0250b21	也。二正顯見性非緣。	也 二 正 顯 見 性 非 緣 
X13n0285_002:0250b22	阿難吾復問汝諸世間人說我能見云何名見云何	阿 難 吾 復 問 汝 諸 世 間 人 說 我 能 見 云 何 名 見 云 何 
X13n0285_002:0250b23	不見阿難言世人因於日月燈光見種種相名之為	不 見 阿 難 言 世 人 因 於 日 月 燈 光 見 種 種 相 名 之 為 
X13n0285_002:0250b24	見若復無此三種光明則不能見阿難若無明時名	見 若 復 無 此 三 種 光 明 則 不 能 見 阿 難 若 無 明 時 名 
X13n0285_002:0250c01	不見者應不見暗若必見暗此但無明云何無見阿	不 見 者 應 不 見 暗 若 必 見 暗 此 但 無 明 云 何 無 見 阿 
X13n0285_002:0250c02	難若在暗時不見明故名為不見今在明時不見暗	難 若 在 暗 時 不 見 明 故 名 為 不 見 今 在 明 時 不 見 暗 
X13n0285_002:0250c03	相還名不見如是(則應)二相俱名不見(矣)若復二相自	相 還 名 不 見 如 是 則 應 二 相 俱 名 不 見 矣 若 復 二 相 自 
X13n0285_002:0250c04	相陵奪非汝見性於中暫無如是則知二俱名見云	相 陵 奪 非 汝 見 性 於 中 暫 無 如 是 則 知 二 俱 名 見 云 
X13n0285_002:0250c05	何不見。	何 不 見 
X13n0285_002:0250c06	因明有見者虗妄眼識徧計執情也明暗俱見者	因 明 有 見 者 虗 妄 眼 識 徧 計 執 情 也 明 暗 俱 見 者 
X13n0285_002:0250c07	識精見分依他起性也見分如第二月自與月影	識 精 見 分 依他起性 也 見 分 如 第 二 月 自 與 月 影 
X13n0285_002:0250c08	不同。三正示見性三初直示真性二騰疑細釋。	不 同 三 正 示 見 性 三 初 直 示 真 性 二 騰 疑 細 釋 
X13n0285_002:0250c09	今初。	今 初 
X13n0285_002:0250c10	是故阿難汝今當知見明之時見非是明見暗之時	是 故 阿 難 汝 今 當 知 見 明 之 時 見 非 是 明 見 暗 之 時 
X13n0285_002:0250c11	見非是暗見空之時見非是空見塞之時見非是塞	見 非 是 暗 見 空 之 時 見 非 是 空 見 塞 之 時 見 非 是 塞 
X13n0285_002:0250c12	四義成就汝復應知見見之時見非是見見猶離見	四 義 成 就 汝 復 應 知 見 見 之 時 見 非 是 見 見 猶 離 見 
X13n0285_002:0250c13	見不能及云何復說因緣自然及和合相汝等聲聞	見 不 能 及 云 何 復 說 因 緣 自 然 及 和 合 相 汝 等 聲 聞 
X13n0285_002:0250c14	狹劣無識不能通達清淨實相吾今誨汝當善思惟	狹 劣 無 識 不 能 通 達 清 淨 實 相 吾 今 誨 汝 當 善 思 惟 
X13n0285_002:0250c15	無得疲怠妙菩提路。	無 得 疲 怠 妙 菩 提 路 
X13n0285_002:0250c16	此既為辨相分之非見分因更點示見分之非自	此 既 為 辨 相 分 之 非 見 分 因 更 點 示 見 分 之 非 自 
X13n0285_002:0250c17	證也明暗塞空等總是相分見聞覺知等總是見	證 也 明 暗 塞 空 等 總 是 相 分 見聞覺知 等 總 是 見 
X13n0285_002:0250c18	分於一自證體上妄起見相二分離却自證本體	分 於 一 自 證 體 上 妄 起 見 相 二 分 離 却 自 證 本 體 
X13n0285_002:0250c19	何處更有二分而此二分終非自證本體如於一	何 處 更 有 二 分 而 此 二 分 終 非 自 證 本 體 如 於 一 
X13n0285_002:0250c20	月妄見二月離却月體何處更有二月而此二月	月 妄 見 二 月 離 却 月 體 何 處 更 有 二 月 而 此 二 月 
X13n0285_002:0250c21	終非一月真體故曰汝復應知見性起於見分之	終 非 一 月 真 體 故 曰 汝 復 應 知 見 性 起 於 見 分 之 
X13n0285_002:0250c22	時見性非是見分當知見性猶離見分之妄見分	時 見 性 非 是 見 分 當 知 見 性 猶 離 見 分 之 妄 見 分 
X13n0285_002:0250c23	所不能及云何復說因緣自然及和合相喻如真	所 不 能 及 云 何 復 說 因 緣 自 然 及 和 合 相 喻 如 真 
X13n0285_002:0250c24	月起於二月之時真月非是二月當知真月猶離	月 起 於 二 月 之 時 真 月 非 是 二 月 當 知 真 月 猶 離 
X13n0285_002:0251a01	二月之妄二月所不能及云何復說因緣自然及	二 月 之 妄 二 月 所 不 能 及 云 何 復 說 因 緣 自 然 及 
X13n0285_002:0251a02	和合相又取下文喻意貼之眼眚之時眼非是眚	和 合 相 又 取 下 文 喻 意 貼 之 眼 眚 之 時 眼 非 是 眚 
X13n0285_002:0251a03	眼猶離眚眚不能及云何復說因緣自然及和合	眼 猶 離 眚 眚 不 能 及 云 何 復 說 因 緣 自 然 及 和 合 
X13n0285_002:0251a04	相也蓋見精帶妄已非因緣自然及和合相況此	相 也 蓋 見 精 帶 妄 已 非 因 緣 自 然 及 和 合 相 況 此 
X13n0285_002:0251a05	真見性耶此真見性即名清淨實相以其離一切	真 見 性 耶 此 真 見 性 即 名 清 淨 實 相 以 其 離 一 切 
X13n0285_002:0251a06	相即一切法故也離一切相者喻如真月無二月	相 即 一 切 法 故 也 離一切相 者 喻 如 真 月 無 二 月 
X13n0285_002:0251a07	相即一切法者喻如二月唯真月體此見非見之	相 即 一 切 法 者 喻 如 二 月 唯 真 月 體 此 見 非 見 之 
X13n0285_002:0251a08	性亦復如是性其并見分而非之方可并相分而	性 亦復如是 性 其 并 見 分 而 非 之 方 可 并 相 分 而 
X13n0285_002:0251a09	即之所當善思而深自薦取以此即是大佛頂首	即 之 所 當 善 思 而 深 自 薦 取 以 此 即 是 大 佛 頂 首 
X13n0285_002:0251a10	楞嚴王三昧真體故即是一門超出妙菩提路。	楞 嚴 王 三 昧 真 體 故 即 是 一 門 超 出 妙 菩 提 路 
X13n0285_002:0251a11	二騰疑細釋二初阿難騰疑二如來細釋。今初。	二 騰 疑 細 釋 二 初 阿 難 騰 疑 二 如 來 細 釋 今 初 
X13n0285_002:0251a12	阿難白佛言世尊如佛世尊為我等輩宣說因緣及	阿 難 白 佛 言 世 尊 如 佛 世 尊 為 我 等 輩 宣 說 因 緣 及 
X13n0285_002:0251a13	與自然諸和合相與不和合心猶未開而今更聞見	與 自 然 諸 和 合 相 與 不 和 合 心 猶 未 開 而 今 更 聞 見 
X13n0285_002:0251a14	見非見重增迷悶伏願弘慈施大慧目開示我等覺	見 非 見 重 增 迷 悶 伏 願 弘 慈 施 大 慧 目 開 示 我 等 覺 
X13n0285_002:0251a15	心明淨作是語已悲淚頂禮承受聖旨。	心 明 淨 作是語已 悲 淚 頂 禮 承 受 聖 旨 
X13n0285_002:0251a16	此問特求發明見見非見之義故下答云此實見	此 問 特 求 發 明 見 見 非 見 之 義 故 下 答 云 此 實 見 
X13n0285_002:0251a17	見云何復名覺聞知見的是見見非見釋文有人	見 云 何 復 名 覺 聞 知 見 的 是 見 見 非 見 釋 文 有 人 
X13n0285_002:0251a18	從此判作酬三摩請絕不與上章相蒙可謂昧文	從 此 判 作 酬 三 摩 請 絕 不 與 上 章 相 蒙 可 謂 昧 文 
X13n0285_002:0251a19	失旨錯謬甚矣問中和合不和合與因緣自然一	失 旨 錯 謬 甚 矣 問 中 和 合 不 和 合 與 因 緣 自 然 一 
X13n0285_002:0251a20	往似同再研則別一往同者因緣是和合義自然	往 似 同 再 研 則 別 一 往 同 者 因 緣 是 和 合 義 自 然 
X13n0285_002:0251a21	是不和合義再研別者因緣單約隨緣之用是正	是 不 和 合 義 再 研 別 者 因 緣 單 約 隨 緣 之 用 是 正 
X13n0285_002:0251a22	教所申自然單計不變之體是外道所昧若謂一	教 所 申 自 然 單 計 不 變 之 體 是 外 道 所 昧 若 謂 一 
X13n0285_002:0251a23	分不變之體一分隨緣之用交互戒事名為和合	分 不 變 之 體 一 分 隨 緣 之 用 交 互 戒 事 名 為 和 合 
X13n0285_002:0251a24	若謂不變者自不變隨緣者自隨緣判然各別名	若 謂 不 變 者 自 不 變 隨 緣 者 自 隨 緣 判 然 各 別 名 
X13n0285_002:0251b01	不和合此二通於內外大小須以三印一印等簡	不 和 合 此 二 通 於 內 外 大 小 須 以 三 印 一 印 等 簡 
X13n0285_002:0251b02	其邪正偏圓茲不繁述可以意知也阿難聞佛責	其 邪 正 偏 圓 茲 不 繁 述 可 以 意 知 也 阿 難 聞 佛 責 
X13n0285_002:0251b03	云云何復說因緣自然及和合相但因緣自然已	云 云 何 復 說 因 緣 自 然 及 和 合 相 但 因 緣 自 然 已 
X13n0285_002:0251b04	緣破斥和合不和合義猶未發明故曰心猶未開	緣 破 斥 和 合 不 和 合 義 猶 未 發 明 故 曰 心 猶 未 開 
X13n0285_002:0251b05	又既未達性體隨緣不變不變隨緣之妙則雖聞	又 既 未 達 性 體 隨 緣 不 變 不 變 隨 緣 之 妙 則 雖 聞 
X13n0285_002:0251b06	說非因緣非自然亦未了徹故曰心猶未開也更	說 非 因 緣 非 自 然 亦 未 了 徹 故 曰 心 猶 未 開 也 更 
X13n0285_002:0251b07	聞見見非見重增迷悶者於見精義尚自領會未	聞 見 見 非 見 重 增 迷 悶 者 於 見 精 義 尚 自 領 會 未 
X13n0285_002:0251b08	徹況此更加一層深奧乎然如來初番直指見性	徹 況 此 更 加 一 層 深 奧 乎 然 如 來 初 番 直 指 見 性 
X13n0285_002:0251b09	是心非眼已的指此見相二分所依體性正是第	是 心 非 眼 已 的 指 此 見 相 二 分 所 依 體 性 正 是 第 
X13n0285_002:0251b10	一見字是故失燈眼而不滅得燈眼而不生手開	一 見 字 是 故 失 燈 眼 而 不 滅 得 燈 眼 而 不 生 手 開 
X13n0285_002:0251b11	合而不開合頭動搖而不動搖年遷變而不遷變	合 而 不 開 合 頭 動 搖 而 不 動 搖 年 遷 變 而 不 遷 變 
X13n0285_002:0251b12	隨顛倒而無減失乃至無縮無舒無斷無續無是	隨 顛 倒 而 無 減 失 乃 至 無 縮 無 舒 無 斷 無 續 無 是 
X13n0285_002:0251b13	無非非自然非因緣而結之以離一切相即一切	無 非 非 自 然 非 因 緣 而 結 之 以 離一切相 即 一 切 
X13n0285_002:0251b14	法皆是於隨緣中指出常不變性無奈阿難覿面	法 皆 是 於 隨 緣 中 指 出 常 不 變 性 無 奈 阿 難 覿 面 
X13n0285_002:0251b15	錯過僅作見精領會仍自領會不親切耳然此第	錯 過 僅 作 見 精 領 會 仍 自 領 會 不 親 切 耳 然 此 第 
X13n0285_002:0251b16	一見字之體若未領會則於因緣自然和合不和	一 見 字 之 體 若 未 領 會 則 於 因 緣 自 然 和 合 不 和 
X13n0285_002:0251b17	合等戲論決定擺脫不出故答文中但以二妄合	合 等 戲 論 決 定 擺 脫 不 出 故 答 文 中 但 以 二 妄 合 
X13n0285_002:0251b18	明顯此見性終日在妄終日恒真達此性體則和	明 顯 此 見 性 終 日 在 妄 終 日 恒 真 達 此 性 體 則 和 
X13n0285_002:0251b19	合及不和合皆悉遠離矣。二如來細釋三初訶	合 及 不 和 合 皆 悉 遠 離 矣 二 如 來 細 釋 三 初 訶 
X13n0285_002:0251b20	誡許宣二合明二妄三顯示歸真。初中二初經	誡 許 宣 二 合 明 二 妄 三 顯 示 歸 真 初 中 二 初 經 
X13n0285_002:0251b21	家敘意二如來誡許。今初。	家 敘 意 二 如 來 誡 許 今 初 
X13n0285_002:0251b22	爾時世尊憐愍阿難及諸大眾將欲敷演大陀羅尼	爾 時 世 尊 憐 愍 阿 難 及 諸 大 眾 將 欲 敷 演 大 陀 羅 尼 
X13n0285_002:0251b23	諸三摩提妙修行路。	諸 三 摩 提 妙 修 行 路 
X13n0285_002:0251b24	陀羅尼此云總持謂總一切法持一切義也大陀	陀 羅 尼 此 云 總 持 謂 總 一 切 法 持 一 切 義 也 大 陀 
X13n0285_002:0251c01	羅尼者所謂法界大總相法門體即下文陰入處	羅 尼 者 所 謂 法 界 大 總 相 法 門 體 即 下 文 陰 入 處 
X13n0285_002:0251c02	界七大皆如來藏妙真如性是也以陰入處界七	界 七 大 皆 如 來 藏 妙 真 如 性 是 也 以 陰 入 處 界 七 
X13n0285_002:0251c03	大等法隨拈一種皆即全體如來藏性皆能總一	大 等 法 隨 拈 一 種 皆 即 全 體 如 來 藏 性 皆 能 總 一 
X13n0285_002:0251c04	切法持一切義故名大陀羅尼依此熏修則為種	切 法 持 一 切 義 故 名 大 陀 羅 尼 依 此 熏 修 則 為 種 
X13n0285_002:0251c05	種三昧所謂眼根三昧乃至意根三昧色塵三昧	種 三 昧 所 謂 眼 根 三 昧 乃 至 意 根 三 昧 色 塵 三 昧 
X13n0285_002:0251c06	乃至法塵三昧眼識三昧乃至意識三昧持地三	乃 至 法 塵 三 昧 眼 識 三 昧 乃 至 意 識 三 昧 持 地 三 
X13n0285_002:0251c07	昧乃至唯識三昧故名諸三摩提一一三昧無非	昧 乃 至 唯 識 三 昧 故 名 諸 三 摩 提 一 一 三 昧 無 非 
X13n0285_002:0251c08	全性起修全修在性皆是大佛頂首楞嚴王三昧	全 性 起 修 全 修 在 性 皆 是 大 佛 頂 首 楞 嚴 王 三 昧 
X13n0285_002:0251c09	十方如來一門超出故名妙修行路也將欲敷演	十 方 如 來 一 門 超 出 故 名 妙 修 行 路 也 將 欲 敷 演 
X13n0285_002:0251c10	者前文顯示見性大蘊已彰餘疑無幾今將乘此	者 前 文 顯 示 見 性 大 蘊 已 彰 餘 疑 無 幾 今 將 乘 此 
X13n0285_002:0251c11	并顯一切法性也葢六入十二處十八界中皆以	并 顯 一切法性 也 葢 六 入 十 二 處 十 八 界 中 皆 以 
X13n0285_002:0251c12	眼見居首見性既爾餘性可知故當徧歷諸法備	眼 見 居 首 見 性 既 爾 餘 性 可 知 故 當 徧 歷 諸 法 備 
X13n0285_002:0251c13	顯藏性開圓頓解以為真修之本矣。二如來誡	顯 藏 性 開 圓 頓 解 以 為 真 修 之 本 矣 二 如 來 誡 
X13n0285_002:0251c14	許。	許 
X13n0285_002:0251c15	告阿難言汝雖強記但益多聞於奢摩他微密觀炤	告 阿 難 言 汝 雖 強 記 但 益 多 聞 於 奢 摩 他 微 密 觀 炤 
X13n0285_002:0251c16	心猶未了汝今諦聽吾當為汝分別開示亦令將來	心 猶 未 了 汝 今 諦 聽 吾 當 為 汝 分 別 開 示 亦 令 將 來 
X13n0285_002:0251c17	諸有漏者獲菩提果。	諸 有 漏 者 獲 菩 提 果 
X13n0285_002:0251c18	此責其聞法而不觀心不能通達全性之修也奢	此 責 其 聞 法 而 不 觀 心 不 能 通 達 全 性 之 修 也 奢 
X13n0285_002:0251c19	摩他微密觀炤者即是圓頓止觀始從名字終至	摩 他 微 密 觀 炤 者 即 是 圓 頓 止 觀 始 從 名 字 終 至 
X13n0285_002:0251c20	究竟靡不繇之而今但事強記則有聞無慧所以	究 竟 靡 不 繇 之 而 今 但 事 強 記 則 有 聞 無 慧 所 以 
X13n0285_002:0251c21	不了全性所起之止觀不達見見非見之體性也。	不 了 全 性 所 起 之 止 觀 不 達 見 見 非 見 之 體 性 也 
X13n0285_002:0251c22	二合明二妄二初直示二妄二進退合明。初	二 合 明 二 妄 二 初 直 示 二 妄 二 進 退 合 明 初 
X13n0285_002:0251c23	中二初總標二別釋。今初。	中 二 初 總 標 二 別 釋 今 初 
X13n0285_002:0251c24	阿難一切眾生輪迴世間繇二顛倒分別見妄當處	阿 難 一 切 眾 生 輪 迴 世 間 繇 二 顛 倒 分 別 見 妄 當 處 
X13n0285_002:0252a01	發生當業輪轉云何二見一者眾生別業妄見二者	發 生 當 業 輪 轉 云 何 二 見 一 者 眾 生 別 業 妄 見 二 者 
X13n0285_002:0252a02	眾生同分妄見。	眾 生 同 分 妄 見 
X13n0285_002:0252a03	一切眾生者九法界眾生也輪迴世間者同居世	一 切 眾 生 者 九 法 界 眾 生 也 輪 迴 世 間 者 同 居 世 
X13n0285_002:0252a04	間分段輪迴方便實報世間變易輪迴也二顛倒	間 分 段 輪 迴 方 便 實 報 世 間 變 易 輪 迴 也 二 顛 倒 
X13n0285_002:0252a05	分別見妄者即指別業同分二妄見也二皆是惑	分 別 見 妄 者 即 指 別 業 同 分 二 妄 見 也 二 皆 是 惑 
X13n0285_002:0252a06	所謂見思塵沙無明也當處發生者有惑即必有	所 謂 見 思 塵 沙 無 明 也 當 處 發 生 者 有 惑 即 必 有 
X13n0285_002:0252a07	業所謂見思發有漏善惡不動諸業塵沙發無漏	業 所 謂 見 思 發 有 漏 善 惡 不 動 諸 業 塵 沙 發 無 漏 
X13n0285_002:0252a08	偏真業無明發亦有漏亦無漏二邊業也當業輪	偏 真 業 無 明 發 亦 有 漏 亦 無 漏 二 邊 業 也 當 業 輪 
X13n0285_002:0252a09	轉者有業即必有苦所謂見思業同居輪轉塵沙	轉 者 有 業 即 必 有 苦 所 謂 見 思 業 同 居 輪 轉 塵 沙 
X13n0285_002:0252a10	業方便輪轉無明業實報輪轉也惑業苦三如惡	業 方 便 輪 轉 無 明 業 實 報 輪 轉 也 惑 業 苦 三 如 惡 
X13n0285_002:0252a11	又聚不相暫離又惟心所現全體虗妄無所從來	又 聚 不 相 暫 離 又 惟 心 所 現 全 體 虗 妄 無所從來 
X13n0285_002:0252a12	無所至去故言當處發生當業輪轉也別業妄見	無 所 至 去 故 言 當 處 發 生 當 業 輪 轉 也 別 業 妄 見 
X13n0285_002:0252a13	者唯獨自見同分妄見者與眾同見同別雖殊虗	者 唯 獨 自 見 同 分 妄 見 者 與 眾 同 見 同 別 雖 殊 虗 
X13n0285_002:0252a14	妄則一一切眾生於念念中皆悉具此同別二種	妄 則 一 一 切 眾 生 於念念中 皆 悉 具 此 同 別 二 種 
X13n0285_002:0252a15	妄見所以妄受輪迴然終日在二妄中而見性依	妄 見 所 以 妄 受 輪 迴 然 終 日 在 二 妄 中 而 見 性 依 
X13n0285_002:0252a16	然如故此所謂見見非見悟之則輪迴息矣。二	然 如 故 此 所 謂 見 見 非 見 悟 之 則 輪 迴 息 矣 二 
X13n0285_002:0252a17	別釋二初釋別業妄見二釋同分妄見。今初。	別 釋 二 初 釋 別 業 妄 見 二 釋 同 分 妄 見 今 初 
X13n0285_002:0252a18	云何名為別業妄見阿難如世間人目有赤眚夜見	云 何 名 為 別 業 妄 見 阿 難 如 世 間 人 目 有 赤 眚 夜 見 
X13n0285_002:0252a19	燈光別有圓影五色重疊於意云何此夜燈明所現	燈 光 別 有 圓 影 五 色 重 疊 於意云何 此 夜 燈 明 所 現 
X13n0285_002:0252a20	圓光為是燈色為當見色阿難此若燈色則非眚人	圓 光 為 是 燈 色 為 當 見 色 阿 難 此 若 燈 色 則 非 眚 人 
X13n0285_002:0252a21	何不同見而此圓影唯眚之觀若是見色見已成色	何 不 同 見 而 此 圓 影 唯 眚 之 觀 若 是 見 色 見 已 成 色 
X13n0285_002:0252a22	則彼眚人見圓影者(又復)名為何等復次阿難若此圓	則 彼 眚 人 見 圓 影 者 又 復 名 為 何 等 復 次 阿 難 若 此 圓 
X13n0285_002:0252a23	影離燈別有則合傍觀屏帳几筵有圓影出離見別	影 離 燈 別 有 則 合 傍 觀 屏 帳 几 筵 有 圓 影 出 離 見 別 
X13n0285_002:0252a24	有應非眼矚云何眚人目見圓影是故當知色實在	有 應 非 眼 矚 云 何 眚 人 目 見 圓 影 是故當知 色 實 在 
X13n0285_002:0252b01	燈見病為影影(之與)見(二)俱(是)眚(而)見(此)眚(者元)非(有)病	燈 見 病 為 影 影 之 與 見 二 俱 是 眚 而 見 此 眚 者 元 非 有 病 
X13n0285_002:0252b02	終不應言是燈是見(尤不應言)於是中有非燈非見如第	終 不 應 言 是 燈 是 見 尤 不 應 言 於 是 中 有 非 燈 非 見 如 第 
X13n0285_002:0252b03	二月非體非影何以故第二之觀揑所成故諸有智	二 月 非 體 非 影 何 以 故 第 二 之 觀 揑 所 成 故 諸 有 智 
X13n0285_002:0252b04	者不應說言此揑根元是形非形離見非見此亦如	者 不 應 說 言 此 揑 根 元 是 形 非 形 離 見 非 見 此 亦 如 
X13n0285_002:0252b05	是目眚所成今欲名誰是燈是見何況分別非燈非	是 目 眚 所 成 今 欲 名 誰 是 燈 是 見 何 況 分 別 非 燈 非 
X13n0285_002:0252b06	見。	見 
X13n0285_002:0252b07	此中文有四節從初至五色重疊是立例以顯別	此 中 文 有 四 節 從 初 至 五 色 重 疊 是 立 例 以 顯 別 
X13n0285_002:0252b08	見次於意云何至目見圓影是徵破以顯虗妄三	見 次 於意云何 至 目 見 圓 影 是 徵 破 以 顯 虗 妄 三 
X13n0285_002:0252b09	是故當知至非燈非見是結顯妄本依真四如第	是故當知 至 非 燈 非 見 是 結 顯 妄 本 依 真 四 如 第 
X13n0285_002:0252b10	二月至非燈非見是引喻更合前例初文意者先	二 月 至 非 燈 非 見 是 引 喻 更 合 前 例 初 文 意 者 先 
X13n0285_002:0252b11	須以清淨目喻於正智以清淨燈光喻於如如蓋	須 以 清 淨 目 喻 於 正 智 以 清 淨 燈 光 喻 於 如 如 蓋 
X13n0285_002:0252b12	見性圓滿光性圓滿無邊無畔無是無非所謂無	見 性 圓 滿 光 性 圓 滿 無 邊 無 畔 無 是 無 非 所 謂 無 
X13n0285_002:0252b13	智外之如為智所證無如外之智能證於如也復	智 外 之 如 為 智 所 證 無 如 外 之 智 能 證 於 如 也 復 
X13n0285_002:0252b14	次目有三義所謂慧眼法眼佛眼也燈有三義所	次 目 有 三 義 所 謂 慧 眼 法 眼 佛 眼 也 燈 有 三 義 所 
X13n0285_002:0252b15	謂真諦燈俗諦燈中諦燈也見思惑是慧眼赤眚	謂 真 諦 燈 俗 諦 燈 中 諦 燈 也 見 思 惑 是 慧 眼 赤 眚 
X13n0285_002:0252b16	妄於真諦燈上見有同居五陰五色重疊塵沙惑	妄 於 真 諦 燈 上 見 有 同 居 五 陰 五 色 重 疊 塵 沙 惑 
X13n0285_002:0252b17	是法眼赤眚妄於俗諦燈上見有方便五陰五色	是 法 眼 赤 眚 妄 於 俗 諦 燈 上 見 有 方 便 五 陰 五 色 
X13n0285_002:0252b18	重疊無明惑是佛眼赤眚妄於中諦燈上見有果	重 疊 無 明 惑 是 佛 眼 赤 眚 妄 於 中 諦 燈 上 見 有 果 
X13n0285_002:0252b19	報五色重疊此約一喻豎論三惑也又三惑當體	報 五 色 重 疊 此 約 一 喻 豎 論 三 惑 也 又 三 惑 當 體 
X13n0285_002:0252b20	全空三惑皆屬假名建立三惑皆即不可思議不	全 空 三 惑 皆 屬 假 名 建 立 三 惑 皆 即 不可思議 不 
X13n0285_002:0252b21	達三惑本空總名見思不達三惑假名建立種種	達 三 惑 本 空 總 名 見 思 不 達 三 惑 假 名 建 立 種 種 
X13n0285_002:0252b22	藥病無量因緣總名塵沙不達三惑體即法界總	藥 病 無 量 因 緣 總 名 塵 沙 不 達 三 惑 體 即 法 界 總 
X13n0285_002:0252b23	名無明此於豎三惑中橫論三惑也第二文者明	名 無 明 此 於 豎 三 惑 中 橫 論 三 惑 也 第 二 文 者 明 
X13n0285_002:0252b24	此圓影既非是燈是見亦非離燈離見全體虗妄	此 圓 影 既 非 是 燈 是 見 亦 非 離 燈 離 見 全 體 虗 妄 
X13n0285_002:0252c01	毫無實法意顯三土五陰既非正智如如亦仍不	毫 無 實 法 意 顯 三 土 五 陰 既 非 正 智 如 如 亦 仍 不 
X13n0285_002:0252c02	離正智如如也第三文中色實在燈者意顯如如	離 正 智 如 如 也 第 三 文 中 色 實 在 燈 者 意 顯 如 如 
X13n0285_002:0252c03	真理本具法性五陰也見病為影者意顯九界五	真 理 本 具 法 性 五 陰 也 見 病 為 影 者 意 顯 九 界 五 
X13n0285_002:0252c04	陰皆繇妄惑建立也影見俱眚者意顯眾生見有	陰 皆 繇 妄 惑 建 立 也 影 見 俱 眚 者 意 顯 眾 生 見 有 
X13n0285_002:0252c05	內身外境能見所見無非是妄也見眚非病者意	內 身 外 境 能見所見 無 非 是 妄 也 見 眚 非 病 者 意 
X13n0285_002:0252c06	顯見見之時見非是見也蓋見相二分全依自證	顯 見 見 之 時 見 非 是 見 也 蓋 見 相 二 分 全 依 自 證 
X13n0285_002:0252c07	故自證雖舉體而成見相其體不變如眚影二妄	故 自 證 雖 舉 體 而 成 見 相 其 體 不 變 如 眚 影 二 妄 
X13n0285_002:0252c08	今依淨目故淨目雖舉體而成二妄其目仍存故	今 依 淨 目 故 淨 目 雖 舉 體 而 成 二 妄 其 目 仍 存 故 
X13n0285_002:0252c09	曰見眚非病正所謂終日在妄終日恒真也終不	曰 見 眚 非 病 正 所 謂 終 日 在 妄 終 日 恒 真 也 終 不 
X13n0285_002:0252c10	應言是燈是見於是中有非燈非見者收前第二	應 言 是 燈 是 見 於 是 中 有 非 燈 非 見 者 收 前 第 二 
X13n0285_002:0252c11	徵破之文結顯無是非是之義也第四文者更舉	徵 破 之 文 結 顯 無 是 非 是 之 義 也 第 四 文 者 更 舉 
X13n0285_002:0252c12	二月之喻以合前例真月喻燈二月喻五色重疊	二 月 之 喻 以 合 前 例 真 月 喻 燈 二 月 喻 五 色 重 疊 
X13n0285_002:0252c13	非即月故非體非離月故非影猶上文所謂非是	非 即 月 故 非 體 非 離 月 故 非 影 猶 上 文 所 謂 非 是 
X13n0285_002:0252c14	燈色亦非離燈別有也不應說言此揑根元是形	燈 色 亦 非 離 燈 別 有 也 不 應 說 言 此 揑 根 元 是 形 
X13n0285_002:0252c15	非形離見非見者目仍喻目揑喻赤眚目本無揑	非 形 離 見 非 見 者 目 仍 喻 目 揑 喻 赤 眚 目 本 無 揑 
X13n0285_002:0252c16	故不應說言是形離目無揑故不應說言非形揑	故 不 應 說 言 是 形 離 目 無 揑 故 不 應 說 言 非 形 揑 
X13n0285_002:0252c17	見二月故不應說言離見見體無揑故不應說言	見 二 月 故 不 應 說 言 離 見 見 體 無 揑 故 不 應 說 言 
X13n0285_002:0252c18	離於非見或此離字應作是字文更直捷是形非	離 於 非 見 或 此 離 字 應 作 是 字 文 更 直 捷 是 形 非 
X13n0285_002:0252c19	形約浮塵言是見非見約見精言總猶上文所謂	形 約 浮 塵 言 是 見 非 見 約 見 精 言 總 猶 上 文 所 謂 
X13n0285_002:0252c20	非是見色亦非離見別有也此亦如是下舉例再	非 是 見 色 亦 非 離 見 別 有 也 此 亦 如 是 下 舉 例 再 
X13n0285_002:0252c21	合月喻結顯此見惟是虗妄文易可知。二釋同	合 月 喻 結 顯 此 見 惟 是 虗 妄 文 易 可 知 二 釋 同 
X13n0285_002:0252c22	分妄見。	分 妄 見 
X13n0285_002:0252c23	云何名為同分妄見阿難此閻浮提除大海水中間	云 何 名 為 同 分 妄 見 阿 難 此 閻 浮 提 除 大 海 水 中 間 
X13n0285_002:0252c24	平陸有三千洲正中大洲東西括量大國凡有二千	平 陸 有 三 千 洲 正 中 大 洲 東 西 括 量 大 國 凡 有 二 千 
X13n0285_002:0253a01	三百其餘小洲在諸海中其間或有三兩百國或一	三 百 其 餘 小 洲 在 諸 海 中 其 間 或 有 三 兩 百 國 或 一 
X13n0285_002:0253a02	或二至於三十四十五十阿難若復此中有一小洲	或 二 至 於 三 十 四 十 五 十 阿 難 若 復 此 中 有 一 小 洲 
X13n0285_002:0253a03	秪有兩國唯一國人同感惡緣則彼小洲當土眾生	秪 有 兩 國 唯 一 國 人 同 感 惡 緣 則 彼 小 洲 當 土 眾 生 
X13n0285_002:0253a04	覩諸一切不祥境界或見二日或見兩月其中乃至	覩 諸 一 切 不 祥 境 界 或 見 二 日 或 見 兩 月 其 中 乃 至 
X13n0285_002:0253a05	暈適珮玦彗孛飛流負耳虹蜺種種惡相但此國見	暈 適 珮 玦 彗 孛 飛 流 負 耳 虹 蜺 種 種 惡 相 但 此 國 見 
X13n0285_002:0253a06	彼國眾生本所不見亦復不聞。	彼 國 眾 生 本所不見 亦 復 不 聞 
X13n0285_002:0253a07	此雖正釋國分妄見然約此國名之為同若約彼	此 雖 正 釋 國 分 妄 見 然 約 此 國 名 之 為 同 若 約 彼 
X13n0285_002:0253a08	國依舊是別可見若同若別總惟一妄耳暈者惡	國 依 舊 是 別 可 見 若 同 若 別 總 惟 一 妄 耳 暈 者 惡 
X13n0285_002:0253a09	氣環於日月適者日月薄食珮玦者妖氣近於日	氣 環 於 日 月 適 者 日 月 薄 食 珮 玦 者 妖 氣 近 於 日 
X13n0285_002:0253a10	月猶如環珮彗者星芒偏指孛者星芒四出飛者	月 猶 如 環 珮 彗 者 星 芒 偏 指 孛 者 星 芒 四 出 飛 者 
X13n0285_002:0253a11	星忽移去流者光迹相連負耳者陰陽之氣背日	星 忽 移 去 流 者 光 迹 相 連 負 耳 者 陰 陽 之 氣 背 日 
X13n0285_002:0253a12	如負旁日如耳虹者晨朝所現蜺者晚暮所現也。	如 負 旁 日 如 耳 虹 者 晨 朝 所 現 蜺 者 晚 暮 所 現 也 
X13n0285_002:0253a13	二進退合明二初總示二別明。今初。	二 進 退 合 明 二 初 總 示 二 別 明 今 初 
X13n0285_002:0253a14	阿難吾今為汝以此二事進退合明。	阿 難 吾 今 為 汝 以 此 二 事 進 退 合 明 
X13n0285_002:0253a15	見雖有二虗妄無殊欲以易知例彼難知使彼難	見 雖 有 二 虗 妄 無 殊 欲 以 易 知 例 彼 難 知 使 彼 難 
X13n0285_002:0253a16	知亦成易知故須一進一退方明其為妄也葢燈	知 亦 成 易 知 故 須 一 進 一 退 方 明 其 為 妄 也 葢 燈 
X13n0285_002:0253a17	上圓影之虗妄無實最為易知以不眚者多故不	上 圓 影 之 虗 妄 無 實 最 為 易 知 以 不 眚 者 多 故 不 
X13n0285_002:0253a18	祥境界之虗妄無實已自難知以同見者眾故然	祥 境 界 之 虗 妄 無 實 已 自 難 知 以 同 見 者 眾 故 然 
X13n0285_002:0253a19	猶賴有彼國眾生不見不聞可顯是妄至於二土	猶 賴 有 彼 國 眾 生 不 見 不 聞 可 顯 是 妄 至 於 二 土 
X13n0285_002:0253a20	依正九界同觀若非如來自住三昧安知一切皆	依 正 九 界 同 觀 若 非 如 來 自 住 三 昧 安 知 一 切 皆 
X13n0285_002:0253a21	同圓影今以二事合明方知一切能見所見無非	同 圓 影 今 以 二 事 合 明 方 知 一 切 能見所見 無 非 
X13n0285_002:0253a22	虗妄而見見非見之性則在妄恒真矣。二別明	虗 妄 而 見 見 非 見 之 性 則 在 妄 恒 真 矣 二 別 明 
X13n0285_002:0253a23	二初進別例同二退同例別。今初。	二 初 進 別 例 同 二 退 同 例 別 今 初 
X13n0285_002:0253a24	阿難如彼眾生別業妄見矚燈光中所現圓影雖似	阿 難 如 彼 眾 生 別 業 妄 見 矚 燈 光 中 所 現 圓 影 雖 似 
X13n0285_002:0253b01	前境終彼見者目眚所成眚即見(家之)勞非(是外)色所造	前 境 終 彼 見 者 目 眚 所 成 眚 即 見 家 之 勞 非 是 外 色 所 造 
X13n0285_002:0253b02	然(而)見(此)眚者終無見咎例汝今日以目觀見山河	然 而 見 此 眚 者 終 無 見 咎 例 汝 今 日 以 目 觀 見 山 河 
X13n0285_002:0253b03	國土及諸眾生皆是無始見病所成見與見緣(雖)似	國 土 及 諸 眾 生 皆 是 無 始 見 病 所 成 見 與 見 緣 雖 似 
X13n0285_002:0253b04	現前(之)境元(非外境即)我覺明見(體)所緣(之)眚(是以)覺(體所起)	現 前 之 境 元 非 外 境 即 我 覺 明 見 體 所 緣 之 眚 是 以 覺 體 所 起 
X13n0285_002:0253b05	見(聞覺知)即(名為)眚(而)本覺明心(能)覺(此見與見)緣(者終)非眚(也故	見 聞 覺 知 即 名 為 眚 而 本 覺 明 心 能 覺 此 見 與 見 緣 者 終 非 眚 也 故 
X13n0285_002:0253b06	此)覺(其)所覺(之)眚(者此)覺(斷)非(墮在)眚中此實(所謂)見見(之性)	此 覺 其 所 覺 之 眚 者 此 覺 斷 非 墮 在 眚 中 此 實 所 謂 見 見 之 性 
X13n0285_002:0253b07	云何復名覺聞知見是故汝今見我及汝并諸世間	云 何 復 名 覺 聞 知 見 是 故 汝 今 見 我 及 汝 并 諸 世 間 
X13n0285_002:0253b08	十類眾生皆即見(體之)眚非(是)見(此)眚者(之真見也)彼見真	十 類 眾 生 皆 即 見 體 之 眚 非 是 見 此 眚 者 之 真 見 也 彼 見 真 
X13n0285_002:0253b09	精(其)性(元)非眚者故不(得)名(之為)見。	精 其 性 元 非 眚 者 故 不 得 名 之 為 見 
X13n0285_002:0253b10	此進目眚一人之別業妄見以例阿難一人之同	此 進 目 眚 一 人 之 別 業 妄 見 以 例 阿 難 一 人 之 同 
X13n0285_002:0253b11	分妄見而深明見見非見也文亦三節初至終無	分 妄 見 而 深 明 見 見 非 見 也 文 亦 三 節 初 至 終 無 
X13n0285_002:0253b12	見咎是重舉前所立例次例汝今日至覺聞知見	見 咎 是 重 舉 前 所 立 例 次 例 汝 今 日 至 覺 聞 知 見 
X13n0285_002:0253b13	是正例阿難之見三是故汝今至故不名見是結	是 正 例 阿 難 之 見 三 是 故 汝 今 至 故 不 名 見 是 結 
X13n0285_002:0253b14	顯在妄恒真也初文終無見咎者咎亦是病見若	顯 在 妄 恒 真 也 初 文 終 無 見 咎 者 咎 亦 是 病 見 若 
X13n0285_002:0253b15	果病云何能見於眚猶上文所云則彼眚人見圓	果 病 云 何 能 見 於 眚 猶 上 文 所 云 則 彼 眚 人 見 圓 
X13n0285_002:0253b16	影者名為何等此正指於眚而不眚在妄恒真之	影 者 名 為 何 等 此 正 指 於 眚 而 不 眚 在 妄 恒 真 之 
X13n0285_002:0253b17	見性也次文以目觀見四字即虗妄見分例上眚	見 性 也 次 文 以 目 觀 見 四 字 即 虗 妄 見 分 例 上 眚 
X13n0285_002:0253b18	矚也山河國土及諸眾生即虗妄相分例上圓影	矚 也 山 河 國 土 及 諸 眾 生 即 虗 妄 相 分 例 上 圓 影 
X13n0285_002:0253b19	也皆是無始見病所成者言此能見之見分所見	也 皆 是 無 始 見 病 所 成 者 言 此 能 見 之 見 分 所 見 
X13n0285_002:0253b20	之相分同是見家之病超例上文終彼見者目眚	之 相 分 同 是 見 家 之 病 超 例 上 文 終 彼 見 者 目 眚 
X13n0285_002:0253b21	所成也見與見緣似現前境者追例上文雖似前	所 成 也 見 與 見 緣 似 現 前 境 者 追 例 上 文 雖 似 前 
X13n0285_002:0253b22	境也元我覺明見所緣眚覺見即眚者例上眚即	境 也 元 我 覺 明 見 所 緣 眚 覺 見 即 眚 者 例 上 眚 即 
X13n0285_002:0253b23	見勞非色所造也本覺明心覺緣非眚乃至云何	見 勞 非 色 所 造 也 本 覺 明 心 覺 緣 非 眚 乃 至 云 何 
X13n0285_002:0253b24	復名覺聞知見者例上然見眚者終無見咎也第	復 名 覺 聞 知 見 者 例 上 然 見 眚 者 終 無 見 咎 也 第 
X13n0285_002:0253c01	三文者汝今見我之見字即上見明見暗見空見	三 文 者 汝 今 見 我 之 見 字 即 上 見 明 見 暗 見 空 見 
X13n0285_002:0253c02	塞之見字指能見之見分如目眚也我及汝并諸	塞 之 見 字 指 能 見 之 見 分 如 目 眚 也 我 及 汝 并 諸 
X13n0285_002:0253c03	世間十類眾生指所見之相分如圓影也見相二	世 間 十 類 眾 生 指 所 見 之 相 分 如 圓 影 也 見 相 二 
X13n0285_002:0253c04	分皆即見體之眚而非是見此眚者之自體如眚	分 皆 即 見 體 之 眚 而 非 是 見 此 眚 者 之 自 體 如 眚 
X13n0285_002:0253c05	影皆非目也彼見真精雖終日在妄而性元非眚	影 皆 非 目 也 彼 見 真 精 雖 終 日 在 妄 而 性 元 非 眚 
X13n0285_002:0253c06	眚不能及如目雖有眚見性不失故此見性不得	眚 不 能 及 如 目 雖 有 眚 見 性 不 失 故 此 見 性 不 得 
X13n0285_002:0253c07	名之為見既不名見則亦不得名聞名嗅名甞名	名 之 為 見 既 不 名 見 則 亦 不 得 名 聞 名 嗅 名 甞 名 
X13n0285_002:0253c08	覺名知然既是見性則亦即是聞性嗅性甞性覺	覺 名 知 然 既 是 見 性 則 亦 即 是 聞 性 嗅 性 甞 性 覺 
X13n0285_002:0253c09	性知性此所以為常住真心性淨明體而依此修	性 知 性 此 所 以 為 常 住 真 心 性 淨 明 體 而 依 此 修 
X13n0285_002:0253c10	行者為大佛頂首楞嚴王三昧也。二退同例別。	行 者 為 大 佛 頂 首 楞 嚴 王 三 昧 也 二 退 同 例 別 
X13n0285_002:0253c11	阿難如彼眾生同分妄見例彼妄見別業一人一病	阿 難 如 彼 眾 生 同 分 妄 見 例 彼 妄 見 別 業 一 人 一 病 
X13n0285_002:0253c12	目人同彼一國彼見圓影眚妄所生此眾同分所現	目 人 同 彼 一 國 彼 見 圓 影 眚 妄 所 生 此 眾 同 分 所 現 
X13n0285_002:0253c13	不祥同見業中瘴惡所起俱是無始見妄所生例閻	不 祥 同 見 業 中 瘴 惡 所 起 俱 是 無 始 見 妄 所 生 例 閻 
X13n0285_002:0253c14	浮提三千洲中兼四大海娑婆世界并洎十方諸有	浮 提 三 千 洲 中 兼 四 大 海 娑婆世界 并 洎 十 方 諸 有 
X13n0285_002:0253c15	漏國及諸眾生同是覺明無漏妙心(起於)見聞覺知虗	漏 國 及 諸 眾 生 同 是 覺 明 無 漏 妙 心 起 於 見聞覺知 虗 
X13n0285_002:0253c16	妄病緣(所以)和合妄生和合妄死。	妄 病 緣 所 以 和 合 妄 生 和 合 妄 死 
X13n0285_002:0253c17	此先退一國之同分妄見例同一人之別業妄見	此 先 退 一 國 之 同 分 妄 見 例 同 一 人 之 別 業 妄 見 
X13n0285_002:0253c18	然後總退十方依正之同分妄見皆例同一人之	然 後 總 退 十 方 依 正 之 同 分 妄 見 皆 例 同 一 人 之 
X13n0285_002:0253c19	別業妄見也一國之人雖多若以餘國望之可例	別 業 妄 見 也 一 國 之 人 雖 多 若 以 餘 國 望 之 可 例 
X13n0285_002:0253c20	一人一國所造業瘴可例一人所有赤眚一國所	一 人 一 國 所 造 業 瘴 可 例 一 人 所 有 赤 眚 一 國 所 
X13n0285_002:0253c21	見不祥可例一人所見圓影如此重重虗妄俱是	見 不 祥 可 例 一 人 所 見 圓 影 如 此 重 重 虗 妄 俱 是 
X13n0285_002:0253c22	無始見妄所生更無他因也例閻浮提下展轉推	無 始 見 妄 所 生 更 無 他 因 也 例 閻 浮 提 下 展 轉 推 
X13n0285_002:0253c23	至十方一一退例別業妄見也同是覺明無漏妙	至 十 方 一 一 退 例 別 業 妄 見 也 同 是 覺 明 無 漏 妙 
X13n0285_002:0253c24	心者例上一人之目即前文見見非見第一見字	心 者 例 上 一 人 之 目 即 前 文 見 見 非 見 第 一 見 字 
X13n0285_002:0254a01	見聞覺知虗妄病緣者例上目中赤眚即前文第	見聞覺知 虗 妄 病 緣 者 例 上 目 中 赤 眚 即 前 文 第 
X13n0285_002:0254a02	二見字和合妄生和合妄死者例上燈光圓影即	二 見 字 和 合 妄 生 和 合 妄 死 者 例 上 燈 光 圓 影 即 
X13n0285_002:0254a03	前文所舉明暗空塞等相是也諸有漏國者同居	前 文 所 舉 明 暗 空 塞 等 相 是 也 諸 有 漏 國 者 同 居 
X13n0285_002:0254a04	國有見思漏方便國有塵沙漏果報國有無明漏	國 有 見 思 漏 方 便 國 有 塵 沙 漏 果 報 國 有 無 明 漏 
X13n0285_002:0254a05	諸眾生者九法界眾生妄生妄死者同居分段生	諸 眾 生 者 九 法 界 眾 生 妄 生 妄 死 者 同 居 分 段 生 
X13n0285_002:0254a06	死方便果報變易生死也歷此同別二例而見見	死 方 便 果 報 變易生死 也 歷 此 同 別 二 例 而 見 見 
X13n0285_002:0254a07	非見之性昭若日月矣。三顯示歸真。	非 見 之 性 昭 若 日 月 矣 三 顯 示 歸 真 
X13n0285_002:0254a08	若能遠離諸和合緣及不和合則復滅除諸生死因	若 能 遠 離 諸 和 合 緣 及 不 和 合 則 復 滅 除 諸 生 死 因 
X13n0285_002:0254a09	圓滿菩提不生滅性清淨本心本覺常住。	圓 滿 菩 提 不 生 滅 性 清 淨 本 心 本 覺 常 住 
X13n0285_002:0254a10	此承上文二妄合明既是全真起妄在妄恒真則	此 承 上 文 二 妄 合 明 既 是 全 真 起 妄 在 妄 恒 真 則 
X13n0285_002:0254a11	知今欲返妄歸真別無他術秪須遠離諸和合緣	知 今 欲 返 妄 歸 真 別 無 他 術 秪 須 遠 離 諸 和 合 緣 
X13n0285_002:0254a12	及不和合而分段變易二生死因即便滅除菩提	及 不 和 合 而 分 段 變 易 二 生 死 因 即 便 滅 除 菩 提 
X13n0285_002:0254a13	不生滅性當體圓滿方知清淨本心本覺常住非	不 生 滅 性 當 體 圓 滿 方 知 清 淨 本 心 本 覺 常 住 非 
X13n0285_002:0254a14	關修證之所得矣然欲遠離諸和合緣及不和合	關 修 證 之 所 得 矣 然 欲 遠 離 諸 和 合 緣 及 不 和 合 
X13n0285_002:0254a15	須要達此見見非見之性葢此見性非但不是明	須 要 達 此 見 見 非 見 之 性 葢 此 見 性 非 但 不 是 明 
X13n0285_002:0254a16	暗空塞等相分亦復不是見聞覺知等見分如真	暗 空 塞 等 相 分 亦 復 不 是 見聞覺知 等 見 分 如 真 
X13n0285_002:0254a17	月總非二月而此見相二分離於真性別無自體	月 總 非 二 月 而 此 見 相 二 分 離 於 真 性 別 無 自 體 
X13n0285_002:0254a18	如二月實惟一月若知正見二月之時真月元不	如 二 月 實 惟 一 月 若 知 正 見 二 月 之 時 真 月 元 不 
X13n0285_002:0254a19	曾壞又知只此二月實惟真月則決不以手扭此	曾 壞 又 知 只 此 二 月 實 惟 真 月 則 決 不 以 手 扭 此 
X13n0285_002:0254a20	二月欲令和合亦決不以手挽此二月欲令遠離	二 月 欲 令 和 合 亦 決 不 以 手 挽 此 二 月 欲 令 遠 離 
X13n0285_002:0254a21	矣凡夫貪逐色香味觸如扭月令合二乘訶棄三	矣 凡 夫 貪 逐 色香味觸 如 扭 月 令 合 二 乘 訶 棄 三 
X13n0285_002:0254a22	界五欲如挽月令開諸和合緣是分段生死因不	界 五 欲 如 挽 月 令 開 諸 和 合 緣 是 分段生死 因 不 
X13n0285_002:0254a23	和合緣是變易生死因也。十破和合不和合餘	和 合 緣 是 變易生死 因 也 十 破 和 合 不 和 合 餘 
X13n0285_002:0254a24	疑顯見性離過絕非法爾現證二初責迷二徵破。	疑 顯 見 性 離 過 絕 非 法 爾 現 證 二 初 責 迷 二 徵 破 
X13n0285_002:0254b01	今初。	今 初 
X13n0285_002:0254b02	阿難汝雖先悟本覺妙明性非因緣非自然性而猶	阿 難 汝 雖 先 悟 本 覺 妙 明 性 非 因 緣 非 自 然 性 而 猶 
X13n0285_002:0254b03	未明如是覺元非和合生及不和合。	未 明 如 是 覺 元 非 和 合 生 及 不 和 合 
X13n0285_002:0254b04	計自然者謂相分外別有見分可得則成神我外	計 自 然 者 謂 相 分 外 別 有 見 分 可 得 則 成 神 我 外 
X13n0285_002:0254b05	道計因緣者謂相分外別無見分可得則成無我	道 計 因 緣 者 謂 相 分 外 別 無 見 分 可 得 則 成 無 我 
X13n0285_002:0254b06	小宗計和合者謂不生滅性與生滅相兩相夾雜	小 宗 計 和 合 者 謂 不 生 滅 性 與 生 滅 相 兩 相 夾 雜 
X13n0285_002:0254b07	計不和合者謂生滅相與不生滅性絕不相干總	計 不 和 合 者 謂 生 滅 相 與 不 生 滅 性 絕 不 相 干 總 
X13n0285_002:0254b08	屬戲論分別由其不了全真起妄全妄即真於中	屬 戲 論 分 別 由 其 不 了 全 真 起 妄 全 妄 即 真 於 中 
X13n0285_002:0254b09	實無是非是義故也佛知阿難必懷此計故責迷	實 無 是 非 是 義 故 也 佛 知 阿 難 必 懷 此 計 故 責 迷 
X13n0285_002:0254b10	而徵破之。二徵破二初破和合二破非和合。	而 徵 破 之 二 徵 破 二 初 破 和 合 二 破 非 和 合 
X13n0285_002:0254b11	初中一初牒疑二正破。今初。	初 中 一 初 牒 疑 二 正 破 今 初 
X13n0285_002:0254b12	阿難吾今復以前塵問汝汝今猶以一切世間妄想	阿 難 吾 今 復 以 前 塵 問 汝 汝 今 猶 以 一切世間 妄 想 
X13n0285_002:0254b13	和合諸因緣性而自疑惑證菩提心和合起者。	和 合 諸 因 緣 性 而 自 疑 惑 證 菩 提 心 和 合 起 者 
X13n0285_002:0254b14	上文所云和合妄生和合妄死秪是世間妄想諸	上 文 所 云 和 合 妄 生 和 合 妄 死 秪 是 世 間 妄 想 諸 
X13n0285_002:0254b15	因緣性所謂眚邊事耳非謂所證菩提妙心亦藉	因 緣 性 所 謂 眚 邊 事 耳 非 謂 所 證 菩 提 妙 心 亦 藉 
X13n0285_002:0254b16	和合起也汝既未悟眾生本證菩提心體必將疑	和 合 起 也 汝 既 未 悟 眾 生 本 證 菩 提 心 體 必 將 疑 
X13n0285_002:0254b17	其和合起矣故須還借前塵以破其非。二正破	其 和 合 起 矣 故 須 還 借 前 塵 以 破 其 非 二 正 破 
X13n0285_002:0254b18	又二初破和二破合。今初。	又 二 初 破 和 二 破 合 今 初 
X13n0285_002:0254b19	則汝今者妙淨見精為與明和為與暗和為與通和	則 汝 今 者 妙 淨 見 精 為 與 明 和 為 與 暗 和 為 與 通 和 
X13n0285_002:0254b20	為與塞和若明和者且汝觀明當明現前何處雜見	為 與 塞 和 若 明 和 者 且 汝 觀 明 當 明 現 前 何 處 雜 見 
X13n0285_002:0254b21	見相可辨雜何形像若非見者云何見明若即見者	見 相 可 辨 雜 何 形 像 若 非 見 者 云 何 見 明 若 即 見 者 
X13n0285_002:0254b22	云何見見必見圓滿何處和明若明圓滿不合見和	云 何 見 見 必 見 圓 滿 何 處 和 明 若 明 圓 滿 不 合 見 和 
X13n0285_002:0254b23	見必異明雜則失彼性明名字雜失明性和明非義	見 必 異 明 雜 則 失 彼 性 明 名 字 雜 失 明 性 和 明 非 義 
X13n0285_002:0254b24	彼暗與通及諸羣塞亦復如是。	彼 暗 與 通 及 諸 羣 塞 亦復如是 
X13n0285_002:0254c01	和者如水土相和先總列四句次單就明和廣破	和 者 如 水 土 相 和 先 總 列 四 句 次 單 就 明 和 廣 破 
X13n0285_002:0254c02	後例結餘三句也初文可知次文言若汝見精與	後 例 結 餘 三 句 也 初 文 可 知 次 文 言 若 汝 見 精 與 
X13n0285_002:0254c03	明和者且汝觀明之時正當明相現前何處雜有	明 和 者 且 汝 觀 明 之 時 正 當 明 相 現 前 何 處 雜 有 
X13n0285_002:0254c04	見精耶若使見精明相果是二物分既各有可辨	見 精 耶 若 使 見 精 明 相 果 是 二 物 分 既 各 有 可 辨 
X13n0285_002:0254c05	雜又作何形像若明果非見者云何能見於明若	雜 又 作 何 形 像 若 明 果 非 見 者 云 何 能 見 於 明 若 
X13n0285_002:0254c06	明果即見者云何可見其見必其見性圓滿何處	明 果 即 見 者 云 何 可 見 其 見 必 其 見 性 圓 滿 何 處 
X13n0285_002:0254c07	更可和明若復明相圓滿不合更容見精相和況	更 可 和 明 若 復 明 相 圓 滿 不 合 更 容 見 精 相 和 況 
X13n0285_002:0254c08	見精既必異於明相今使相雜則雙失彼見性明	見 精 既 必 異 於 明 相 今 使 相 雜 則 雙 失 彼 見 性 明 
X13n0285_002:0254c09	相二種名字雜既失於明相見性二名當知和明	相 二 種 名 字 雜 既 失 於 明 相 見 性 二 名 當 知 和 明 
X13n0285_002:0254c10	斷非義矣例結可知葢使見精明相果有二物方	斷 非 義 矣 例 結 可 知 葢 使 見 精 明 相 果 有 二 物 方 
X13n0285_002:0254c11	可說和說合既惟是菩提妙淨明體云何可說和	可 說 和 說 合 既 惟 是 菩 提 妙 淨 明 體 云 何 可 說 和 
X13n0285_002:0254c12	合耶。二破合。	合 耶 二 破 合 
X13n0285_002:0254c13	復次阿難又汝今者妙淨見精為與明合為與暗合	復 次 阿 難 又 汝 今 者 妙 淨 見 精 為 與 明 合 為 與 暗 合 
X13n0285_002:0254c14	為與通合為與塞合若明合者至於暗時明相已滅	為 與 通 合 為 與 塞 合 若 明 合 者 至 於 暗 時 明 相 已 滅 
X13n0285_002:0254c15	此見即不與諸暗合云何見暗若見暗時不與暗合	此 見 即 不 與 諸 暗 合 云 何 見 暗 若 見 暗 時 不 與 暗 合 
X13n0285_002:0254c16	與明合者應非見明既不見明云何明合了明非暗	與 明 合 者 應 非 見 明 既 不 見 明 云 何 明 合 了 明 非 暗 
X13n0285_002:0254c17	彼暗與通及諸羣塞亦復如是。	彼 暗 與 通 及 諸 羣 塞 亦復如是 
X13n0285_002:0254c18	合者如函蓋相合亦先總列四句次單就明合廣	合 者 如 函 蓋 相 合 亦 先 總 列 四 句 次 單 就 明 合 廣 
X13n0285_002:0254c19	破後例結餘三句也初文可知次文言若見精與	破 後 例 結 餘 三 句 也 初 文 可 知 次 文 言 若 見 精 與 
X13n0285_002:0254c20	明合者暗時明滅此見不應又與暗合葢明暗相	明 合 者 暗 時 明 滅 此 見 不 應 又 與 暗 合 葢 明 暗 相 
X13n0285_002:0254c21	反如圓異方不可圓葢更合方函也既不與暗合	反 如 圓 異 方 不 可 圓 葢 更 合 方 函 也 既 不 與 暗 合 
X13n0285_002:0254c22	不應見暗若許見暗不須暗合應許明合不必見	不 應 見 暗 若 許 見 暗 不 須 暗 合 應 許 明 合 不 必 見 
X13n0285_002:0254c23	明然既許明合不必見明云何現在與明遇合之	明 然 既 許 明 合 不 必 見 明 云 何 現 在 與 明 遇 合 之 
X13n0285_002:0254c24	時仍了於明而非了於暗耶例結可知。二破非	時 仍 了 於 明 而 非 了 於 暗 耶 例 結 可 知 二 破 非 
X13n0285_002:0255a01	和合二初轉計二破斥。今初。	和 合 二 初 轉 計 二 破 斥 今 初 
X13n0285_002:0255a02	阿難白佛言世尊如我思惟此妙覺元與諸緣塵及	阿 難 白 佛 言 世 尊 如 我 思 惟 此 妙 覺 元 與 諸 緣 塵 及 
X13n0285_002:0255a03	心念慮非和合耶。	心 念 慮 非 和 合 耶 
X13n0285_002:0255a04	前責迷中業已并拂不和合義今阿雖承上破和	前 責 迷 中 業 已 并 拂 不 和 合 義 今 阿 雖 承 上 破 和 
X13n0285_002:0255a05	合文更復轉計見見非見之性迥然超於見相二	合 文 更 復 轉 計 見 見 非 見 之 性 迥 然 超 於 見 相 二 
X13n0285_002:0255a06	分之外故曰與諸緣塵及心念慮非和合耶緣塵	分 之 外 故 曰 與 諸 緣 塵 及 心 念 慮 非 和 合 耶 緣 塵 
X13n0285_002:0255a07	指相分念慮指見分此譬如聞說真月非是二月	指 相 分 念 慮 指 見 分 此 譬 如 聞 說 真 月 非 是 二 月 
X13n0285_002:0255a08	遂謂二月之外別有一真月也。二破斥又二初	遂 謂 二 月 之 外 別 有 一 真 月 也 二 破 斥 又 二 初 
X13n0285_002:0255a09	破非和二破非合。今初。	破 非 和 二 破 非 合 今 初 
X13n0285_002:0255a10	佛言汝今又言覺非和合吾復問汝此妙見精非和	佛 言 汝 今 又 言 覺 非 和 合 吾 復 問 汝 此 妙 見 精 非 和 
X13n0285_002:0255a11	合者為非明和為非暗和為非通和為非塞和若非	合 者 為 非 明 和 為 非 暗 和 為 非 通 和 為 非 塞 和 若 非 
X13n0285_002:0255a12	明和則見與明必有邊畔汝且諦觀何處是明何處	明 和 則 見 與 明 必 有 邊 畔 汝 且 諦 觀 何 處 是 明 何 處 
X13n0285_002:0255a13	是見在見在明自何為畔阿難若明際中必無見者	是 見 在 見 在 明 自 何 為 畔 阿 難 若 明 際 中 必 無 見 者 
X13n0285_002:0255a14	則不相及自不知其明相所在畔云何成彼暗與通	則 不 相 及 自 不 知 其 明 相 所 在 畔 云 何 成 彼 暗 與 通 
X13n0285_002:0255a15	及諸羣塞亦復如是。	及 諸 羣 塞 亦復如是 
X13n0285_002:0255a16	兩物異處方名不和元是菩提妙淨明體更非兩	兩 物 異 處 方 名 不 和 元 是 菩 提 妙 淨 明 體 更 非 兩 
X13n0285_002:0255a17	物說和說合已自不可況說不和合耶文相易知。	物 說 和 說 合 已 自 不 可 況 說 不 和 合 耶 文 相 易 知 
X13n0285_002:0255a18	二破非合。	二 破 非 合 
X13n0285_002:0255a19	又妙見精非和合者為非明合為非暗合為非通合	又 妙 見 精 非 和 合 者 為 非 明 合 為 非 暗 合 為 非 通 合 
X13n0285_002:0255a20	為非塞合若非明合則見與明性相乖角如耳與明	為 非 塞 合 若 非 明 合 則 見 與 明 性 相 乖 角 如 耳 與 明 
X13n0285_002:0255a21	了不相觸見且不知明相所在云何甄明合非合理	了 不 相 觸 見 且 不 知 明 相 所 在 云 何 甄 明 合 非 合 理 
X13n0285_002:0255a22	彼暗與通及諸羣塞亦復如是。	彼 暗 與 通 及 諸 羣 塞 亦復如是 
X13n0285_002:0255a23	兩不相干方名不合文義可知別就見精顯性竟。	兩 不 相 干 方 名 不 合 文 義 可 知 別 就 見 精 顯 性 竟 
X13n0285_002:0255a24	三徧歷陰入處界會理為二初總示二別明。	三 徧 歷 陰 入 處 界 會 理 為 二 初 總 示 二 別 明 
X13n0285_002:0255b01	今初。	今 初 
X13n0285_002:0255b02	阿難汝猶未明一切浮塵諸幻化相當處出生隨處	阿 難 汝 猶 未 明 一 切 浮 塵 諸 幻 化 相 當 處 出 生 隨 處 
X13n0285_002:0255b03	滅盡幻妄稱相其性真為妙覺明體如是乃至五陰	滅 盡 幻 妄 稱 相 其 性 真 為 妙 覺 明 體 如 是 乃 至 五 陰 
X13n0285_002:0255b04	六入從十二處至十八界因緣和合虗妄有生因緣	六 入 從 十 二 處 至 十 八 界 因緣和合 虗 妄 有 生 因 緣 
X13n0285_002:0255b05	別離虗妄名滅殊不能知生滅去來本如來藏常住	別 離 虗 妄 名 滅 殊 不 能 知 生 滅 去 來 本 如 來 藏 常 住 
X13n0285_002:0255b06	妙明不動周圓妙真如性性真常中求於去來迷悟	妙 明 不 動 周 圓 妙 真 如 性 性 真 常 中 求 於 去 來 迷 悟 
X13n0285_002:0255b07	生死了無所得。	生 死 了 無 所 得 
X13n0285_002:0255b08	此乘十番辨見了知見性即是妙覺明體因即徧	此 乘 十 番 辨 見 了 知 見 性 即 是 妙 覺 明 體 因 即 徧 
X13n0285_002:0255b09	例一切法性一一無非妙覺明體乃第六番徹底	例 一切法性 一 一 無 非 妙 覺 明 體 乃 第 六 番 徹 底 
X13n0285_002:0255b10	顯性之文廣明一切因緣生法無不即空假中也	顯 性 之 文 廣 明 一切因緣 生 法 無 不 即 空 假 中 也 
X13n0285_002:0255b11	一切浮塵諸幻化相者徧指能所入法所成根身	一 切 浮 塵 諸 幻 化 相 者 徧 指 能 所 入 法 所 成 根 身 
X13n0285_002:0255b12	器界皆如幻化謂色香味觸四塵幻成地水火風	器 界 皆 如 幻 化 謂 色香味觸 四 塵 幻 成 地水火風 
X13n0285_002:0255b13	四大地水火風四大幻成一切根身器界即是因	四 大 地水火風 四 大 幻 成 一 切 根 身 器 界 即 是 因 
X13n0285_002:0255b14	緣所生法也當處出生者如空中華生無來處隨	緣 所 生 法 也 當 處 出 生 者 如 空 中 華 生 無 來 處 隨 
X13n0285_002:0255b15	處滅盡者剎那即滅滅無去處所謂我說即是空	處 滅 盡 者 剎 那 即 滅 滅 無 去 處 所 謂 我 說 即 是 空 
X13n0285_002:0255b16	也幻妄稱相者依於世諦說有十界依正種種差	也 幻 妄 稱 相 者 依 於 世 諦 說 有 十 界 依 正 種 種 差 
X13n0285_002:0255b17	別所謂亦名為假名也其性真為妙覺明體者法	別 所 謂 亦 名 為 假 名 也 其 性 真 為 妙 覺 明 體 者 法 
X13n0285_002:0255b18	法全是性體如華性即空二月之性即是真月所	法 全 是 性 體 如 華 性 即 空 二 月 之 性 即 是 真 月 所 
X13n0285_002:0255b19	謂亦名中道義也如是乃至五陰等者重申上文	謂 亦 名 中 道 義 也 如 是 乃 至 五 陰 等 者 重 申 上 文 
X13n0285_002:0255b20	之意而廣明之所言諸幻相者即是五陰六入十	之 意 而 廣 明 之 所 言 諸 幻 相 者 即 是 五 陰 六 入 十 
X13n0285_002:0255b21	二處十八界耳所言幻妄稱相者不過因緣和合	二 處 十 八 界 耳 所 言 幻 妄 稱 相 者 不 過 因緣和合 
X13n0285_002:0255b22	虗妄有生因緣別離虗妄名滅耳所謂其性真為	虗 妄 有 生 因 緣 別 離 虗 妄 名 滅 耳 所 謂 其 性 真 為 
X13n0285_002:0255b23	妙覺明體者以此生滅去來本如來藏常住妙明	妙 覺 明 體 者 以 此 生 滅 去 來 本 如 來 藏 常 住 妙 明 
X13n0285_002:0255b24	不動周圓妙真如性故耳所謂當處出生隨處滅	不 動 周 圓 妙 真 如 性 故 耳 所 謂 當 處 出 生 隨 處 滅 
X13n0285_002:0255c01	盡者以其性真常中求於去來迷悟生死了無所	盡 者 以 其 性 真 常 中 求 於 去 來 迷 悟 生 死 了 無 所 
X13n0285_002:0255c02	得故耳略釋文竟然此為陰入處界總提綱要之	得 故 耳 略 釋 文 竟 然 此 為 陰 入 處 界 總 提 綱 要 之 
X13n0285_002:0255c03	文正所謂大陀羅尼圓觸藉此而開圓行依此而	文 正 所 謂 大 陀 羅 尼 圓 觸 藉 此 而 開 圓 行 依 此 而 
X13n0285_002:0255c04	起今須更加詳釋俾一經宗趣咸得煥然復為四	起 今 須 更 加 詳 釋 俾 一 經 宗 趣 咸 得 煥 然 復 為 四 
X13n0285_002:0255c05	意一明何故用陰入處界攝一切法二明何故首	意 一 明 何 故 用 陰 入 處 界 攝 一 切 法 二 明 何 故 首 
X13n0285_002:0255c06	列五陰不立五陰圓通別列七大反立七大圓通	列 五 陰 不 立 五 陰 圓 通 別 列 七 大 反 立 七 大 圓 通 
X13n0285_002:0255c07	三明十法界皆論陰入處界四明陰入處界一一	三 明 十 法 界 皆 論 陰 入 處 界 四 明 陰 入 處 界 一 一 
X13n0285_002:0255c08	皆是大陀羅尼。初意者一真法性惟如如理及	皆 是 大 陀 羅 尼 初 意 者 一 真 法 性 惟 如 如 理 及 
X13n0285_002:0255c09	如如智本無能所之分繇真如不守自性不覺念	如 如 智 本 無 能 所 之 分 繇 真 如 不 守 自 性 不 覺 念 
X13n0285_002:0255c10	起而有無明遂成能所二妄一切見分但有其名	起 而 有 無 明 遂 成 能 所 二 妄 一 切 見 分 但 有 其 名 
X13n0285_002:0255c11	名之為心一切相分有質可緣皆名為色當知名	名 之 為 心 一 切 相 分 有 質 可 緣 皆 名 為 色 當 知 名 
X13n0285_002:0255c12	色二法不出一真如心但眾生既在妄習於此色	色 二 法 不 出 一 真 如 心 但 眾 生 既 在 妄 習 於 此 色 
X13n0285_002:0255c13	心二法迷情各有重輕若二迷俱輕者佛則為說	心 二 法 迷 情 各 有 重 輕 若 二 迷 俱 輕 者 佛 則 為 說 
X13n0285_002:0255c14	名色法門是色心俱合但知一切惟是名色則覓	名 色 法 門 是 色 心 俱 合 但 知 一 切 惟 是 名 色 則 覓 
X13n0285_002:0255c15	我我所了不可得若迷心重迷色輕者佛則為說	我 我 所 了 不 可 得 若 迷 心 重 迷 色 輕 者 佛 則 為 說 
X13n0285_002:0255c16	五陰法門是合色開心令於妄心覓我我所了不	五 陰 法 門 是 合 色 開 心 令 於 妄 心 覓 我 我 所 了 不 
X13n0285_002:0255c17	可得若迷色重迷心輕者佛則為說六入及十二	可 得 若 迷 色 重 迷 心 輕 者 佛 則 為 說 六 入 及 十 二 
X13n0285_002:0255c18	處法門是合心開色令於妄色覓我我所了不可	處 法 門 是 合 心 開 色 令 於 妄 色 覓 我 我 所 了 不 可 
X13n0285_002:0255c19	得若二迷俱重者佛則為說十八界法門是色心	得 若 二 迷 俱 重 者 佛 則 為 說 十 八 界 法 門 是 色 心 
X13n0285_002:0255c20	俱開令於妄色妄心覓我我所俱不可得向既以	俱 開 令 於 妄 色 妄 心 覓 我 我 所 俱 不 可 得 向 既 以 
X13n0285_002:0255c21	此顯妄無性今還約此以顯無性之性即是實性	此 顯 妄 無 性 今 還 約 此 以 顯 無 性 之 性 即 是 實 性 
X13n0285_002:0255c22	也且陰入處界不過名色二法開合之殊名色二	也 且 陰 入 處 界 不 過 名 色 二 法 開 合 之 殊 名 色 二 
X13n0285_002:0255c23	字攝一切法已無不盡但說五陰亦攝一切法盡	字 攝 一 切 法 已 無 不 盡 但 說 五 陰 亦 攝 一 切 法 盡 
X13n0285_002:0255c24	但十二處亦攝一切法盡但十八界亦攝一切法	但 十 二 處 亦 攝 一 切 法 盡 但 十 八 界 亦 攝 一 切 法 
X13n0285_002:0256a01	盡況具說耶今既具說陰入處界皆如來藏更有	盡 況 具 說 耶 今 既 具 說 陰 入 處 界 皆 如 來 藏 更 有 
X13n0285_002:0256a02	何法而非藏性是故備明此四科也。第二意者	何 法 而 非 藏 性 是 故 備 明 此 四 科 也 第 二 意 者 
X13n0285_002:0256a03	五陰與十八界既無別體則十八界圓通即是五	五 陰 與 十 八 界 既 無 別 體 則 十 八 界 圓 通 即 是 五 
X13n0285_002:0256a04	陰圓通又色心二法雖云互有開合秪是曲曉迷	陰 圓 通 又 色 心 二 法 雖 云 互 有 開 合 秪 是 曲 曉 迷 
X13n0285_002:0256a05	情其實性無開合所以一法即一切法一切法即	情 其 實 性 無 開 合 所 以 一 法 即 一 切 法 一 切 法 即 
X13n0285_002:0256a06	一法如言色陰則十八界皆色也言受陰則十八	一 法 如 言 色 陰 則 十 八 界 皆 色 也 言 受 陰 則 十 八 
X13n0285_002:0256a07	界皆受也言想陰則十八界皆想也言行陰則十	界 皆 受 也 言 想 陰 則 十 八 界 皆 想 也 言 行 陰 則 十 
X13n0285_002:0256a08	八界皆行也言識陰則十八界皆識也又六塵雖	八 界 皆 行 也 言 識 陰 則 十 八 界 皆 識 也 又 六 塵 雖 
X13n0285_002:0256a09	似唯指色陰即是識家相分即是造作遷流即是	似 唯 指 色 陰 即 是 識 家 相 分 即 是 造 作 遷 流 即 是 
X13n0285_002:0256a10	妄想所現即是六根所受故一一塵皆具五陰塵	妄 想 所 現 即 是 六 根 所 受 故 一 一 塵 皆 具 五 陰 塵 
X13n0285_002:0256a11	既全具五陰則六根六識一一全具五陰尤可知	既 全 具 五 陰 則 六 根 六 識 一 一 全 具 五 陰 尤 可 知 
X13n0285_002:0256a12	也故下文於第一決定義中總示五濁妄相須破	也 故 下 文 於 第 一 決 定 義 中 總 示 五 濁 妄 相 須 破 
X13n0285_002:0256a13	於二十五圓通中別明十八界真性須顯當知破	於 二 十 五 圓 通 中 別 明 十 八 界 真 性 須 顯 當 知 破 
X13n0285_002:0256a14	五濁妄相即是破十八界妄相顯十八界真性即	五 濁 妄 相 即 是 破 十 八 界 妄 相 顯 十 八 界 真 性 即 
X13n0285_002:0256a15	是顯五陰真性故耳根圓通中即備明澄濁破陰	是 顯 五 陰 真 性 故 耳 根 圓 通 中 即 備 明 澄 濁 破 陰 
X13n0285_002:0256a16	功夫而後文破五陰超五濁仍是二十五種圓通	功 夫 而 後 文 破 五 陰 超 五 濁 仍 是 二 十 五 種 圓 通 
X13n0285_002:0256a17	之所通用故不必更立五陰圓通也又七大雖復	之 所 通 用 故 不 必 更 立 五 陰 圓 通 也 又 七 大 雖 復 
X13n0285_002:0256a18	別列亦非陰入處界之外更有別法地水火風空	別 列 亦 非 陰 入 處 界 之 外 更 有 別 法 地水火風 空 
X13n0285_002:0256a19	五大及浮塵六根勝義五根皆即色陰見聞覺知	五 大 及 浮 塵 六 根 勝 義 五 根 皆 即 色 陰 見聞覺知 
X13n0285_002:0256a20	即是受陰識大即想行識三陰又六根六塵中所	即 是 受 陰 識 大 即 想 行 識 三 陰 又 六 根 六 塵 中 所 
X13n0285_002:0256a21	有堅相總名地大所有濕相總名水大所有煖相	有 堅 相 總 名 地 大 所 有 濕 相 總 名 水 大 所 有 煖 相 
X13n0285_002:0256a22	總名火大所有動相總名風大所有空相總名空	總 名 火 大 所 有 動 相 總 名 風 大 所 有 空 相 總 名 空 
X13n0285_002:0256a23	大六根見聞覺知總名根大六識總名識大既與	大 六 根 見聞覺知 總 名 根 大 六 識 總 名 識 大 既 與 
X13n0285_002:0256a24	十八界五陰元無二法但就妄情總別不同亦得	十 八 界 五 陰 元 無 二 法 但 就 妄 情 總 別 不 同 亦 得 
X13n0285_002:0256b01	立之為所觀境於此七大境中亦皆圓破五陰圓	立 之 為 所 觀 境 於 此 七 大 境 中 亦 皆 圓 破 五 陰 圓 
X13n0285_002:0256b02	超五濁是故須立也。三明十法界皆論陰入處	超 五 濁 是 故 須 立 也 三 明 十 法 界 皆 論 陰 入 處 
X13n0285_002:0256b03	界者又為三意初總示其名二明相皆虗妄三明	界 者 又 為 三 意 初 總 示 其 名 二 明 相 皆 虗 妄 三 明 
X13n0285_002:0256b04	性皆真實初總示其名者佛法界法性非漏非無	性 皆 真 實 初 總 示 其 名 者 佛 法 界 法 性 非 漏 非 無 
X13n0285_002:0256b05	漏五陰所謂真善妙色第一正受無上妙慧真性	漏 五 陰 所 謂 真 善 妙 色 第 一 正 受 無 上 妙 慧 真 性 
X13n0285_002:0256b06	解脫一切智見佛十八界所謂佛眼佛耳乃至佛	解 脫 一 切 智 見 佛 十 八 界 所 謂 佛 眼 佛 耳 乃 至 佛 
X13n0285_002:0256b07	意佛色佛聲乃至佛法佛眼識乃至佛身識為成	意 佛 色 佛 聲 乃 至 佛 法 佛 眼 識 乃 至 佛 身 識 為 成 
X13n0285_002:0256b08	所作智佛意識為妙觀察智佛意根為大圓鏡智	所 作 智 佛 意 識 為 妙觀察智 佛 意 根 為 大圓鏡智 
X13n0285_002:0256b09	平等性智菩薩法界亦有漏亦無漏五陰所謂淨	平等性智 菩 薩 法 界 亦 有 漏 亦 無 漏 五 陰 所 謂 淨 
X13n0285_002:0256b10	不淨色樂無樂受我無我想行常無常識菩薩十	不 淨 色 樂 無 樂 受 我 無 我 想 行 常 無 常 識 菩 薩 十 
X13n0285_002:0256b11	八界所謂法眼法耳乃至法意漏無漏色乃至漏	八 界 所 謂 法 眼 法 耳 乃 至 法 意 漏 無 漏 色 乃 至 漏 
X13n0285_002:0256b12	無漏法漏無漏眼識乃至漏無漏意識聲聞緣覺	無 漏 法 漏 無 漏 眼 識 乃 至 漏 無 漏 意 識 聲 聞 緣 覺 
X13n0285_002:0256b13	法界無漏五陰所謂戒定慧解脫解脫知見乃至	法 界 無 漏 五 陰 所 謂 戒 定 慧 解 脫 解脫知見 乃 至 
X13n0285_002:0256b14	慧眼慧耳無漏十八界等人天法界善有漏五陰	慧 眼 慧 耳 無 漏 十 八 界 等 人 天 法 界 善 有 漏 五 陰 
X13n0285_002:0256b15	乃至十八界等四惡趣法界惡有漏五陰乃至十	乃 至 十 八 界 等 四 惡 趣 法 界 惡 有 漏 五 陰 乃 至 十 
X13n0285_002:0256b16	八界等二明相皆虗妄者十法界陰入處界一一	八 界 等 二 明 相 皆 虗 妄 者 十 法 界 陰 入 處 界 一 一 
X13n0285_002:0256b17	皆是因緣和合虗妄有生因緣別離虗妄名滅幻	皆 是 因緣和合 虗 妄 有 生 因 緣 別 離 虗 妄 名 滅 幻 
X13n0285_002:0256b18	妄稱相何以言之一心具足染淨種子為因染淨	妄 稱 相 何 以 言 之 一 心 具 足 染 淨 種 子 為 因 染 淨 
X13n0285_002:0256b19	諸法以為其緣心外別無染淨諸法染淨法外亦	諸 法 以 為 其 緣 心 外 別 無 染 淨 諸 法 染 淨 法 外 亦 
X13n0285_002:0256b20	別無心不了稱迷對迷說悟迷故非染成染悟故	別 無 心 不 了 稱 迷 對 迷 說 悟 迷 故 非 染 成 染 悟 故 
X13n0285_002:0256b21	非淨成淨若迷染因緣和合虗妄有九法界相生	非 淨 成 淨 若 迷 染 因緣和合 虗 妄 有 九 法 界 相 生 
X13n0285_002:0256b22	則佛法界之相隨滅若迷染因緣別離虗妄名九	則 佛 法 界 之 相 隨 滅 若 迷 染 因 緣 別 離 虗 妄 名 九 
X13n0285_002:0256b23	法界相滅則佛法界之相隨生若修德始覺有功	法 界 相 滅 則 佛 法 界 之 相 隨 生 若 修 德 始 覺 有 功 
X13n0285_002:0256b24	悟淨因緣和合虗妄有佛法界相生則九法界之	悟 淨 因緣和合 虗 妄 有 佛 法 界 相 生 則 九 法 界 之 
X13n0285_002:0256c01	相隨滅若性德真如不守自性悟淨因緣別離虗	相 隨 滅 若 性 德 真 如 不 守 自 性 悟 淨 因 緣 別 離 虗 
X13n0285_002:0256c02	妄名佛法界相滅則九法界之相隨生乃至三塗	妄 名 佛 法 界 相 滅 則 九 法 界 之 相 隨 生 乃 至 三 塗 
X13n0285_002:0256c03	為染人天為淨有漏為染無漏為淨偏真為染出	為 染 人 天 為 淨 有 漏 為 染 無 漏 為 淨 偏 真 為 染 出 
X13n0285_002:0256c04	假為淨二邊為染中道為淨但中為染圓中為淨	假 為 淨 二 邊 為 染 中 道 為 淨 但 中 為 染 圓 中 為 淨 
X13n0285_002:0256c05	又見思為迷空智為悟躭空為迷道智為悟無明	又 見 思 為 迷 空 智 為 悟 躭 空 為 迷 道 智 為 悟 無 明 
X13n0285_002:0256c06	為迷一切種智為悟如此傳傳論於染淨迷悟傳	為 迷 一切種智 為 悟 如 此 傳 傳 論 於 染 淨 迷 悟 傳 
X13n0285_002:0256c07	傳各有和合別離傳傳說於妄生妄滅故曰十法	傳 各 有 和 合 別 離 傳 傳 說 於 妄 生 妄 滅 故 曰 十 法 
X13n0285_002:0256c08	界陰入處界相皆虗妄也問曰九界之相可名為	界 陰 入 處 界 相 皆 虗 妄 也 問 曰 九 界 之 相 可 名 為 
X13n0285_002:0256c09	妄佛界妙相全合性真云何亦名為妄答曰對迷	妄 佛 界 妙 相 全 合 性 真 云 何 亦 名 為 妄 答 曰 對 迷 
X13n0285_002:0256c10	說悟對染說淨其體雖真其名則妄譬如演若達	說 悟 對 染 說 淨 其 體 雖 真 其 名 則 妄 譬 如 演 若 達 
X13n0285_002:0256c11	多忽悟本頭非從外得頭雖是實而悟得兩字全	多 忽 悟 本 頭 非 從 外 得 頭 雖 是 實 而 悟 得 兩 字 全 
X13n0285_002:0256c12	無實法不過因於迷失而言之耳所謂言妄顯諸	無 實 法 不 過 因 於 迷 失 而 言 之 耳 所 謂 言 妄 顯 諸 
X13n0285_002:0256c13	真妄真同二妄此之謂也三明性皆真實者十法	真 妄 真 同 二 妄 此 之 謂 也 三 明 性 皆 真 實 者 十 法 
X13n0285_002:0256c14	界陰陰入處界一一本如來藏常住妙明不動周	界 陰 陰 入 處 界 一 一 本 如 來 藏 常 住 妙 明 不 動 周 
X13n0285_002:0256c15	圓妙真如性其性真為妙覺明體且如地獄色心	圓 妙 真 如 性 其 性 真 為 妙 覺 明 體 且 如 地 獄 色 心 
X13n0285_002:0256c16	六交報境來無所從去無所至眾苦相貌歷然差	六 交 報 境 來 無 所 從 去 無 所 至 眾 苦 相 貌 歷 然 差 
X13n0285_002:0256c17	別總是惟心所現因心成體豈非即空即假即中	別 總 是 惟 心 所 現 因 心 成 體 豈 非 即 空 即 假 即 中 
X13n0285_002:0256c18	地獄尚即三德祕藏全體況餘趣耶問曰佛界之	地 獄 尚 即 三 德 祕 藏 全 體 況 餘 趣 耶 問 曰 佛 界 之 
X13n0285_002:0256c19	性可名為真九界之性全屬迷染云何亦名為真	性 可 名 為 真 九 界 之 性 全 屬 迷 染 云 何 亦 名 為 真 
X13n0285_002:0256c20	答曰醉見轉屋屋實不轉迷南為北方實不移狂	答 曰 醉 見 轉 屋 屋 實 不 轉 迷 南 為 北 方 實 不 移 狂 
X13n0285_002:0256c21	走怖頭頭實不失疑繩作蛇繩原是麻全水成氷	走 怖 頭 頭 實 不 失 疑 繩 作 蛇 繩 原 是 麻 全 水 成 氷 
X13n0285_002:0256c22	氷生元濕清水成濁濁外無水故曰觀相元妄觀	氷 生 元 濕 清 水 成 濁 濁 外 無 水 故 曰 觀 相 元 妄 觀 
X13n0285_002:0256c23	性元真謂觀性家之相則無相非妄故十界皆得	性 元 真 謂 觀 性 家 之 相 則 無 相 非 妄 故 十 界 皆 得 
X13n0285_002:0256c24	名妄若觀相家之性則無性非真故十界皆得即	名 妄 若 觀 相 家 之 性 則 無 性 非 真 故 十 界 皆 得 即 
X13n0285_002:0257a01	真此圓修圓證極要綱宗前文所明二種根本不	真 此 圓 修 圓 證 極 要 綱 宗 前 文 所 明 二 種 根 本 不 
X13n0285_002:0257a02	離一心後文所明生死涅槃唯汝六根更非他物	離 一 心 後 文 所 明 生死涅槃 唯 汝 六 根 更 非 他 物 
X13n0285_002:0257a03	亦得例云惟汝六塵惟汝六識皆謂此也關係非	亦 得 例 云 惟 汝 六 塵 惟 汝 六 識 皆 謂 此 也 關 係 非 
X13n0285_002:0257a04	輕不辭繁辨觀者諒之。四明陰入處界一一皆	輕 不 辭 繁 辨 觀 者 諒 之 四 明 陰 入 處 界 一 一 皆 
X13n0285_002:0257a05	是大陀羅尼者且如色陰既云本如來藏妙真如	是 大 陀 羅 尼 者 且 如 色 陰 既 云 本 如 來 藏 妙 真 如 
X13n0285_002:0257a06	性而此藏性從來無有分劑無有方隅不可割裂	性 而 此 藏 性 從 來 無 有 分 劑 無 有 方 隅 不 可 割 裂 
X13n0285_002:0257a07	不可分配故隨舉一微塵色皆即藏性全體所成	不 可 分 配 故 隨 舉 一 微 塵 色 皆 即 藏 性 全 體 所 成 
X13n0285_002:0257a08	皆即具於藏性全用如一微塵一切微塵亦復如	皆 即 具 於 藏 性 全 用 如 一 微 塵 一 切 微 塵 亦 復 如 
X13n0285_002:0257a09	是如一色陰一切諸陰諸入處界亦復如是譬如	是 如 一 色 陰 一 切 諸 陰 諸 入 處 界 亦復如是 譬 如 
X13n0285_002:0257a10	日輪炤四天下隨一一人各見全日之體隨其一	日 輪 炤 四 天 下 隨 一 一 人 各 見 全 日 之 體 隨 其 一 
X13n0285_002:0257a11	人所見全日之體即具徧炤四洲之用又隨一剎	人 所 見 全 日 之 體 即 具 徧 炤 四 洲 之 用 又 隨 一 剎 
X13n0285_002:0257a12	那頃所見日之全體大用即是亘古亘今盡未來	那 頃 所 見 日 之 全 體 大 用 即 是 亘 古 亘 今 盡 未 來 
X13n0285_002:0257a13	際之體用也惟其隨舉一色即是藏性全體大用	際 之 體 用 也 惟 其 隨 舉 一 色 即 是 藏 性 全 體 大 用 
X13n0285_002:0257a14	故得色為法界一切法趣色是趣不過受想行識	故 得 色 為 法 界 一 切 法 趣 色 是 趣 不 過 受 想 行 識 
X13n0285_002:0257a15	為法界乃至根塵識等為法界亦復如是又五陰	為 法 界 乃 至 根 塵 識 等 為 法 界 亦復如是 又 五 陰 
X13n0285_002:0257a16	為大陀羅尼者此經雖不立五陰圓通然四教四	為 大 陀 羅 尼 者 此 經 雖 不 立 五 陰 圓 通 然 四 教 四 
X13n0285_002:0257a17	念處觀皆依五陰用四念處收今二十五種圓通	念 處 觀 皆 依 五 陰 用 四 念 處 收 今 二 十 五 種 圓 通 
X13n0285_002:0257a18	罄無不盡而圓教四種念處皆不思議一念處一	罄 無 不 盡 而 圓 教 四 種 念 處 皆 不 思 議 一 念 處 一 
X13n0285_002:0257a19	切念處一切念處一念處尚總十方三世一切佛	切 念 處 一 切 念 處 一 念 處 尚 總 十 方 三 世 一 切 佛 
X13n0285_002:0257a20	法持十界權實一切諸義更何法義而不以此為	法 持 十 界 權 實 一 切 諸 義 更 何 法 義 而 不 以 此 為 
X13n0285_002:0257a21	總持耶六入為大陀羅尼者如眼入即空假中即	總 持 耶 六 入 為 大 陀 羅 尼 者 如 眼 入 即 空 假 中 即 
X13n0285_002:0257a22	空故名慧眼即假故名法眼即中故名佛眼故曰	空 故 名 慧 眼 即 假 故 名 法 眼 即 中 故 名 佛 眼 故 曰 
X13n0285_002:0257a23	盡大地是山僧一隻眼阿那律陀樂見炤明金剛	盡 大 地 是 山 僧 一 隻 眼 阿 那 律 陀 樂 見 炤 明 金 剛 
X13n0285_002:0257a24	三昧即是依此眼入如來藏性而修亦可云此是	三 昧 即 是 依 此 眼 入 如 來 藏 性 而 修 亦 可 云 此 是 
X13n0285_002:0257b01	微塵佛一路涅槃門過去諸如來斯門已成就現	微 塵 佛 一 路 涅 槃 門 過 去 諸 如 來 斯 門 已 成 就 現 
X13n0285_002:0257b02	在諸菩薩今各入圓明未來修學人當依如是法	在 諸 菩 薩 今 各 入 圓 明 未 來 修 學 人 當 依 如 是 法 
X13n0285_002:0257b03	我亦從中證非惟那律陀豈可謂斯義獨在耳門	我 亦 從 中 證 非 惟 那 律 陀 豈 可 謂 斯 義 獨 在 耳 門 
X13n0285_002:0257b04	特以阿難一向多聞今即示以從聞思修勝妙方	特 以 阿 難 一 向 多 聞 今 即 示 以 從 聞 思 修 勝 妙 方 
X13n0285_002:0257b05	便所謂秪須就路還家不用改絃易轍耳倘勝劣	便 所 謂 秪 須 就 路 還 家 不 用 改 絃 易 轍 耳 倘 勝 劣 
X13n0285_002:0257b06	情見未忘全墮眾生徧計妄想況圓通之義妙在	情 見 未 忘 全 墮 眾 生 徧 計 妄 想 況 圓 通 之 義 妙 在 
X13n0285_002:0257b07	一即一切一切即一是知所觀之境雖別所顯之	一 即 一切一切 即 一 是 知 所 觀 之 境 雖 別 所 顯 之 
X13n0285_002:0257b08	諦何殊迷時妄說有六悟則尚不名一眼之實性	諦 何 殊 迷 時 妄 說 有 六 悟 則 尚 不 名 一 眼 之 實 性 
X13n0285_002:0257b09	即餘五根實性亦即六塵實性亦即六識實性亦	即 餘 五 根 實 性 亦 即 六 塵 實 性 亦 即 六 識 實 性 亦 
X13n0285_002:0257b10	即五陰七大實性若遇當機亦可借阿那律陀備	即 五 陰 七 大 實 性 若 遇 當 機 亦 可 借 阿 那 律 陀 備 
X13n0285_002:0257b11	顯初於見中入流亡所圓超五濁功夫亦可於眼	顯 初 於 見 中 入 流 亡 所 圓 超 五 濁 功 夫 亦 可 於 眼 
X13n0285_002:0257b12	根圓通備顯三十二應十四無畏四不思議無作	根 圓 通 備 顯 三 十 二 應 十 四 無 畏 四 不 思 議 無 作 
X13n0285_002:0257b13	妙德故知即是大陀羅尼即是金剛王如幻不思	妙 德 故 知 即 是 大 陀 羅 尼 即 是 金 剛 王 如 幻 不 思 
X13n0285_002:0257b14	議佛母真三昧也耳入為大陀羅尼具如大士圓	議 佛 母 真 三 昧 也 耳 入 為 大 陀 羅 尼 具 如 大 士 圓 
X13n0285_002:0257b15	通至文自知無俟更說鼻舌身意亦可例知六塵	通 至 文 自 知 無 俟 更 說 鼻 舌 身 意 亦 可 例 知 六 塵 
X13n0285_002:0257b16	為大陀羅尼者如色塵即空假中即空故名無漏	為 大 陀 羅 尼 者 如 色 塵 即 空 假 中 即 空 故 名 無 漏 
X13n0285_002:0257b17	色即假故名漏無漏色即中故名真善妙色盡大	色 即 假 故 名 漏 無 漏 色 即 中 故 名 真 善 妙 色 盡 大 
X13n0285_002:0257b18	地拈來是一微塵一微塵即是全體法界妙色密	地 拈 來 是 一 微 塵 一 微 塵 即 是 全 體 法 界 妙 色 密 
X13n0285_002:0257b19	圓具足三十二應等如上說餘五塵亦可例知六	圓 具 足 三 十 二 應 等 如 上 說 餘 五 塵 亦 可 例 知 六 
X13n0285_002:0257b20	識為大陀羅尼者如眼識即空假中即空故名一	識 為 大 陀 羅 尼 者 如 眼 識 即 空 假 中 即 空 故 名 一 
X13n0285_002:0257b21	切智眼即假故名道種智眼即中故名一切種智	切 智 眼 即 假 故 名 道 種 智 眼 即 中 故 名 一切種智 
X13n0285_002:0257b22	眼見覺明圓具足三十二應等亦如上說餘五識	眼 見 覺 明 圓 具 足 三 十 二 應 等 亦 如 上 說 餘 五 識 
X13n0285_002:0257b23	皆可例知七大為大陀羅尼者如地大即空假中	皆 可 例 知 七 大 為 大 陀 羅 尼 者 如 地 大 即 空 假 中 
X13n0285_002:0257b24	即空故同居地一切皆平即假故方便地一切皆	即 空 故 同 居 地 一 切 皆 平 即 假 故 方 便 地 一 切 皆 
X13n0285_002:0257c01	平即中故果報地一切皆平妙蓮華佛知見地具	平 即 中 故 果 報 地 一 切 皆 平 妙 蓮 華 佛 知 見 地 具 
X13n0285_002:0257c02	足三十二應等亦如上說餘六大皆可例知故前	足 三 十 二 應 等 亦 如 上 說 餘 六 大 皆 可 例 知 故 前 
X13n0285_002:0257c03	文云將欲敷演大陀羅尼諸三摩提妙修行路此	文 云 將 欲 敷 演 大 陀 羅 尼 諸 三 摩 提 妙 修 行 路 此 
X13n0285_002:0257c04	之謂也於此會得則性修妙旨思過半矣。二別	之 謂 也 於 此 會 得 則 性 修 妙 旨 思 過 半 矣 二 別 
X13n0285_002:0257c05	明四初明五陰性二明六入性三明十二處性四	明 四 初 明 五 陰 性 二 明 六 入 性 三 明 十 二 處 性 四 
X13n0285_002:0257c06	明十八界性。初中二初總徵二別釋。今初。	明 十 八 界 性 初 中 二 初 總 徵 二 別 釋 今 初 
X13n0285_002:0257c07	阿難云何五陰本如來藏妙真如性。	阿 難 云 何 五 陰 本 如 來 藏 妙 真 如 性 
X13n0285_002:0257c08	梵語塞犍陀此翻為蘊古翻為陰蘊謂積聚陰謂	梵 語 塞 犍 陀 此 翻 為 蘊 古 翻 為 陰 蘊 謂 積 聚 陰 謂 
X13n0285_002:0257c09	覆蓋也凡夫五法積聚見思覆蓋真諦二乘五法	覆 蓋 也 凡 夫 五 法 積 聚 見 思 覆 蓋 真 諦 二 乘 五 法 
X13n0285_002:0257c10	積聚塵沙覆蓋俗諦菩薩五法積聚無明覆蓋中	積 聚 塵 沙 覆 蓋 俗 諦 菩 薩 五 法 積 聚 無 明 覆 蓋 中 
X13n0285_002:0257c11	諦佛界五法積聚恒沙稱性福慧覆蓋法界一切	諦 佛 界 五 法 積 聚 恒 沙 稱 性 福 慧 覆 蓋 法 界 一 切 
X13n0285_002:0257c12	眾生皆名為蘊亦皆名陰。二別釋五初明色陰	眾 生 皆 名 為 蘊 亦 皆 名 陰 二 別 釋 五 初 明 色 陰 
X13n0285_002:0257c13	即藏性(至)五明識陰即藏性。今初。	即 藏 性 至 五 明 識 陰 即 藏 性 今 初 
X13n0285_002:0257c14	阿難譬如有人以清淨目觀晴明空唯一晴虗迥無	阿 難 譬 如 有 人 以 清 淨 目 觀 晴 明 空 唯 一 晴 虗 迥 無 
X13n0285_002:0257c15	所有其人無故不動目睛瞪以發勞則於虗空別見	所 有 其 人 無 故 不 動 目 睛 瞪 以 發 勞 則 於 虗 空 別 見 
X13n0285_002:0257c16	狂華復有一切狂亂非相色陰當知亦復如是阿難	狂 華 復 有 一 切 狂 亂 非 相 色 陰 當 知 亦復如是 阿 難 
X13n0285_002:0257c17	是諸狂華非從空來非從目出如是阿難若空來者	是 諸 狂 華 非 從 空 來 非 從 目 出 如 是 阿 難 若 空 來 者 
X13n0285_002:0257c18	既從空來還從空入若有出入即非虗空空若非空	既 從 空 來 還 從 空 入 若 有 出 入 即 非 虗 空 空 若 非 空 
X13n0285_002:0257c19	自不容其華相起滅如阿難體不容(更有一个)阿難(於中起滅)	自 不 容 其 華 相 起 滅 如 阿 難 體 不 容 更 有 一 个 阿 難 於 中 起 滅 
X13n0285_002:0257c20	若目出者既從目出還從目入即此華性從目出故	若 目 出 者 既 從 目 出 還 從 目 入 即 此 華 性 從 目 出 故 
X13n0285_002:0257c21	當合有見若有見者去既(為)華(於)空旋合(自)見(其)眼	當 合 有 見 若 有 見 者 去 既 為 華 於 空 旋 合 自 見 其 眼 
X13n0285_002:0257c22	若無見者出既翳(於虛)空旋當(自)翳(其)眼又見華時(華已	若 無 見 者 出 既 翳 於 虛 空 旋 當 自 翳 其 眼 又 見 華 時 華 已 
X13n0285_002:0257c23	出去)目應無翳(當號清明)云何(反以見)晴空(者)號清明眼是故	出 去 目 應 無 翳 當 號 清 明 云 何 反 以 見 晴 空 者 號 清 明 眼 是 故 
X13n0285_002:0257c24	當知色陰虗妄本非因緣非自然性。	當 知 色 陰 虗 妄 本 非 因 緣 非 自 然 性 
X13n0285_002:0258a01	此五陰文一一皆有四節從初至亦復如是是舉	此 五 陰 文 一 一 皆 有 四 節 從 初 至 亦復如是 是 舉 
X13n0285_002:0258a02	因緣生法即總示中所稱一切浮塵諸幻化相也	因緣生法 即 總 示 中 所 稱 一 切 浮 塵 諸 幻 化 相 也 
X13n0285_002:0258a03	次是諸狂華至號清明眼是明因緣即空即總示	次 是 諸 狂 華 至 號 清 明 眼 是 明 因 緣 即 空 即 總 示 
X13n0285_002:0258a04	中所謂當處出生隨處滅盡性真常中求於去來	中 所 謂 當 處 出 生 隨 處 滅 盡 性 真 常 中 求 於 去 來 
X13n0285_002:0258a05	迷悟生死了無所得也三是故當知色陰虗妄一	迷 悟 生 死 了 無 所 得 也 三 是故當知 色 陰 虗 妄 一 
X13n0285_002:0258a06	句是明因緣假名即總示中所謂因緣和合虗妄	句 是 明 因 緣 假 名 即 總 示 中 所 謂 因緣和合 虗 妄 
X13n0285_002:0258a07	有生因緣別離虗妄名滅幻妄稱相也四本非因	有 生 因 緣 別 離 虗 妄 名 滅 幻 妄 稱 相 也 四 本 非 因 
X13n0285_002:0258a08	緣非自然性一句是明因緣即中即總示中所謂	緣 非 自 然 性 一 句 是 明 因 緣 即 中 即 總 示 中 所 謂 
X13n0285_002:0258a09	其性真為妙覺明體本如來藏常住妙明不動周	其 性 真 為 妙 覺 明 體 本 如 來 藏 常 住 妙 明 不 動 周 
X13n0285_002:0258a10	圓妙真如性也初文中清淨目喻本覺真智晴明	圓 妙 真 如 性 也 初 文 中 清 淨 目 喻 本 覺 真 智 晴 明 
X13n0285_002:0258a11	空喻真如妙理唯一晴虗迥無所有喻寂光真境	空 喻 真 如 妙 理 唯 一 晴 虗 迥 無 所 有 喻 寂 光 真 境 
X13n0285_002:0258a12	其人無故不動目睛瞪以發勞喻真如無始覺力	其 人 無 故 不 動 目 睛 瞪 以 發 勞 喻 真 如 無 始 覺 力 
X13n0285_002:0258a13	不守自性不覺念起而有無明則於虗空別見狂	不 守 自 性 不 覺 念 起 而 有 無 明 則 於 虗 空 別 見 狂 
X13n0285_002:0258a14	華復有一切狂亂非相喻寂光真境之中妄見果	華 復 有 一 切 狂 亂 非 相 喻 寂 光 真 境 之 中 妄 見 果 
X13n0285_002:0258a15	報方便同居三土依正色法故結合云色陰當知	報 方 便 同 居 三 土 依 正 色 法 故 結 合 云 色 陰 當 知 
X13n0285_002:0258a16	亦復如是形質可緣名之為色共十一法即外六	亦復如是 形 質 可 緣 名 之 為 色 共 十 一 法 即 外 六 
X13n0285_002:0258a17	塵及內五根依此虗妄色法生滅分位差別便有	塵 及 內 五 根 依 此 虗 妄 色 法 生 滅 分位差別 便 有 
X13n0285_002:0258a18	國土劫數正報壽命種種延促不同總名劫濁此	國 土 劫 數 正 報 壽 命 種 種 延 促 不 同 總 名 劫 濁 此 
X13n0285_002:0258a19	以九法界中佛界真善妙色喻如晴虗十世古今	以 九 法 界 中 佛 界 真 善 妙 色 喻 如 晴 虗 十 世 古 今 
X13n0285_002:0258a20	始終不離當念乃超劫濁以佛法界中九界生死	始 終 不 離 當 念 乃 超 劫 濁 以 佛 法 界 中 九 界 生 死 
X13n0285_002:0258a21	幻色喻於空華微塵劫數脩短之相宛然總名劫	幻 色 喻 於 空 華 微 塵 劫 數 脩 短 之 相 宛 然 總 名 劫 
X13n0285_002:0258a22	濁也次文者就喻簡責無性顯其即空若法說者	濁 也 次 文 者 就 喻 簡 責 無 性 顯 其 即 空 若 法 說 者 
X13n0285_002:0258a23	應云九界妄色非真如出非正智生若如出者既	應 云 九 界 妄 色 非 真 如 出 非 正 智 生 若 如 出 者 既 
X13n0285_002:0258a24	從如出還從如入若有出入即非真如如若非如	從 如 出 還 從 如 入 若 有 出 入 即 非 真 如 如 若 非 如 
X13n0285_002:0258b01	自不容其色相起滅如阿難體不容阿難若智出	自 不 容 其 色 相 起 滅 如 阿 難 體 不 容 阿 難 若 智 出 
X13n0285_002:0258b02	者既從智出還從智入即此色性從智出故當合	者 既 從 智 出 還 從 智 入 即 此 色 性 從 智 出 故 當 合 
X13n0285_002:0258b03	有智若有知者去既為色於如旋合自知其智若	有 智 若 有 知 者 去 既 為 色 於 如 旋 合 自 知 其 智 若 
X13n0285_002:0258b04	無知者出既障於真如旋當自障其智又見色時	無 知 者 出 既 障 於 真 如 旋 當 自 障 其 智 又 見 色 時 
X13n0285_002:0258b05	智應無障云何寂光名為種智第三文點示十法	智 應 無 障 云 何 寂 光 名 為 種 智 第 三 文 點 示 十 法 
X13n0285_002:0258b06	界色總屬假名以華喻九界妄色迷空為華華無	界 色 總 屬 假 名 以 華 喻 九 界 妄 色 迷 空 為 華 華 無 
X13n0285_002:0258b07	生相以空喻佛界真色華滅空生空無生相故皆	生 相 以 空 喻 佛 界 真 色 華 滅 空 生 空 無 生 相 故 皆 
X13n0285_002:0258b08	是虗妄也第四文非因緣非自然性者直指如來	是 虗 妄 也 第 四 文 非 因 緣 非 自 然 性 者 直 指 如 來 
X13n0285_002:0258b09	藏性隨緣不變故非因緣不變隨緣故非自然今	藏 性 隨 緣 不 變 故 非 因 緣 不 變 隨 緣 故 非 自 然 今 
X13n0285_002:0258b10	十界色陰皆本即是非因緣非自然之如來藏性	十 界 色 陰 皆 本 即 是 非 因 緣 非 自 然 之 如 來 藏 性 
X13n0285_002:0258b11	也下皆准知。二明受陰即藏性。	也 下 皆 准 知 二 明 受 陰 即 藏 性 
X13n0285_002:0258b12	阿難譬如有人手足晏安百骸調適忽如忘生性無	阿 難 譬 如 有 人 手 足 晏 安 百 骸 調 適 忽 如 忘 生 性 無 
X13n0285_002:0258b13	違順其人無故以二手掌於空相摩於二手中妄生	違 順 其 人 無 故 以 二 手 掌 於 空 相 摩 於 二 手 中 妄 生 
X13n0285_002:0258b14	澁滑冷熱諸相受陰當知亦復如是阿難是諸幻觸	澁 滑 冷 熱 諸 相 受 陰 當 知 亦復如是 阿 難 是 諸 幻 觸 
X13n0285_002:0258b15	不從空來不從掌出如是阿難若空來者既能觸掌	不 從 空 來 不 從 掌 出 如 是 阿 難 若 空 來 者 既 能 觸 掌 
X13n0285_002:0258b16	何不觸身不應虗空選擇來觸若從掌出應非待合	何 不 觸 身 不 應 虗 空 選 擇 來 觸 若 從 掌 出 應 非 待 合 
X13n0285_002:0258b17	又掌出故合則掌知離則觸入臂腕骨髓應亦覺知	又 掌 出 故 合 則 掌 知 離 則 觸 入 臂 腕 骨 髓 應 亦 覺 知 
X13n0285_002:0258b18	入時蹤跡必有覺心知出知入自有一物身中往來	入 時 蹤 跡 必 有 覺 心 知 出 知 入 自 有 一 物 身 中 往 來 
X13n0285_002:0258b19	何待合知要名為觸是故當知受陰虗妄本非因緣	何 待 合 知 要 名 為 觸 是故當知 受 陰 虗 妄 本 非 因 緣 
X13n0285_002:0258b20	非自然性。	非 自 然 性 
X13n0285_002:0258b21	初文聊舉手掌相摩一種觸受以例九界觸緣生	初 文 聊 舉 手 掌 相 摩 一 種 觸 受 以 例 九 界 觸 緣 生 
X13n0285_002:0258b22	受同此虗妄也據法相宗受是徧行五心所之一	受 同 此 虗 妄 也 據 法 相 宗 受 是 徧 行 五 心 所 之 一 
X13n0285_002:0258b23	種領納順違俱非境相為性起愛為業徧與八識	種 領 納 順 違 俱 非 境 相 為 性 起 愛 為 業 徧 與 八 識 
X13n0285_002:0258b24	心王相應若約六根領納六塵則有六受一一各	心 王 相 應 若 約 六 根 領 納 六 塵 則 有 六 受 一 一 各 
X13n0285_002:0258c01	有苦受樂受及不苦不樂受成十八受凡夫領納	有 苦 受 樂 受 及 不苦不樂受 成 十 八 受 凡 夫 領 納 
X13n0285_002:0258c02	同居六塵二乘領納方便六塵菩薩領納果報六	同 居 六 塵 二 乘 領 納 方 便 六 塵 菩 薩 領 納 果 報 六 
X13n0285_002:0258c03	塵總是因緣生法依此虗妄受陰便有見濁蓋所	塵 總 是 因緣生法 依 此 虗 妄 受 陰 便 有 見 濁 蓋 所 
X13n0285_002:0258c04	受是塵能受是托根之心不了六受用根本如來	受 是 塵 能 受 是 托 根 之 心 不 了 六 受 用 根 本 如 來 
X13n0285_002:0258c05	藏所以凡夫起有我見二乘起無我見權教菩薩	藏 所 以 凡 夫 起 有 我 見 二 乘 起 無 我 見 權 教 菩 薩 
X13n0285_002:0258c06	起亦我亦無我見非我非無我見總名見濁也此	起 亦 我 亦 無 我 見 非 我 非 無 我 見 總 名 見 濁 也 此 
X13n0285_002:0258c07	文本是舉例不是舉喻若欲作喻釋者則以性無	文 本 是 舉 例 不 是 舉 喻 若 欲 作 喻 釋 者 則 以 性 無 
X13n0285_002:0258c08	違順喻九界中佛界正受以澁滑冷熱喻佛界中	違 順 喻 九 界 中 佛 界 正 受 以 澁 滑 冷 熱 喻 佛 界 中 
X13n0285_002:0258c09	九界幻受澁喻三塗苦受滑喻人天樂受冷喻二	九 界 幻 受 澁 喻 三 塗 苦 受 滑 喻 人 天 樂 受 冷 喻 二 
X13n0285_002:0258c10	乘枯受熱喻菩薩榮受也次文顯受即空但破幻	乘 枯 受 熱 喻 菩 薩 榮 受 也 次 文 顯 受 即 空 但 破 幻 
X13n0285_002:0258c11	觸無性者觸尚不可得安得有受言何待合知要	觸 無 性 者 觸 尚 不 可 得 安 得 有 受 言 何 待 合 知 要 
X13n0285_002:0258c12	名為觸者要字訓作方字謂既有一物身中往來	名 為 觸 者 要 字 訓 作 方 字 謂 既 有 一 物 身 中 往 來 
X13n0285_002:0258c13	則何待掌合有知之時方名為觸耶餘竝可知。	則 何 待 掌 合 有 知 之 時 方 名 為 觸 耶 餘 竝 可 知 
X13n0285_002:0258c14	三明想陰即藏性。	三 明 想 陰 即 藏 性 
X13n0285_002:0258c15	阿難譬如有人談說酢梅口中水出思蹋懸崖足心	阿 難 譬 如 有 人 談 說 酢 梅 口 中 水 出 思 蹋 懸 崖 足 心 
X13n0285_002:0258c16	酸澁想陰當知亦復如是阿難如是酢說不從梅生	酸 澁 想 陰 當 知 亦復如是 阿 難 如 是 酢 說 不 從 梅 生 
X13n0285_002:0258c17	非從口入如是阿難若梅生者梅合自談何待人說	非 從 口 入 如 是 阿 難 若 梅 生 者 梅 合 自 談 何 待 人 說 
X13n0285_002:0258c18	若從口入自合口聞何須待耳若獨耳聞此水何不	若 從 口 入 自 合 口 聞 何 須 待 耳 若 獨 耳 聞 此 水 何 不 
X13n0285_002:0258c19	耳中而出想蹋懸崖與說相類是故當知想陰虗妄	耳 中 而 出 想 蹋 懸 崖 與 說 相 類 是故當知 想 陰 虗 妄 
X13n0285_002:0258c20	本非因緣非自然性。	本 非 因 緣 非 自 然 性 
X13n0285_002:0258c21	此亦聊舉梅崖二境界想以例十法界皆從想生	此 亦 聊 舉 梅 崖 二 境 界 想 以 例 十 法 界 皆 從 想 生 
X13n0285_002:0258c22	也想亦徧行五心所之一種於境取像為性施設	也 想 亦 徧 行 五 心 所 之 一 種 於 境 取 像 為 性 施 設 
X13n0285_002:0258c23	種種名言為業若約六識取六塵境則有六想一	種 種 名 言 為 業 若 約 六 識 取 六 塵 境 則 有 六 想 一 
X13n0285_002:0258c24	一各有善惡無記三想成十八想凡夫於三界六	一 各 有 善 惡 無 記 三 想 成 十 八 想 凡 夫 於 三 界 六 
X13n0285_002:0259a01	塵起貪瞋癡名惡無貪瞋癡名善非善非惡名無	塵 起 貪 瞋 癡 名 惡 無 貪 瞋 癡 名 善 非 善 非 惡 名 無 
X13n0285_002:0259a02	記二乘沉空名惡出假名善菩薩分別二諦名惡	記 二 乘 沉 空 名 惡 出 假 名 善 菩 薩 分 別 二 諦 名 惡 
X13n0285_002:0259a03	了達中諦名善此等諸想總無實境界性惟是妄	了 達 中 諦 名 善 此 等 諸 想 總 無 實 境 界 性 惟 是 妄 
X13n0285_002:0259a04	想以為因緣更非異因依此虗妄想陰成煩惱濁	想 以 為 因 緣 更 非 異 因 依 此 虗 妄 想 陰 成 煩 惱 濁 
X13n0285_002:0259a05	蓋凡夫不了三界惟想故生染著有見思煩惱二	蓋 凡 夫 不 了 三 界 惟 想 故 生 染 著 有 見 思 煩 惱 二 
X13n0285_002:0259a06	乘不了涅槃生死惟想故生取捨有塵沙煩惱菩	乘 不 了 涅 槃 生 死 惟 想 故 生 取 捨 有 塵 沙 煩 惱 菩 
X13n0285_002:0259a07	薩不了十界惟想故緣理斷九有無明煩惱總名	薩 不 了 十 界 惟 想 故 緣 理 斷 九 有 無 明 煩 惱 總 名 
X13n0285_002:0259a08	煩惱濁也若妄計想外有境便於佛法界中成九	煩 惱 濁 也 若 妄 計 想 外 有 境 便 於 佛 法 界 中 成 九 
X13n0285_002:0259a09	界妄想如本無酢梅口水妄出若了達境惟是想	界 妄 想 如 本 無 酢 梅 口 水 妄 出 若 了 達 境 惟 是 想 
X13n0285_002:0259a10	便於九法界中顯佛界真想如知崖本無酸澁何	便 於 九 法 界 中 顯 佛 界 真 想 如 知 崖 本 無 酸 澁 何 
X13n0285_002:0259a11	有故曰諸佛正徧知海從心想生次文中想蹋懸	有 故 曰 諸 佛 正 徧 知 海 從 心 想 生 次 文 中 想 蹋 懸 
X13n0285_002:0259a12	崖與說相類者當云如是思蹋非懸崖來非足心	崖 與 說 相 類 者 當 云 如 是 思 蹋 非 懸 崖 來 非 足 心 
X13n0285_002:0259a13	入若從崖來崖合自思何待人思若從足入足合	入 若 從 崖 來 崖 合 自 思 何 待 人 思 若 從 足 入 足 合 
X13n0285_002:0259a14	自思何待心想若獨心想何故并足亦覺酸澁餘	自 思 何 待 心 想 若 獨 心 想 何 故 并 足 亦 覺 酸 澁 餘 
X13n0285_002:0259a15	可知。四明行陰即藏性。	可 知 四 明 行 陰 即 藏 性 
X13n0285_002:0259a16	阿難譬如暴流波浪相續前際後際不相踰越行陰	阿 難 譬 如 暴 流 波 浪 相 續 前 際 後 際 不 相 踰 越 行 陰 
X13n0285_002:0259a17	當知亦復如是阿難如是流性不因空生不因水有	當 知 亦復如是 阿 難 如 是 流 性 不 因 空 生 不 因 水 有 
X13n0285_002:0259a18	亦非水性非離空水如是阿難若因空生則諸十方	亦 非 水 性 非 離 空 水 如 是 阿 難 若 因 空 生 則 諸 十 方 
X13n0285_002:0259a19	無盡虗空成無盡流世界自然俱受淪溺若因水有	無 盡 虗 空 成 無 盡 流 世 界 自 然 俱 受 淪 溺 若 因 水 有 
X13n0285_002:0259a20	則此暴流性應非(即是)水(能)有(及)所有(之二)相今應現在	則 此 暴 流 性 應 非 即 是 水 能 有 及 所 有 之 二 相 今 應 現 在 
X13n0285_002:0259a21	若即水性則澄清時應非水體若離空水空非有外	若 即 水 性 則 澄 清 時 應 非 水 體 若 離 空 水 空 非 有 外 
X13n0285_002:0259a22	水外無流是故當知行陰虗妄本非因緣非自然性。	水 外 無 流 是故當知 行 陰 虗 妄 本 非 因 緣 非 自 然 性 
X13n0285_002:0259a23	此以流喻諸行明其念念遷滅後不至前如波逐	此 以 流 喻 諸 行 明 其 念 念 遷 滅 後 不 至 前 如 波 逐 
X13n0285_002:0259a24	波了不相及也行以遷流造作為義造作名有為	波 了 不 相 及 也 行 以 遷 流 造 作 為 義 造 作 名 有 為 
X13n0285_002:0259b01	相有為之相法爾遷流統而言之惟除六無為法	相 有 為 之 相 法 爾 遷 流 統 而 言 之 惟 除 六 無 為 法 
X13n0285_002:0259b02	餘一切假實色心總名諸行別而言之色法十一	餘 一 切 假 實 色 心 總 名 諸 行 別 而 言 之 色 法 十 一 
X13n0285_002:0259b03	另屬色陰受心所法另屬受陰想心所法另屬想	另 屬 色 陰 受 心 所 法 另 屬 受 陰 想 心 所 法 另 屬 想 
X13n0285_002:0259b04	陰心王有八另屬識陰其餘四十九心所法及二	陰 心 王 有 八 另 屬 識 陰 其 餘 四 十 九 心 所 法 及 二 
X13n0285_002:0259b05	十四種不相應行皆屬行陰於此諸法之中取思	十 四 種 不相應行 皆 屬 行 陰 於 此 諸 法 之 中 取 思 
X13n0285_002:0259b06	心所為其首領思亦徧行五心所之一種令心造	心 所 為 其 首 領 思 亦 徧 行 五 心 所 之 一 種 令 心 造 
X13n0285_002:0259b07	作為性於善不善品等役心為業謂能取境正因	作 為 性 於 善 不 善 品 等 役 心 為 業 謂 能 取 境 正 因 
X13n0285_002:0259b08	等相驅役自心令造善等若約六識則有六思一	等 相 驅 役 自 心 令 造 善 等 若 約 六 識 則 有 六 思 一 
X13n0285_002:0259b09	一各有善惡無記成十八思凡夫取三界境造有	一 各 有 善 惡 無 記 成 十 八 思 凡 夫 取 三 界 境 造 有 
X13n0285_002:0259b10	漏業二乘取偏空境造無漏業菩薩取出假境造	漏 業 二 乘 取 偏 空 境 造 無 漏 業 菩 薩 取 出 假 境 造 
X13n0285_002:0259b11	亦漏亦無漏業亦復取中道境造非漏非無漏業	亦 漏 亦 無 漏 業 亦 復 取 中 道 境 造 非 漏 非 無 漏 業 
X13n0285_002:0259b12	此等諸思總如暴流依此虗妄行陰成眾生濁蓋	此 等 諸 思 總 如 暴 流 依 此 虗 妄 行 陰 成 眾 生 濁 蓋 
X13n0285_002:0259b13	繇造有漏業名六凡眾生造無漏業名二乘眾生	繇 造 有 漏 業 名 六 凡 眾 生 造 無 漏 業 名 二 乘 眾 生 
X13n0285_002:0259b14	造亦漏亦無漏業名大道心成就眾生造非漏非	造 亦 漏 亦 無 漏 業 名 大 道 心 成 就 眾 生 造 非 漏 非 
X13n0285_002:0259b15	無漏業名無上眾生無上眾生可名非濁餘皆眾	無 漏 業 名 無 上 眾 生 無 上 眾 生 可 名 非 濁 餘 皆 眾 
X13n0285_002:0259b16	生濁也若不達流無實性則佛法界便成九界所	生 濁 也 若 不 達 流 無 實 性 則 佛 法 界 便 成 九 界 所 
X13n0285_002:0259b17	謂法身流轉名曰眾生如水湧成波若了達水外	謂 法 身 流 轉 名 曰 眾 生 如 水 湧 成 波 若 了 達 水 外 
X13n0285_002:0259b18	無流則九法界便是佛界所謂但離妄緣即如如	無 流 則 九 法 界 便 是 佛 界 所 謂 但 離 妄 緣 即 如 如 
X13n0285_002:0259b19	佛如波澄成水也次文空喻真如水喻藏識若法	佛 如 波 澄 成 水 也 次 文 空 喻 真 如 水 喻 藏 識 若 法 
X13n0285_002:0259b20	說者應云如是行陰不因真如而生不因藏識而	說 者 應 云 如 是 行 陰 不 因 真 如 而 生 不 因 藏 識 而 
X13n0285_002:0259b21	有亦非即藏識性非離真如藏識如是阿難若行	有 亦 非 即 藏 識 性 非 離 真 如 藏 識 如 是 阿 難 若 行 
X13n0285_002:0259b22	陰因真如生則無盡真如成無盡妄行諸佛如來	陰 因 真 如 生 則 無 盡 真 如 成 無 盡 妄 行 諸佛如來 
X13n0285_002:0259b23	亦被行陰之所遷流若行陰因藏識有則此行陰	亦 被 行 陰 之 所 遷 流 若 行 陰 因 藏 識 有 則 此 行 陰 
X13n0285_002:0259b24	性非即是藏識能有所有二相今應現在若行陰	性 非 即 是 藏 識 能 有 所 有 二 相 今 應 現 在 若 行 陰 
X13n0285_002:0259c01	即藏識性則彼入滅受想定證擇滅無為者轉識	即 藏 識 性 則 彼 入 滅受想定 證 擇 滅 無 為 者 轉 識 
X13n0285_002:0259c02	既不現行反應非藏識體若行陰離於真如藏識	既 不 現 行 反 應 非 藏 識 體 若 行 陰 離 於 真 如 藏 識 
X13n0285_002:0259c03	則真如無外藏識海外決無轉識波浪餘文可知。	則 真 如 無 外 藏 識 海 外 決 無 轉 識 波 浪 餘 文 可 知 
X13n0285_002:0259c04	五明識陰即藏性。	五 明 識 陰 即 藏 性 
X13n0285_002:0259c05	阿難譬如有人取頻伽瓶塞其兩孔滿中擎空千里	阿 難 譬 如 有 人 取 頻 伽 瓶 塞 其 兩 孔 滿 中 擎 空 千 里 
X13n0285_002:0259c06	遠行用餉他國識陰當知亦復如是阿難如是虗空	遠 行 用 餉 他 國 識 陰 當 知 亦復如是 阿 難 如 是 虗 空 
X13n0285_002:0259c07	非彼方來非此方入如是阿難若彼方來則彼瓶中	非 彼 方 來 非 此 方 入 如 是 阿 難 若 彼 方 來 則 彼 瓶 中 
X13n0285_002:0259c08	既貯空去於本瓶地應少虗空若此方入開孔倒瓶	既 貯 空 去 於 本 瓶 地 應 少 虗 空 若 此 方 入 開 孔 倒 瓶 
X13n0285_002:0259c09	應見空出是故當知識陰虗妄本非因緣非自然性。	應 見 空 出 是故當知 識 陰 虗 妄 本 非 因 緣 非 自 然 性 
X13n0285_002:0259c10	此以頻伽瓶喻生死妄色即第八識所執之親相	此 以 頻 伽 瓶 喻 生 死 妄 色 即 第 八 識 所 執 之 親 相 
X13n0285_002:0259c11	分勝義諸根是也塞其兩孔者喻我法二執障於	分 勝 義 諸 根 是 也 塞 其 兩 孔 者 喻 我 法 二 執 障 於 
X13n0285_002:0259c12	二空真如之理滿中擎空者此空本與十方空性	二 空 真 如 之 理 滿 中 擎 空 者 此 空 本 與 十 方 空 性 
X13n0285_002:0259c13	無二無別喻生死妄色中並無實我實法唯是如	無 二 無 別 喻 生 死 妄 色 中 並 無 實 我 實 法 唯 是 如 
X13n0285_002:0259c14	虗空之識性與十方佛之識性亦本無二無別千	虗 空 之 識 性 與 十 方 佛 之 識 性 亦 本 無 二 無 別 千 
X13n0285_002:0259c15	里遠行用餉他國者喻執此虗妄色法往來六道	里 遠 行 用 餉 他 國 者 喻 執 此 虗 妄 色 法 往 來 六 道 
X13n0285_002:0259c16	捨生受生乃至法執未忘出同居國入方便國出	捨 生 受 生 乃 至 法 執 未 忘 出 同 居 國 入 方 便 國 出 
X13n0285_002:0259c17	方便國入果報國等識陰當知亦復如是者舉法	方 便 國 入 果 報 國 等 識 陰 當 知 亦復如是 者 舉 法 
X13n0285_002:0259c18	合喻也以要言之眼識之性妙覺湛然徧周法界	合 喻 也 以要言之 眼 識 之 性 妙 覺 湛 然 徧 周 法 界 
X13n0285_002:0259c19	耳識乃至意識亦復如是眾生洞視不過分寸秪	耳 識 乃 至 意 識 亦復如是 眾 生 洞 視 不 過 分 寸 秪 
X13n0285_002:0259c20	因於生死妄色上我執熾然致令空性無端成隔	因 於 生 死 妄 色 上 我 執 熾 然 致 令 空 性 無 端 成 隔 
X13n0285_002:0259c21	如最小瓶那律僅觀大千菩薩見百千界亦因於	如 最 小 瓶 那 律 僅 觀 大 千 菩 薩 見 百 千 界 亦 因 於 
X13n0285_002:0259c22	九界妄色上法執未忘致令微塵剎海不能圓炤	九 界 妄 色 上 法 執 未 忘 致 令 微 塵 剎 海 不 能 圓 炤 
X13n0285_002:0259c23	如以百千世界為一大瓶惟佛了知性色真空性	如 以 百 千 世 界 為 一 大 瓶 惟 佛 了 知 性 色 真 空 性 
X13n0285_002:0259c24	空真色瓶即太虗太虗即瓶故得豎窮橫徧一念	空 真 色 瓶 即 太 虗 太 虗 即 瓶 故 得 豎 窮 橫 徧 一 念 
X13n0285_002:0260a01	普觀今以佛法界中九界妄識如空中瓶相九法	普 觀 今 以 佛 法 界 中 九 界 妄 識 如 空 中 瓶 相 九 法 
X13n0285_002:0260a02	界中佛界真識如瓶中空性依此虗妄識陰成於	界 中 佛 界 真 識 如 瓶 中 空 性 依 此 虗 妄 識 陰 成 於 
X13n0285_002:0260a03	命濁惟佛壽命等於虗空可名非濁也第二文中	命 濁 惟 佛 壽 命 等 於 虗 空 可 名 非 濁 也 第 二 文 中 
X13n0285_002:0260a04	彼方此方兼喻橫豎二義喻橫義者彼方喻前陰	彼 方 此 方 兼 喻 橫 豎 二 義 喻 橫 義 者 彼 方 喻 前 陰 
X13n0285_002:0260a05	此方喻後陰瓶有往來空無出入正顯幻色有往	此 方 喻 後 陰 瓶 有 往 來 空 無 出 入 正 顯 幻 色 有 往 
X13n0285_002:0260a06	來識性無搖動也喻豎義者彼方喻同居土此方	來 識 性 無 搖 動 也 喻 豎 義 者 彼 方 喻 同 居 土 此 方 
X13n0285_002:0260a07	喻方便土彼方喻方便土此方喻果報土於本瓶	喻 方 便 土 彼 方 喻 方 便 土 此 方 喻 果 報 土 於 本 瓶 
X13n0285_002:0260a08	地虗空不少者正所謂無量眾生出生死界而生	地 虗 空 不 少 者 正 所 謂 無 量 眾 生 出 生 死 界 而 生 
X13n0285_002:0260a09	死界不減開孔倒瓶不見空出者正所謂無量眾	死 界 不 減 開 孔 倒 瓶 不 見 空 出 者 正 所 謂 無 量 眾 
X13n0285_002:0260a10	生入涅槃界而涅槃界不增若知生死界不減涅	生 入 涅 槃 界 而 涅 槃 界 不 增 若 知 生 死 界 不 減 涅 
X13n0285_002:0260a11	槃界不增則三土無非常寂光土而法身壽命方	槃 界 不 增 則 三 土 無 非 常 寂 光 土 而 法 身 壽 命 方 
X13n0285_002:0260a12	為無量之無量矣餘文可知。	為 無 量 之 無 量 矣 餘 文 可 知 
X13n0285_003:0260b07	大佛頂如來密因修證了義諸菩薩萬行首楞嚴經	大 佛 頂 如 來 密 因 修 證 了 義 諸 菩 薩 萬 行 首 楞 嚴 經 
X13n0285_003:0260b08	卷第三文句	卷 第 三 文 句 
X13n0285_003:0260b09	唐天竺沙門般剌密諦　譯經	唐 天 竺 沙 門 般 剌 密 諦 譯 經 
X13n0285_003:0260b10	明菩薩沙彌古吳智旭　文句	明 菩 薩 沙 彌 古 吳 智 旭 文 句 
X13n0285_003:0260b11	明菩薩比丘溫陵道昉　參訂	明 菩 薩 比 丘 溫 陵 道 昉 參 訂 
X13n0285_003:0260b12	二明六入性二初總徵二別釋。今初。	二 明 六 入 性 二 初 總 徵 二 別 釋 今 初 
X13n0285_003:0260b13	復次阿難云何六入本如來藏妙真如性。	復 次 阿 難 云 何 六 入 本 如 來 藏 妙 真 如 性 
X13n0285_003:0260b14	梵云鉢羅吠奢此云入亦云處根境二法俱名為	梵 云 鉢 羅 吠 奢 此 云 入 亦 云 處 根 境 二 法 俱 名 為 
X13n0285_003:0260b15	入今但指六根然不曰根而曰入正取吸塵為義	入 今 但 指 六 根 然 不 曰 根 而 曰 入 正 取 吸 塵 為 義 
X13n0285_003:0260b16	凡夫入三界六塵二乘入於真諦菩薩入於俗諦	凡 夫 入 三 界 六 塵 二 乘 入 於 真 諦 菩 薩 入 於 俗 諦 
X13n0285_003:0260b17	佛入中諦皆名為入此是因緣所生法即空即假	佛 入 中 諦 皆 名 為 入 此 是 因緣所生 法 即 空 即 假 
X13n0285_003:0260b18	即中故云本藏性也。二別釋六初明眼入即藏	即 中 故 云 本 藏 性 也 二 別 釋 六 初 明 眼 入 即 藏 
X13n0285_003:0260b19	性(至)六明意入即藏性。今初。	性 至 六 明 意 入 即 藏 性 今 初 
X13n0285_003:0260b20	阿難即彼目睛瞪發勞者兼目與勞同是菩提瞪發	阿 難 即 彼 目 睛 瞪 發 勞 者 兼 目 與 勞 同 是 菩 提 瞪 發 
X13n0285_003:0260b21	勞相因於明暗二種妄塵發見居中吸此塵象名為	勞 相 因 於 明 暗 二 種 妄 塵 發 見 居 中 吸 此 塵 象 名 為 
X13n0285_003:0260b22	見性此見離彼明暗二塵畢竟無體如是阿難當知	見 性 此 見 離 彼 明 暗 二 塵 畢 竟 無 體 如 是 阿 難 當 知 
X13n0285_003:0260b23	是見非明暗來非於根出不於空生何以故若從明	是 見 非 明 暗 來 非 於 根 出 不 於 空 生 何 以 故 若 從 明 
X13n0285_003:0260b24	來暗即隨滅應非見暗若從暗來明即隨滅應無見	來 暗 即 隨 滅 應 非 見 暗 若 從 暗 來 明 即 隨 滅 應 無 見 
X13n0285_003:0260c01	明若從根生必無明暗如是見精本無自性若於空	明 若 從 根 生 必 無 明 暗 如 是 見 精 本 無 自 性 若 於 空 
X13n0285_003:0260c02	出前矚塵象歸當見根又空自觀何關汝入是故當	出 前 矚 塵 象 歸 當 見 根 又 空 自 觀 何 關 汝 入 是 故 當 
X13n0285_003:0260c03	知眼入虗妄本非因緣非自然性。	知 眼 入 虗 妄 本 非 因 緣 非 自 然 性 
X13n0285_003:0260c04	此六入文一一亦有四節今從初至名為見性是	此 六 入 文 一 一 亦 有 四 節 今 從 初 至 名 為 見 性 是 
X13n0285_003:0260c05	明因緣所生法即總示中所謂浮塵諸幻化相也	明 因緣所生 法 即 總 示 中 所 謂 浮 塵 諸 幻 化 相 也 
X13n0285_003:0260c06	次從此見離彼至何關汝入是明因緣即空即總	次 從 此 見 離 彼 至 何 關 汝 入 是 明 因 緣 即 空 即 總 
X13n0285_003:0260c07	示中所謂當處出生隨處滅盡性真常中求於去	示 中 所 謂 當 處 出 生 隨 處 滅 盡 性 真 常 中 求 於 去 
X13n0285_003:0260c08	來迷悟生死了無所得也三是故當知眼入虗妄	來 迷 悟 生 死 了 無 所 得 也 三 是故當知 眼 入 虗 妄 
X13n0285_003:0260c09	是明因緣假名即總示中所謂因緣和合虗妄有	是 明 因 緣 假 名 即 總 示 中 所 謂 因緣和合 虗 妄 有 
X13n0285_003:0260c10	生因緣別離虗妄名滅幻妄稱相也四本非因緣	生 因 緣 別 離 虗 妄 名 滅 幻 妄 稱 相 也 四 本 非 因 緣 
X13n0285_003:0260c11	非自然性是明因緣即中即總示中所謂其性真	非 自 然 性 是 明 因 緣 即 中 即 總 示 中 所 謂 其 性 真 
X13n0285_003:0260c12	為妙覺明體本如來藏等也下比准此例知初文	為 妙 覺 明 體 本 如 來 藏 等 也 下 比 准 此 例 知 初 文 
X13n0285_003:0260c13	即彼目睛瞪發勞者承上色陰初文言之兼目與	即 彼 目 睛 瞪 發 勞 者 承 上 色 陰 初 文 言 之 兼 目 與 
X13n0285_003:0260c14	勞同是菩提瞪發勞相者人知瞪是目之勞相而	勞 同 是 菩 提 瞪 發 勞 相 者 人 知 瞪 是 目 之 勞 相 而 
X13n0285_003:0260c15	不知此清淨目即是菩提之勞相也蓋上文借清	不 知 此 清 淨 目 即 是 菩 提 之 勞 相 也 蓋 上 文 借 清 
X13n0285_003:0260c16	淨目以喻菩提此則直指菩提本非目入但是依	淨 目 以 喻 菩 提 此 則 直 指 菩 提 本 非 目 入 但 是 依 
X13n0285_003:0260c17	菩提真起目入妄不可喚目入妄作菩提真譬如	菩 提 真 起 目 入 妄 不 可 喚 目 入 妄 作 菩 提 真 譬 如 
X13n0285_003:0260c18	依目起勞不可喚勞作目前云見見之時見非是	依 目 起 勞 不 可 喚 勞 作 目 前 云 見 見 之 時 見 非 是 
X13n0285_003:0260c19	見正謂此耳因於明暗二種妄塵發見居中吸此	見 正 謂 此 耳 因 於 明 暗 二 種 妄 塵 發 見 居 中 吸 此 
X13n0285_003:0260c20	塵象名為見性者正顯目入是因緣所生法也第	塵 象 名 為 見 性 者 正 顯 目 入 是 因緣所生 法 也 第 
X13n0285_003:0260c21	四卷云由明暗等二種相形於妙圓中黏湛發見	四 卷 云 由 明 暗 等 二 種 相 形 於 妙 圓 中 黏 湛 發 見 
X13n0285_003:0260c22	見精映色結色成根根元目為清淨四大因名眼	見 精 映 色 結 色 成 根 根 元 目 為 清 淨 四 大 因 名 眼 
X13n0285_003:0260c23	體如蒲萄朵浮根四塵流逸奔色即是此文註脚	體 如 蒲 萄 朵 浮 根 四 塵 流 逸 奔 色 即 是 此 文 註 脚 
X13n0285_003:0260c24	須知明暗二塵已屬空華無性況由此所發妄見	須 知 明 暗 二 塵 已 屬 空 華 無 性 況 由 此 所 發 妄 見 
X13n0285_003:0261a01	及所結浮勝二根豈有實性可得所云發見居中	及 所 結 浮 勝 二 根 豈 有 實 性 可 得 所 云 發 見 居 中 
X13n0285_003:0261a02	者不過隨情說耳次文先直明其離塵無體次檢	者 不 過 隨 情 說 耳 次 文 先 直 明 其 離 塵 無 體 次 檢 
X13n0285_003:0261a03	責其性本無生無體無生則因緣即空三文意顯	責 其 性 本 無 生 無 體 無 生 則 因 緣 即 空 三 文 意 顯 
X13n0285_003:0261a04	說有眼入不過是幻妄稱相若非幻妄何故眾生	說 有 眼 入 不 過 是 幻 妄 稱 相 若 非 幻 妄 何 故 眾 生 
X13n0285_003:0261a05	洞視不過分寸那律觀於大千菩薩見百千界惟	洞 視 不 過 分 寸 那 律 觀 於 大 千 菩 薩 見 百 千 界 惟 
X13n0285_003:0261a06	佛窮盡十方靡所不矚於此無差別性之中有此	佛 窮 盡 十 方 靡 所 不 矚 於 此 無 差 別 性 之 中 有 此 
X13n0285_003:0261a07	種種差別耶四文明其本即非因緣非自然之如	種種差別 耶 四 文 明 其 本 即 非 因 緣 非 自 然 之 如 
X13n0285_003:0261a08	來藏性故空假二義俱得成也惟其眼入即空假	來 藏 性 故 空 假 二 義 俱 得 成 也 惟 其 眼 入 即 空 假 
X13n0285_003:0261a09	中故阿那律陀悟之名為樂見照明金剛三昧問	中 故 阿 那 律 陀 悟 之 名 為 樂 見 照 明 金 剛 三 昧 問 
X13n0285_003:0261a10	曰經文非明暗來等舊皆用自他四性配釋今何	曰 經 文 非 明 暗 來 等 舊 皆 用 自 他 四 性 配 釋 今 何 
X13n0285_003:0261a11	不用答曰中論四性推檢無生實與此經妙合但	不 用 答 曰 中 論 四 性 推 檢 無 生 實 與 此 經 妙 合 但 
X13n0285_003:0261a12	經文顯示無生已甚分明何必更添名相。二明	經 文 顯 示 無 生 已 甚 分 明 何 必 更 添 名 相 二 明 
X13n0285_003:0261a13	耳入即藏性。	耳 入 即 藏 性 
X13n0285_003:0261a14	阿難譬如有人以兩手指急塞其耳耳根勞故頭中	阿 難 譬 如 有 人 以 兩 手 指 急 塞 其 耳 耳 根 勞 故 頭 中 
X13n0285_003:0261a15	作聲兼耳與勞同是菩提瞪發勞相因於動靜二種	作 聲 兼 耳 與 勞 同 是 菩 提 瞪 發 勞 相 因 於 動 靜 二 種 
X13n0285_003:0261a16	妄塵發聞居中吸此塵象名聽聞性此聞離彼動靜	妄 塵 發 聞 居 中 吸 此 塵 象 名 聽 聞 性 此 聞 離 彼 動 靜 
X13n0285_003:0261a17	二塵畢竟無體如是阿難當知是聞非動靜來非於	二 塵 畢 竟 無 體 如 是 阿 難 當 知 是 聞 非 動 靜 來 非 於 
X13n0285_003:0261a18	根出不於空生何以故若從靜來動則隨滅應非聞	根 出 不 於 空 生 何 以 故 若 從 靜 來 動 則 隨 滅 應 非 聞 
X13n0285_003:0261a19	動若從動來靜即隨滅應無覺靜若從根生必無動	動 若 從 動 來 靜 即 隨 滅 應 無 覺 靜 若 從 根 生 必 無 動 
X13n0285_003:0261a20	靜如是聞體本無自性若於空出有聞成性即非虗	靜 如 是 聞 體 本 無 自 性 若 於 空 出 有 聞 成 性 即 非 虗 
X13n0285_003:0261a21	空又空自聞何關汝入是故當知耳入虗妄本非因	空 又 空 自 聞 何 關 汝 入 是故當知 耳 入 虗 妄 本 非 因 
X13n0285_003:0261a22	緣非自然性。	緣 非 自 然 性 
X13n0285_003:0261a23	分文為四准上可知初文亦云瞪發勞相者若從	分 文 為 四 准 上 可 知 初 文 亦 云 瞪 發 勞 相 者 若 從 
X13n0285_003:0261a24	字便此文應云塞發勞相下文應云畜發勞相等	字 便 此 文 應 云 塞 發 勞 相 下 文 應 云 畜 發 勞 相 等 
X13n0285_003:0261b01	今從義便故皆用瞪字一者為顯真如不守自性	今 從 義 便 故 皆 用 瞪 字 一 者 為 顯 真 如 不 守 自 性 
X13n0285_003:0261b02	妄為明覺喻之以瞪其法易明二者正顯無明一	妄 為 明 覺 喻 之 以 瞪 其 法 易 明 二 者 正 顯 無 明 一 
X13n0285_003:0261b03	動六根遂成語不頓彰起非先後故也文皆易知	動 六 根 遂 成 語 不 頓 彰 起 非 先 後 故 也 文 皆 易 知 
X13n0285_003:0261b04	惟其耳入即空假中故觀音悟之名為耳門圓照	惟 其 耳 入 即 空 假 中 故 觀 音 悟 之 名 為 耳 門 圓 照 
X13n0285_003:0261b05	三昧。三明鼻入即藏性。	三 昧 三 明 鼻 入 即 藏 性 
X13n0285_003:0261b06	阿難譬如有人急畜其鼻畜久成勞則於鼻中聞有	阿 難 譬 如 有 人 急 畜 其 鼻 畜 久 成 勞 則 於 鼻 中 聞 有 
X13n0285_003:0261b07	冷觸因觸分別通塞虗實如是乃至諸香臭氣兼鼻	冷 觸 因 觸 分 別 通 塞 虗 實 如 是 乃 至 諸 香 臭 氣 兼 鼻 
X13n0285_003:0261b08	與勞同是菩提瞪發勞相因於通塞二種妄塵發聞	與 勞 同 是 菩 提 瞪 發 勞 相 因 於 通 塞 二 種 妄 塵 發 聞 
X13n0285_003:0261b09	居中吸此塵象名齅聞性此聞離彼通塞二塵畢竟	居 中 吸 此 塵 象 名 齅 聞 性 此 聞 離 彼 通 塞 二 塵 畢 竟 
X13n0285_003:0261b10	無體當知是聞非通塞來非於根出不於空生何以	無 體 當 知 是 聞 非 通 塞 來 非 於 根 出 不 於 空 生 何 以 
X13n0285_003:0261b11	故若從通來塞則聞滅云何知塞如因塞有通則無	故 若 從 通 來 塞 則 聞 滅 云 何 知 塞 如 因 塞 有 通 則 無 
X13n0285_003:0261b12	聞云何發明香臭等觸若從根生必無通塞如是聞	聞 云 何 發 明 香 臭 等 觸 若 從 根 生 必 無 通 塞 如 是 聞 
X13n0285_003:0261b13	機本無自性若從空出是聞自當迴齅汝鼻空自有	機 本 無 自 性 若 從 空 出 是 聞 自 當 迴 齅 汝 鼻 空 自 有 
X13n0285_003:0261b14	聞何關汝入是故當知鼻入虗妄本非因緣非自然	聞 何 關 汝 入 是故當知 鼻 入 虗 妄 本 非 因 緣 非 自 然 
X13n0285_003:0261b15	性。	性 
X13n0285_003:0261b16	文義可知惟其鼻入即空假中故周利槃特迦依	文 義 可 知 惟 其 鼻 入 即 空 假 中 故 周 利 槃 特 迦 依 
X13n0285_003:0261b17	此調心豁然得大無礙也。四明舌入即藏性。	此 調 心 豁 然 得 大 無 礙 也 四 明 舌 入 即 藏 性 
X13n0285_003:0261b18	阿難譬如有人以舌舐吻熟舐令勞其人若病則有	阿 難 譬 如 有 人 以 舌 舐 吻 熟 舐 令 勞 其 人 若 病 則 有 
X13n0285_003:0261b19	苦味無病之人微有甜觸由甜與苦顯此舌根不動	苦 味 無 病 之 人 微 有 甜 觸 由 甜 與 苦 顯 此 舌 根 不 動 
X13n0285_003:0261b20	之時淡性常在兼舌與勞同是菩提瞪發勞相因甜	之 時 淡 性 常 在 兼 舌 與 勞 同 是 菩 提 瞪 發 勞 相 因 甜 
X13n0285_003:0261b21	苦淡二種妄塵發知居中吸此塵象名知味性此知	苦 淡 二 種 妄 塵 發 知 居 中 吸 此 塵 象 名 知 味 性 此 知 
X13n0285_003:0261b22	味性離彼甜苦及淡二塵畢竟無體如是阿難當知	味 性 離 彼 甜 苦 及 淡 二 塵 畢 竟 無 體 如 是 阿 難 當 知 
X13n0285_003:0261b23	如是甞苦淡知非甜苦來非因淡有又非根出不於	如 是 甞 苦 淡 知 非 甜 苦 來 非 因 淡 有 又 非 根 出 不 於 
X13n0285_003:0261b24	空生何以故若甜苦來淡則知滅云何知淡若從淡	空 生 何 以 故 若 甜 苦 來 淡 則 知 滅 云 何 知 淡 若 從 淡 
X13n0285_003:0261c01	出甜即知亡復云何知甜苦二相若從舌生必無甜	出 甜 即 知 亡 復 云 何 知 甜 苦 二 相 若 從 舌 生 必 無 甜 
X13n0285_003:0261c02	淡及與苦塵斯知味根本無自性若於空出虗空自	淡 及 與 苦 塵 斯 知 味 根 本 無 自 性 若 於 空 出 虗 空 自 
X13n0285_003:0261c03	味非汝口知又空自知何關汝入是故當知舌入虗	味 非 汝 口 知 又 空 自 知 何 關 汝 入 是故當知 舌 入 虗 
X13n0285_003:0261c04	妄本非因緣非自然性。	妄 本 非 因 緣 非 自 然 性 
X13n0285_003:0261c05	初文因甜苦淡二種妄塵者略舉甜苦攝餘酸辛	初 文 因 甜 苦 淡 二 種 妄 塵 者 略 舉 甜 苦 攝 餘 酸 辛 
X13n0285_003:0261c06	鹹等共為一種淡自為一種也次文虗空自味非	鹹 等 共 為 一 種 淡 自 為 一 種 也 次 文 虗 空 自 味 非 
X13n0285_003:0261c07	汝口知者猶言非汝口中所知之味也方與下二	汝 口 知 者 猶 言 非 汝 口 中 所 知 之 味 也 方 與 下 二 
X13n0285_003:0261c08	句各成一意餘文可知惟其舌入即空假中故憍	句 各 成 一 意 餘 文 可 知 惟 其 舌 入 即 空 假 中 故 憍 
X13n0285_003:0261c09	梵鉢提悟之名為一味清淨心地法門。五明身	梵 鉢 提 悟 之 名 為 一 味 清 淨 心 地 法 門 五 明 身 
X13n0285_003:0261c10	入即藏性。	入 即 藏 性 
X13n0285_003:0261c11	阿難譬如有人以一冷手觸於熱手若冷勢多熱者	阿 難 譬 如 有 人 以 一 冷 手 觸 於 熱 手 若 冷 勢 多 熱 者 
X13n0285_003:0261c12	從冷若熱功勝冷者成熱如是以此合覺之觸顯於	從 冷 若 熱 功 勝 冷 者 成 熱 如 是 以 此 合 覺 之 觸 顯 於 
X13n0285_003:0261c13	離知涉勢若成因於勞觸兼身與勞同是菩提瞪發	離 知 涉 勢 若 成 因 於 勞 觸 兼 身 與 勞 同 是 菩 提 瞪 發 
X13n0285_003:0261c14	勞相因於離合二種妄塵發覺居中吸此塵象名知	勞 相 因 於 離 合 二 種 妄 塵 發 覺 居 中 吸 此 塵 象 名 知 
X13n0285_003:0261c15	覺性此知覺體離彼離合違順二塵畢竟無體如是	覺 性 此 知 覺 體 離 彼 離 合 違 順 二 塵 畢 竟 無 體 如 是 
X13n0285_003:0261c16	阿難當知是覺非離合來非違順有不於根出又非	阿 難 當 知 是 覺 非 離 合 來 非 違 順 有 不 於 根 出 又 非 
X13n0285_003:0261c17	空生何以故若合時來離當已滅云何覺離違順二	空 生 何 以 故 若 合 時 來 離 當 已 滅 云 何 覺 離 違 順 二 
X13n0285_003:0261c18	相亦復如是若從根出必無離合違順四相則汝身	相 亦復如是 若 從 根 出 必 無 離 合 違 順 四 相 則 汝 身 
X13n0285_003:0261c19	知元無自性必於空出空自知覺何關汝入是故當	知 元 無 自 性 必 於 空 出 空 自 知 覺 何 關 汝 入 是 故 當 
X13n0285_003:0261c20	知身入虗妄本非因緣非自然性。	知 身 入 虗 妄 本 非 因 緣 非 自 然 性 
X13n0285_003:0261c21	初文合覺之觸顯於離知者謂因合時有覺之觸	初 文 合 覺 之 觸 顯 於 離 知 者 謂 因 合 時 有 覺 之 觸 
X13n0285_003:0261c22	顯於離時亦有身知也涉勢若成因於勞觸者若	顯 於 離 時 亦 有 身 知 也 涉 勢 若 成 因 於 勞 觸 者 若 
X13n0285_003:0261c23	字訓作順字謂冷熱相涉之勢順其勝劣而成皆	字 訓 作 順 字 謂 冷 熱 相 涉 之 勢 順 其 勝 劣 而 成 皆 
X13n0285_003:0261c24	因二手相觸之勞相也次文離合違順二塵者離	因 二 手 相 觸 之 勞 相 也 次 文 離 合 違 順 二 塵 者 離 
X13n0285_003:0262a01	為一塵合中違順二相總名一塵下云四相不過	為 一 塵 合 中 違 順 二 相 總 名 一 塵 下 云 四 相 不 過 
X13n0285_003:0262a02	隨意開合說耳餘文可知惟其身入即空假中故	隨 意 開 合 說 耳 餘 文 可 知 惟 其 身 入 即 空 假 中 故 
X13n0285_003:0262a03	畢陵伽婆蹉悟之名為純覺遺身。六明意入即	畢 陵 伽 婆 蹉 悟 之 名 為 純 覺 遺 身 六 明 意 入 即 
X13n0285_003:0262a04	藏性。	藏 性 
X13n0285_003:0262a05	阿難譬如有人勞倦則眠睡熟便寤覽塵斯憶失憶	阿 難 譬 如 有 人 勞 倦 則 眠 睡 熟 便 寤 覽 塵 斯 憶 失 憶 
X13n0285_003:0262a06	為妄是其顛倒生住異滅吸習中歸不相踰越稱意	為 妄 是 其 顛 倒 生住異滅 吸 習 中 歸 不 相 踰 越 稱 意 
X13n0285_003:0262a07	知根兼意與勞同是菩提瞪發勞相因於生滅二種	知 根 兼 意 與 勞 同 是 菩 提 瞪 發 勞 相 因 於 生 滅 二 種 
X13n0285_003:0262a08	妄塵集知居中吸撮內塵見聞逆流流不及地名覺	妄 塵 集 知 居 中 吸 撮 內 塵 見 聞 逆 流 流 不 及 地 名 覺 
X13n0285_003:0262a09	知性此覺知性離彼寤寐生滅二塵畢竟無體如是	知 性 此 覺 知 性 離 彼 寤 寐 生 滅 二 塵 畢 竟 無 體 如 是 
X13n0285_003:0262a10	阿難當知如是覺知之根非寤寐來非生滅有不於	阿 難 當 知 如 是 覺 知 之 根 非 寤 寐 來 非 生 滅 有 不 於 
X13n0285_003:0262a11	根出亦非空生何以故若從寤來寐即隨滅將何為	根 出 亦 非 空 生 何 以 故 若 從 寤 來 寐 即 隨 滅 將 何 為 
X13n0285_003:0262a12	寐必生時有滅即同無令誰受滅若從滅有生即滅	寐 必 生 時 有 滅 即 同 無 令 誰 受 滅 若 從 滅 有 生 即 滅 
X13n0285_003:0262a13	無誰知生者若從根出寤寐二相隨身開合離斯二	無 誰 知 生 者 若 從 根 出 寤 寐 二 相 隨 身 開 合 離 斯 二 
X13n0285_003:0262a14	體此覺知者同於空華畢竟無性若從空生自是空	體 此 覺 知 者 同 於 空 華 畢 竟 無 性 若 從 空 生 自 是 空 
X13n0285_003:0262a15	知何關汝入是故當知意入虗妄本非因緣非自然	知 何 關 汝 入 是故當知 意 入 虗 妄 本 非 因 緣 非 自 然 
X13n0285_003:0262a16	性。	性 
X13n0285_003:0262a17	初文眠寤憶忘各有生住異滅四相初眠為生正	初 文 眠 寤 憶 忘 各 有 生住異滅 四 相 初 眠 為 生 正 
X13n0285_003:0262a18	眠為住將寐為異已寤為滅初寤為生正寤為住	眠 為 住 將 寐 為 異 已 寤 為 滅 初 寤 為 生 正 寤 為 住 
X13n0285_003:0262a19	勞倦為異眠去為滅初憶為生正憶為住將忘為	勞 倦 為 異 眠 去 為 滅 初 憶 為 生 正 憶 為 住 將 忘 為 
X13n0285_003:0262a20	異忘竟為滅初忘為生正忘為住欲憶為異憶成	異 忘 竟 為 滅 初 忘 為 生 正 忘 為 住 欲 憶 為 異 憶 成 
X13n0285_003:0262a21	為滅如此生住異滅總名顛倒無始習氣剎那不	為 滅 如 此 生住異滅 總 名 顛 倒 無 始 習 氣 剎 那 不 
X13n0285_003:0262a22	停如浪逐浪後不至前前七轉識之相類皆若此	停 如 浪 逐 浪 後 不 至 前 前 七 轉 識 之 相 類 皆 若 此 
X13n0285_003:0262a23	今意知根通則八識心王五十一種心所攝無不	今 意 知 根 通 則 八 識 心 王 五 十 一 種 心 所 攝 無 不 
X13n0285_003:0262a24	盡別則獨取第七末那恒審思量為體相者以當	盡 別 則 獨 取 第 七 末 那 恒 審 思 量 為 體 相 者 以 當 
X13n0285_003:0262b01	其名兼攝第八阿賴耶識以七八二識不相離故	其 名 兼 攝 第 八 阿賴耶識 以 七 八 二 識 不 相 離 故 
X13n0285_003:0262b02	下文以思量兼了別性並舉正謂此也人知眠寤	下 文 以 思 量 兼 了 別 性 並 舉 正 謂 此 也 人 知 眠 寤 
X13n0285_003:0262b03	憶忘為意勞相而不知此意知根即是菩提勞相	憶 忘 為 意 勞 相 而 不 知 此 意 知 根 即 是 菩 提 勞 相 
X13n0285_003:0262b04	蓋此意知別無自體不過因於生滅妄塵黏湛發	蓋 此 意 知 別 無 自 體 不 過 因 於 生 滅 妄 塵 黏 湛 發 
X13n0285_003:0262b05	知知精映法攬法成根而已前云生住異滅此云	知 知 精 映 法 攬 法 成 根 而 已 前 云 生住異滅 此 云 
X13n0285_003:0262b06	生滅二塵者麤而言之生即攝住滅即攝異細而	生 滅 二 塵 者 麤 而 言 之 生 即 攝 住 滅 即 攝 異 細 而 
X13n0285_003:0262b07	言之生滅二塵各具生住異滅四相生四相者欲	言 之 生 滅 二 塵 各 具 生住異滅 四 相 生 四 相 者 欲 
X13n0285_003:0262b08	生為生正生為住生已為異未生為滅滅四相者	生 為 生 正 生 為 住 生 已 為 異 未 生 為 滅 滅 四 相 者 
X13n0285_003:0262b09	欲滅為生正滅為住滅已為異未滅為滅也集知	欲 滅 為 生 正 滅 為 住 滅 已 為 異 未 滅 為 滅 也 集 知 
X13n0285_003:0262b10	居中者圓覺所謂妄有緣氣於中積聚假名為心	居 中 者 圓 覺 所 謂 妄 有 緣 氣 於 中 積 聚 假 名 為 心 
X13n0285_003:0262b11	意識為見聞順流緣於外塵獨頭意識為見聞逆	意 識 為 見 聞 順 流 緣 於 外 塵 獨 頭 意 識 為 見 聞 逆 
X13n0285_003:0262b12	流緣於內塵流不及地名覺知性者謂獨頭意識	流 緣 於 內 塵 流 不 及 地 名 覺 知 性 者 謂 獨 頭 意 識 
X13n0285_003:0262b13	但能依於意根而緣內塵終不能反緣其根如眼	但 能 依 於 意 根 而 緣 內 塵 終 不 能 反 緣 其 根 如 眼 
X13n0285_003:0262b14	有見不能觀眼此反緣不及之地名為覺知性也	有 見 不 能 觀 眼 此 反 緣 不 及 之 地 名 為 覺 知 性 也 
X13n0285_003:0262b15	次文寤寐生滅二塵者寤寐各有生滅總稱二也	次 文 寤 寐 生 滅 二 塵 者 寤 寐 各 有 生 滅 總 稱 二 也 
X13n0285_003:0262b16	令誰受滅猶云令誰知滅生即滅無猶云生即知	令 誰 受 滅 猶 云 令 誰 知 滅 生 即 滅 無 猶 云 生 即 知 
X13n0285_003:0262b17	隨滅相俱無若從根出者指肉團浮塵根也肉團	隨 滅 相 俱 無 若 從 根 出 者 指 肉 團 浮 塵 根 也 肉 團 
X13n0285_003:0262b18	寤寐二相不過隨身開合寤則如蓮華開寐則如	寤 寐 二 相 不 過 隨 身 開 合 寤 則 如 蓮 華 開 寐 則 如 
X13n0285_003:0262b19	蓮華合離斯寤寐二體別覓覺知體性毫不可得	蓮 華 合 離 斯 寤 寐 二 體 別 覓 覺 知 體 性 毫 不 可 得 
X13n0285_003:0262b20	云何可說是從根生餘文可知惟其意入即空假中	云 何 可 說 是 從 根 生 餘 文 可 知 惟 其 意 入 即 空 假 中 
X13n0285_003:0262b21	故須菩提悟之頓入如來寶明空海。三明十二	故 須 菩 提 悟 之 頓 入 如 來 寶 明 空 海 三 明 十 二 
X13n0285_003:0262b22	處性二初總徵二別釋。今初。	處 性 二 初 總 徵 二 別 釋 今 初 
X13n0285_003:0262b23	復次阿難云何十二處本如來藏妙真如性。	復 次 阿 難 云 何 十 二 處 本 如 來 藏 妙 真 如 性 
X13n0285_003:0262b24	處者方隅處所指眼耳等為內六處指色聲等為	處 者 方 隅 處 所 指 眼 耳 等 為 內 六 處 指 色 聲 等 為 
X13n0285_003:0262c01	外六處凡夫以三界依正為處二乘以方便依正	外 六 處 凡 夫 以 三 界 依 正 為 處 二 乘 以 方 便 依 正 
X13n0285_003:0262c02	為處菩薩以實報依正為處佛以常寂光土依正	為 處 菩 薩 以 實 報 依 正 為 處 佛 以 常 寂 光 土 依 正 
X13n0285_003:0262c03	為處處無實法即空假中故曰本藏性也此中破	為 處 處 無 實 法 即 空 假 中 故 曰 本 藏 性 也 此 中 破 
X13n0285_003:0262c04	妄顯真惟眼色耳聲各各二法對破餘皆專破外	妄 顯 真 惟 眼 色 耳 聲 各 各 二 法 對 破 餘 皆 專 破 外 
X13n0285_003:0262c05	塵以內六處前已破顯今意正在破外六塵故也。	塵 以 內 六 處 前 已 破 顯 今 意 正 在 破 外 六 塵 故 也 
X13n0285_003:0262c06	二別釋六初明色與見即藏性(至)六明意與法	二 別 釋 六 初 明 色 與 見 即 藏 性 至 六 明 意 與 法 
X13n0285_003:0262c07	即藏性。今初。	即 藏 性 今 初 
X13n0285_003:0262c08	阿難汝且觀此祇陀樹林及諸泉池於意云何此等	阿 難 汝 且 觀 此 祇 陀 樹 林 及 諸 泉 池 於意云何 此 等 
X13n0285_003:0262c09	為是色生眼見眼生色相阿難若復眼根生色相者	為 是 色 生 眼 見 眼 生 色 相 阿 難 若 復 眼 根 生 色 相 者 
X13n0285_003:0262c10	見空非色色性應銷銷則顯發一切都無色相既無	見 空 非 色 色 性 應 銷 銷 則 顯 發 一 切 都 無 色 相 既 無 
X13n0285_003:0262c11	誰明空質空亦如是若復色塵生眼見者觀空非色	誰 明 空 質 空 亦 如 是 若 復 色 塵 生 眼 見 者 觀 空 非 色 
X13n0285_003:0262c12	見即銷亡亡則都無誰明空色是故當知見與色空	見 即 銷 亡 亡 則 都 無 誰 明 空 色 是故當知 見 與 色 空 
X13n0285_003:0262c13	俱無處所即色與見二處虗妄本非因緣非自然性。	俱 無 處 所 即 色 與 見 二 處 虗 妄 本 非 因 緣 非 自 然 性 
X13n0285_003:0262c14	此中諸文亦各四節初云觀此樹林泉池者由汝	此 中 諸 文 亦 各 四 節 初 云 觀 此 樹 林 泉 池 者 由 汝 
X13n0285_003:0262c15	觀故方知林泉由林泉故方顯汝觀此正舉出因	觀 故 方 知 林 泉 由 林 泉 故 方 顯 汝 觀 此 正 舉 出 因 
X13n0285_003:0262c16	緣所生之法即總示中所謂一切浮塵諸幻化相	緣 所 生 之 法 即 總 示 中 所 謂 一 切 浮 塵 諸 幻 化 相 
X13n0285_003:0262c17	也次從於意云何至誰明空色正顯因緣即空三	也 次 從 於意云何 至 誰 明 空 色 正 顯 因 緣 即 空 三 
X13n0285_003:0262c18	從是故當知至二處虗妄顯因緣假名四本非因	從 是故當知 至 二 處 虗 妄 顯 因 緣 假 名 四 本 非 因 
X13n0285_003:0262c19	緣非自然性顯因緣即中以對總示中文如前可	緣 非 自 然 性 顯 因 緣 即 中 以 對 總 示 中 文 如 前 可 
X13n0285_003:0262c20	知次文先雙徵次雙破破眼根生色相云見空非	知 次 文 先 雙 徵 次 雙 破 破 眼 根 生 色 相 云 見 空 非 
X13n0285_003:0262c21	色色性應銷者既許色塵從眼生必許空塵亦從	色 色 性 應 銷 者 既 許 色 塵 從 眼 生 必 許 空 塵 亦 從 
X13n0285_003:0262c22	眼生是色以眼為性空亦以眼為性今見空之時	眼 生 是 色 以 眼 為 性 空 亦 以 眼 為 性 今 見 空 之 時 
X13n0285_003:0262c23	既非是色則空性已起色性應銷以空色二性相	既 非 是 色 則 空 性 已 起 色 性 應 銷 以 空 色 二 性 相 
X13n0285_003:0262c24	反不容並立故也然設許色性銷亡則便一切都	反 不 容 並 立 故 也 然 設 許 色 性 銷 亡 則 便 一 切 都 
X13n0285_003:0263a01	無既無色相亦何能顯明空質以空色二法又必	無 既 無 色 相 亦 何 能 顯 明 空 質 以 空 色 二 法 又 必 
X13n0285_003:0263a02	相待故也空亦如是者見色非空空性應塞塞則	相 待 故 也 空 亦 如 是 者 見 色 非 空 空 性 應 塞 塞 則 
X13n0285_003:0263a03	顯發一切都實空相既無誰明色質也次破色塵	顯 發 一 切 都 實 空 相 既 無 誰 明 色 質 也 次 破 色 塵 
X13n0285_003:0263a04	生眼見云見空非色見即銷亡者既許見從色生	生 眼 見 云 見 空 非 色 見 即 銷 亡 者 既 許 見 從 色 生 
X13n0285_003:0263a05	則以色為見性觀空之時既非是色見性即應與	則 以 色 為 見 性 觀 空 之 時 既 非 是 色 見 性 即 應 與 
X13n0285_003:0263a06	色並銷然見性既亡則便一總都無又誰明此空	色 並 銷 然 見 性 既 亡 則 便 一 總 都 無 又 誰 明 此 空 
X13n0285_003:0263a07	色耶見從空生例此可知故不復設第三文中意	色 耶 見 從 空 生 例 此 可 知 故 不 復 設 第 三 文 中 意 
X13n0285_003:0263a08	顯十界見與色空俱無實處不過幻妄稱相第四	顯 十 界 見 與 色 空 俱 無 實 處 不 過 幻 妄 稱 相 第 四 
X13n0285_003:0263a09	正顯惟是隨緣不變不變隨緣之藏性也惟其色	正 顯 惟 是 隨 緣 不 變 不 變 隨 緣 之 藏 性 也 惟 其 色 
X13n0285_003:0263a10	處即空假中故優波尼沙陀悟之塵色既盡妙色	處 即 空 假 中 故 優 波 尼 沙 陀 悟 之 塵 色 既 盡 妙 色 
X13n0285_003:0263a11	密圓。二明聽與聲即藏性。	密 圓 二 明 聽 與 聲 即 藏 性 
X13n0285_003:0263a12	阿難汝更聽此祇陀園中食辦擊鼓眾集撞鐘鐘鼓	阿 難 汝 更 聽 此 祇 陀 園 中 食 辦 擊 鼓 眾 集 撞 鐘 鐘 鼓 
X13n0285_003:0263a13	音聲前後相續於意云何此等為是聲來耳邊耳往	音 聲 前 後 相 續 於意云何 此 等 為 是 聲 來 耳 邊 耳 往 
X13n0285_003:0263a14	聲處阿難若復此聲來於耳邊如我乞食室羅筏城	聲 處 阿 難 若 復 此 聲 來 於 耳 邊 如 我 乞 食 室 羅 筏 城 
X13n0285_003:0263a15	在祇陀林則無有我此聲必來阿難耳處目連迦葉	在 祇 陀 林 則 無 有 我 此 聲 必 來 阿 難 耳 處 目 連 迦 葉 
X13n0285_003:0263a16	應不俱聞何況其中一千二百五十沙門一聞鐘聲	應 不 俱 聞 何 況 其 中 一 千二百五十 沙 門 一 聞 鐘 聲 
X13n0285_003:0263a17	同來食處若復汝耳往彼聲邊如我歸住祇陀林中	同 來 食 處 若 復 汝 耳 往 彼 聲 邊 如 我 歸 住 祇 陀 林 中 
X13n0285_003:0263a18	在室羅城則無有我汝聞鼓聲其耳已往擊鼓之處	在 室 羅 城 則 無 有 我 汝 聞 鼓 聲 其 耳 已 往 擊 鼓 之 處 
X13n0285_003:0263a19	鐘聲齊出應不俱聞何況其中象馬牛羊種種音響	鐘 聲 齊 出 應 不 俱 聞 何 況 其 中 象 馬 牛 羊 種 種 音 響 
X13n0285_003:0263a20	若無來往亦復無聞是故當知聽與音聲俱無處所	若 無 來 往 亦 復 無 聞 是故當知 聽 與 音 聲 俱 無 處 所 
X13n0285_003:0263a21	即聽與聲二處虗妄本非因緣非自然性。	即 聽 與 聲 二 處 虗 妄 本 非 因 緣 非 自 然 性 
X13n0285_003:0263a22	此中第二推破之文與前後諸文不同另為一局	此 中 第 二 推 破 之 文 與 前 後 諸 文 不 同 另 為 一 局 
X13n0285_003:0263a23	當知佛語巧妙大有所關今為出其言外之旨略	當 知 佛 語 巧 妙 大 有 所 關 今 為 出 其 言 外 之 旨 略 
X13n0285_003:0263a24	有二意一者諸文彼此互彰意二者密顯此方教	有 二 意 一 者 諸 文 彼 此 互 彰 意 二 者 密 顯 此 方 教 
X13n0285_003:0263b01	體意初意者若取前章法式以破耳聲應云此等	體 意 初 意 者 若 取 前 章 法 式 以 破 耳 聲 應 云 此 等 
X13n0285_003:0263b02	為是耳生聲相聲生耳聞若復耳根生聲相者聞	為 是 耳 生 聲 相 聲 生 耳 聞 若 復 耳 根 生 聲 相 者 聞 
X13n0285_003:0263b03	靜非聲聲性應銷銷則顯發一切都無聲相既無	靜 非 聲 聲 性 應 銷 銷 則 顯 發 一 切 都 無 聲 相 既 無 
X13n0285_003:0263b04	誰明靜相靜亦如是若復聲相生耳聞者聽靜非	誰 明 靜 相 靜 亦 如 是 若 復 聲 相 生 耳 聞 者 聽 靜 非 
X13n0285_003:0263b05	聲聞即銷亡亡則都無誰知動靜若取後章法式	聲 聞 即 銷 亡 亡 則 都 無 誰 知 動 靜 若 取 後 章 法 式 
X13n0285_003:0263b06	以破聲塵應云此聲為復生於汝耳生於鐘鼓為	以 破 聲 塵 應 云 此 聲 為 復 生 於 汝 耳 生 於 鐘 鼓 為 
X13n0285_003:0263b07	生於空若復此聲生於汝耳稱耳所生應從耳出	生 於 空 若 復 此 聲 生 於 汝 耳 稱 耳 所 生 應 從 耳 出 
X13n0285_003:0263b08	耳非鐘鼓云何耳中有鐘鼓聲稱汝聞聲當於耳	耳 非 鐘 鼓 云 何 耳 中 有 鐘 鼓 聲 稱 汝 聞 聲 當 於 耳 
X13n0285_003:0263b09	入耳中出聲說聞非義若生於空空性常恒聲應	入 耳 中 出 聲 說 聞 非 義 若 生 於 空 空 性 常 恒 聲 應 
X13n0285_003:0263b10	常在何藉他人擊鼓撞鐘若生鐘鼓鐘鼓常在應	常 在 何 藉 他 人 擊 鼓 撞 鐘 若 生 鐘 鼓 鐘 鼓 常 在 應 
X13n0285_003:0263b11	常出聲何須撞擊若生於桴應是桴聲非鐘鼓聲	常 出 聲 何 須 撞 擊 若 生 於 桴 應 是 桴 聲 非 鐘 鼓 聲 
X13n0285_003:0263b12	又桴亦常在聲應常出若生於手亦如桴破若生	又 桴 亦 常 在 聲 應 常 出 若 生 於 手 亦 如 桴 破 若 生 
X13n0285_003:0263b13	撞擊今除鐘鼓桴手虗空諸相之外安得別有撞	撞 擊 今 除 鐘 鼓 桴 手 虗 空 諸 相 之 外 安 得 別 有 撞 
X13n0285_003:0263b14	擊體相體相尚無聲從何出是謂以彼彰此也又	擊 體 相 體 相 尚 無 聲 從 何 出 是 謂 以 彼 彰 此 也 又 
X13n0285_003:0263b15	取此章法式以破色見應云此等為是色來眼邊	取 此 章 法 式 以 破 色 見 應 云 此 等 為 是 色 來 眼 邊 
X13n0285_003:0263b16	眼往色處若復此色來眼邊者此色已來阿難眼	眼 往 色 處 若 復 此 色 來 眼 邊 者 此 色 已 來 阿 難 眼 
X13n0285_003:0263b17	處目連迦葉應不俱見何況一千二百五十沙門	處 目 連 迦 葉 應 不 俱 見 何 況 一 千二百五十 沙 門 
X13n0285_003:0263b18	舉眼同見若復汝目往彼色邊仰觀日時汝目已	舉 眼 同 見 若 復 汝 目 往 彼 色 邊 仰 觀 日 時 汝 目 已 
X13n0285_003:0263b19	往日處其餘諸色應皆不見又取此章法式以破	往 日 處 其 餘 諸 色 應 皆 不 見 又 取 此 章 法 式 以 破 
X13n0285_003:0263b20	香聞應云此等為是香來鼻邊鼻往香處若復此	香 聞 應 云 此 等 為 是 香 來 鼻 邊 鼻 往 香 處 若 復 此 
X13n0285_003:0263b21	香來汝鼻邊目連迦葉應不俱聞若復汝鼻往彼	香 來 汝 鼻 邊 目 連 迦 葉 應 不 俱 聞 若 復 汝 鼻 往 彼 
X13n0285_003:0263b22	香處忽有臭氣亦應不聞是謂以此彰彼也說此	香 處 忽 有 臭 氣 亦 應 不 聞 是 謂 以 此 彰 彼 也 說 此 
X13n0285_003:0263b23	意者謂治眾生無量戲論習氣法應爾故次意者	意 者 謂 治 眾 生 無 量 戲 論 習 氣 法 應 爾 故 次 意 者 
X13n0285_003:0263b24	秪一鐘聲圓應一切而無匱陳那所謂妙音密圓	秪 一 鐘 聲 圓 應 一 切 而 無 匱 陳 那 所 謂 妙 音 密 圓 
X13n0285_003:0263c01	秪一耳根圓聞一切而無雜觀音所謂圓照三昧	秪 一 耳 根 圓 聞 一 切 而 無 雜 觀 音 所 謂 圓 照 三 昧 
X13n0285_003:0263c02	故曰此方真教體清淨在音聞也或謂此是破妄	故 曰 此 方 真 教 體 清 淨 在 音 聞 也 或 謂 此 是 破 妄 
X13n0285_003:0263c03	不可約真心反難恐塞悟門此大不然佛之破妄	不 可 約 真 心 反 難 恐 塞 悟 門 此 大 不 然 佛 之 破 妄 
X13n0285_003:0263c04	元為顯真倘於此處瞥悟正暢如來說法本懷耳	元 為 顯 真 倘 於 此 處 瞥 悟 正 暢 如 來 說 法 本 懷 耳 
X13n0285_003:0263c05	若無來往亦復無聞者謂若計音聞各有實處而	若 無 來 往 亦 復 無 聞 者 謂 若 計 音 聞 各 有 實 處 而 
X13n0285_003:0263c06	無往來則又不成聞矣惟其聲處即空假中故憍	無 往 來 則 又 不 成 聞 矣 惟 其 聲 處 即 空 假 中 故 憍 
X13n0285_003:0263c07	陳那於此悟明四種四諦具如下文所明。三明	陳 那 於 此 悟 明 四 種 四 諦 具 如 下 文 所 明 三 明 
X13n0285_003:0263c08	齅與香即藏性。	齅 與 香 即 藏 性 
X13n0285_003:0263c09	阿難汝又齅此爐中旃檀此香若復然於一銖室羅	阿 難 汝 又 齅 此 爐 中 旃 檀 此 香 若 復 然 於 一 銖 室 羅 
X13n0285_003:0263c10	筏城四十里內同時聞氣於意云何此香為復生旃	筏 城 四 十 里 內 同 時 聞 氣 於意云何 此 香 為 復 生 旃 
X13n0285_003:0263c11	檀木生於汝鼻為生於空阿難若復此香生於汝鼻	檀 木 生 於 汝 鼻 為 生 於 空 阿 難 若 復 此 香 生 於 汝 鼻 
X13n0285_003:0263c12	稱鼻所生當從鼻出鼻非旃檀云何鼻中有旃檀氣	稱 鼻 所 生 當 從 鼻 出 鼻 非 旃 檀 云 何 鼻 中 有 旃 檀 氣 
X13n0285_003:0263c13	稱汝聞香當於鼻入鼻中出香說聞非義若生於空	稱 汝 聞 香 當 於 鼻 入 鼻 中 出 香 說 聞 非 義 若 生 於 空 
X13n0285_003:0263c14	空性常恒香應常在何藉爐中爇此枯木若生於木	空 性 常 恒 香 應 常 在 何 藉 爐 中 爇 此 枯 木 若 生 於 木 
X13n0285_003:0263c15	則此香質因爇成煙若鼻得聞合蒙煙氣其煙騰空	則 此 香 質 因 爇 成 煙 若 鼻 得 聞 合 蒙 煙 氣 其 煙 騰 空 
X13n0285_003:0263c16	未及遙遠四十里內云何已聞是故當知香鼻與聞	未 及 遙 遠 四 十 里 內 云 何 已 聞 是故當知 香 鼻 與 聞 
X13n0285_003:0263c17	俱無處所即齅與香二處虗妄本非因緣非自然性。	俱 無 處 所 即 齅 與 香 二 處 虗 妄 本 非 因 緣 非 自 然 性 
X13n0285_003:0263c18	第二文破若生於木有縱有奪初云則此香質因	第 二 文 破 若 生 於 木 有 縱 有 奪 初 云 則 此 香 質 因 
X13n0285_003:0263c19	爇成煙若鼻得聞合蒙煙氣乃順凡情而縱許之	爇 成 煙 若 鼻 得 聞 合 蒙 煙 氣 乃 順 凡 情 而 縱 許 之 
X13n0285_003:0263c20	次云其煙騰空未及遙遠四十里內云何已聞乃	次 云 其 煙 騰 空 未 及 遙 遠 四 十 里 內 云 何 已 聞 乃 
X13n0285_003:0263c21	以現量而奪破之蓋凡情不了一切惟心香性即	以 現 量 而 奪 破 之 蓋 凡 情 不 了 一 切 惟 心 香 性 即 
X13n0285_003:0263c22	如來藏不過循業發現而妄計香木有殊勝力故	如 來 藏 不 過 循 業 發 現 而 妄 計 香 木 有 殊 勝 力 故 
X13n0285_003:0263c23	以鼻不蒙煙破其不從木生亦是另為一局若據	以 鼻 不 蒙 煙 破 其 不 從 木 生 亦 是 另 為 一 局 若 據 
X13n0285_003:0263c24	常式應云若生於木則木常應發香何藉火爇然	常 式 應 云 若 生 於 木 則 木 常 應 發 香 何 藉 火 爇 然 
X13n0285_003:0264a01	後聞氣若生於火火應自香何須香木又離枯木	後 聞 氣 若 生 於 火 火 應 自 香 何 須 香 木 又 離 枯 木 
X13n0285_003:0264a02	火尚無體云何發香餘皆可知惟其香處即空假	火 尚 無 體 云 何 發 香 餘 皆 可 知 惟 其 香 處 即 空 假 
X13n0285_003:0264a03	中故香嚴童子悟之妙香密圓。四明甞與味即	中 故 香 嚴 童 子 悟 之 妙 香 密 圓 四 明 甞 與 味 即 
X13n0285_003:0264a04	藏性。	藏 性 
X13n0285_003:0264a05	阿難汝甞二時眾中持鉢其間或遇酥酪醍醐名為	阿 難 汝 甞 二 時 眾 中 持 鉢 其 間 或 遇 酥 酪 醍 醐 名 為 
X13n0285_003:0264a06	上味於意云何此味為復生於空中生於舌中為生	上 味 於意云何 此 味 為 復 生 於 空 中 生 於 舌 中 為 生 
X13n0285_003:0264a07	食中阿難若復此味生於汝舌在汝口中秪有一舌	食 中 阿 難 若 復 此 味 生 於 汝 舌 在 汝 口 中 秪 有 一 舌 
X13n0285_003:0264a08	其舌爾時已成酥味遇黑石蜜應不推移若不變移	其 舌 爾 時 已 成 酥 味 遇 黑 石 蜜 應 不 推 移 若 不 變 移 
X13n0285_003:0264a09	不名知味若變移者舌非多體云何多味一舌之知	不 名 知 味 若 變 移 者 舌 非 多 體 云 何 多 味 一 舌 之 知 
X13n0285_003:0264a10	若生於食食非有識云何自知又食自知初同他食	若 生 於 食 食 非 有 識 云 何 自 知 又 食 自 知 初 同 他 食 
X13n0285_003:0264a11	何預於汝名味之知若生於空汝噉虗空當作何味	何 預 於 汝 名 味 之 知 若 生 於 空 汝 噉 虗 空 當 作 何 味 
X13n0285_003:0264a12	必其虗空若作鹹味既鹹汝舌亦鹹汝舌則此界人	必 其 虗 空 若 作 鹹 味 既 鹹 汝 舌 亦 鹹 汝 舌 則 此 界 人 
X13n0285_003:0264a13	同於海魚既常受鹹了不知淡若不識淡亦不覺鹹	同 於 海 魚 既 常 受 鹹 了 不 知 淡 若 不 識 淡 亦 不 覺 鹹 
X13n0285_003:0264a14	必無所知云何名味是故當知味舌與甞俱無處所	必 無 所 知 云 何 名 味 是故當知 味 舌 與 甞 俱 無 處 所 
X13n0285_003:0264a15	即甞與味二俱虗妄本非因緣非自然性。	即 甞 與 味 二 俱 虗 妄 本 非 因 緣 非 自 然 性 
X13n0285_003:0264a16	文皆可知惟其味處即空假中故藥王藥上悟之	文 皆 可 知 惟 其 味 處 即 空 假 中 故 藥 王 藥 上 悟 之 
X13n0285_003:0264a17	位登菩薩。五明身與觸即藏性。	位 登 菩 薩 五 明 身 與 觸 即 藏 性 
X13n0285_003:0264a18	阿難汝甞晨朝以手摩頭於意云何此摩所知誰為	阿 難 汝 甞 晨 朝 以 手 摩 頭 於意云何 此 摩 所 知 誰 為 
X13n0285_003:0264a19	能觸能為在手為復在頭若在於手頭則無知云何	能 觸 能 為 在 手 為 復 在 頭 若 在 於 手 頭 則 無 知 云 何 
X13n0285_003:0264a20	成觸若在於頭手則無用云何名觸若各各有則汝	成 觸 若 在 於 頭 手 則 無 用 云 何 名 觸 若 各 各 有 則 汝 
X13n0285_003:0264a21	阿難應有二身若頭與手一觸所生則手與頭當為	阿 難 應 有 二 身 若 頭 與 手 一 觸 所 生 則 手 與 頭 當 為 
X13n0285_003:0264a22	一體若一體者觸則無成若二體者觸誰為在在能	一 體 若 一 體 者 觸 則 無 成 若 二 體 者 觸 誰 為 在 在 能 
X13n0285_003:0264a23	非所在所非能不應虗空與汝成觸是故當知覺觸	非 所 在 所 非 能 不 應 虗 空 與 汝 成 觸 是故當知 覺 觸 
X13n0285_003:0264a24	與身俱無處所即身與觸二俱虗妄本非因緣非自	與 身 俱 無 處 所 即 身 與 觸 二 俱 虗 妄 本 非 因 緣 非 自 
X13n0285_003:0264b01	然性。	然 性 
X13n0285_003:0264b02	此之觸塵較色聲香味四塵虗妄是一相貌不同	此 之 觸 塵 較 色 聲 香 味 四 塵 虗 妄 是 一 相 貌 不 同 
X13n0285_003:0264b03	必由能知方顯所觸以其身未觸時僅名色法故	必 由 能 知 方 顯 所 觸 以 其 身 未 觸 時 僅 名 色 法 故 
X13n0285_003:0264b04	也此中第二破妄亦異常式若據常式應云此痛	也 此 中 第 二 破 妄 亦 異 常 式 若 據 常 式 應 云 此 痛 
X13n0285_003:0264b05	為復因於棒生因於身生因虗空生若因棒生棒	為 復 因 於 棒 生 因 於 身 生 因 虗 空 生 若 因 棒 生 棒 
X13n0285_003:0264b06	則自痛何預汝身若因身生何須待棒若因空生	則 自 痛 何 預 汝 身 若 因 身 生 何 須 待 棒 若 因 空 生 
X13n0285_003:0264b07	空性常恒痛應常在又空自痛身何所知又計身	空 性 常 恒 痛 應 常 在 又 空 自 痛 身 何 所 知 又 計 身 
X13n0285_003:0264b08	棒合生者以身倚棒即應有痛何須待打若離生	棒 合 生 者 以 身 倚 棒 即 應 有 痛 何 須 待 打 若 離 生 
X13n0285_003:0264b09	者離無所觸云何痛生乃至若從打生除却人手	者 離 無 所 觸 云 何 痛 生 乃 至 若 從 打 生 除 却 人 手 
X13n0285_003:0264b10	棒及虗空并汝身相打何體相打尚無體云何生	棒 及 虗 空 并 汝 身 相 打 何 體 相 打 尚 無 體 云 何 生 
X13n0285_003:0264b11	痛今不用此破法別就一身能所互奪倍為親切	痛 今 不 用 此 破 法 別 就 一 身 能 所 互 奪 倍 為 親 切 
X13n0285_003:0264b12	言誰為能觸者此以有知為能觸無知之物為所	言 誰 為 能 觸 者 此 以 有 知 為 能 觸 無 知 之 物 為 所 
X13n0285_003:0264b13	觸也故能在於手則頭便無知如木石之但為所	觸 也 故 能 在 於 手 則 頭 便 無 知 如 木 石 之 但 為 所 
X13n0285_003:0264b14	觸不復成能若能在於頭則手便無用亦如木石	觸 不 復 成 能 若 能 在 於 頭 則 手 便 無 用 亦 如 木 石 
X13n0285_003:0264b15	但為所觸不復名能若頭與手各各有一能知觸	但 為 所 觸 不 復 名 能 若 頭 與 手 各 各 有 一 能 知 觸 
X13n0285_003:0264b16	者則成二知應有二身若頭與手一觸所生猶言	者 則 成 二 知 應 有 二 身 若 頭 與 手 一 觸 所 生 猶 言 
X13n0285_003:0264b17	共一知觸之體既惟一觸則頭手無二若頭手無	共 一 知 觸 之 體 既 惟 一 觸 則 頭 手 無 二 若 頭 手 無 
X13n0285_003:0264b18	二觸便無成以二物相合方有觸故若頭與手既	二 觸 便 無 成 以 二 物 相 合 方 有 觸 故 若 頭 與 手 既 
X13n0285_003:0264b19	是二體則此觸塵畢竟安在在能則不在所在所	是 二 體 則 此 觸 塵 畢 竟 安 在 在 能 則 不 在 所 在 所 
X13n0285_003:0264b20	則不在能身中求於觸處了不可得不應虗空與	則 不 在 能 身 中 求 於 觸 處 了 不 可 得 不 應 虗 空 與 
X13n0285_003:0264b21	汝成觸也能所二句交合頭手二事若以頭為能	汝 成 觸 也 能 所 二 句 交 合 頭 手 二 事 若 以 頭 為 能 
X13n0285_003:0264b22	者觸在頭則不在手在手則不在頭若以手為能	者 觸 在 頭 則 不 在 手 在 手 則 不 在 頭 若 以 手 為 能 
X13n0285_003:0264b23	者觸在手則不在頭在頭則不在手餘文可知惟	者 觸 在 手 則 不 在 頭 在 頭 則 不 在 手 餘 文 可 知 惟 
X13n0285_003:0264b24	其觸處即空假中故跋陀婆羅悟之妙觸宣明。	其 觸 處 即 空 假 中 故 跋 陀 婆 羅 悟 之 妙 觸 宣 明 
X13n0285_003:0264c01	六明意與法即藏性。	六 明 意 與 法 即 藏 性 
X13n0285_003:0264c02	阿難汝常意中所緣善惡無記三性生成法則此法	阿 難 汝 常 意 中 所 緣 善 惡 無 記 三 性 生 成 法 則 此 法 
X13n0285_003:0264c03	為復即心所生為當離心別有方所阿難若即心者	為 復 即 心 所 生 為 當 離 心 別 有 方 所 阿 難 若 即 心 者 
X13n0285_003:0264c04	法則非塵非心所緣云何成處若離於心別有方所	法 則 非 塵 非 心 所 緣 云 何 成 處 若 離 於 心 別 有 方 所 
X13n0285_003:0264c05	則法自性為知非知知則名心異汝非塵同他心量	則 法 自 性 為 知 非 知 知 則 名 心 異 汝 非 塵 同 他 心 量 
X13n0285_003:0264c06	即汝即心云何汝心更二於汝若非知者此塵既非	即 汝 即 心 云 何 汝 心 更 二 於 汝 若 非 知 者 此 塵 既 非 
X13n0285_003:0264c07	色聲香味離合泠煖及虗空相當於何在今於色空	色 聲 香 味 離 合 泠 煖 及 虗 空 相 當 於 何 在 今 於 色 空 
X13n0285_003:0264c08	都無表示不應人間更有空外心非所緣處從誰立	都 無 表 示 不 應 人 間 更 有 空 外 心 非 所 緣 處 從 誰 立 
X13n0285_003:0264c09	是故當知法則與心俱無處所則意與法二俱虗妄	是故當知 法 則 與 心 俱 無 處 所 則 意 與 法 二 俱 虗 妄 
X13n0285_003:0264c10	本非因緣非自然性。	本 非 因 緣 非 自 然 性 
X13n0285_003:0264c11	初文云意中所緣者法名內塵秪是前五塵之生	初 文 云 意 中 所 緣 者 法 名 內 塵 秪 是 前 五 塵 之 生 
X13n0285_003:0264c12	滅影事於世諦中亦無別體故也分別法性則有	滅 影 事 於 世 諦 中 亦 無 別 體 故 也 分 別 法 性 則 有 
X13n0285_003:0264c13	三種一是善性通漏無漏人天十善色無色定名	三 種 一 是 善 性 通 漏 無 漏 人 天 十 善 色 無 色 定 名 
X13n0285_003:0264c14	有漏善四聖法界所有戒定慧等名無漏善二是	有 漏 善 四 聖 法 界 所 有 戒 定 慧 等 名 無 漏 善 二 是 
X13n0285_003:0264c15	惡性通界內外見思相應種種諸業名界內惡塵	惡 性 通 界 內 外 見 思 相 應 種 種 諸 業 名 界 內 惡 塵 
X13n0285_003:0264c16	沙無明相應種種諸業名界外惡除此二性於善	沙 無 明 相 應 種 種 諸 業 名 界 外 惡 除 此 二 性 於 善 
X13n0285_003:0264c17	惡法無可記別名無記性言生成法則者由意緣	惡 法 無 可 記 別 名 無 記 性 言 生 成 法 則 者 由 意 緣 
X13n0285_003:0264c18	善生成善法軌則由意緣惡生成惡法軌則意緣	善 生 成 善 法 軌 則 由 意 緣 惡 生 成 惡 法 軌 則 意 緣 
X13n0285_003:0264c19	無記生成無記法之軌則則亦訓法軌持為義軌	無 記 生 成 無 記 法 之 軌 則 則 亦 訓 法 軌 持 為 義 軌 
X13n0285_003:0264c20	生物解令人知是善惡無記法任持自性善惡無	生 物 解 令 人 知 是 善 惡 無 記 法 任 持 自 性 善 惡 無 
X13n0285_003:0264c21	記三法性不可改此正明因緣生法所謂一切浮	記 三 法 性 不 可 改 此 正 明 因緣生法 所 謂 一 切 浮 
X13n0285_003:0264c22	塵諸幻化相也次文總立即心離心二種難端然	塵 諸 幻 化 相 也 次 文 總 立 即 心 離 心 二 種 難 端 然 
X13n0285_003:0264c23	後別破初破此法若即心者法則不名為塵非是	後 別 破 初 破 此 法 若 即 心 者 法 則 不 名 為 塵 非 是 
X13n0285_003:0264c24	心之所緣云何成於外處次破離心別有方所再	心 之 所 緣 云 何 成 於 外 處 次 破 離 心 別 有 方 所 再 
X13n0285_003:0265a01	立二案謂法自性為有知耶非有知耶先破有知	立 二 案 謂 法 自 性 為 有 知 耶 非 有 知 耶 先 破 有 知 
X13n0285_003:0265a02	總以一句定其名義別以異汝即汝而雙破之謂	總 以 一 句 定 其 名 義 別 以 異 汝 即 汝 而 雙 破 之 謂 
X13n0285_003:0265a03	法既有知則名為心且此離心有知之法為異汝	法 既 有 知 則 名 為 心 且 此 離 心 有 知 之 法 為 異 汝 
X13n0285_003:0265a04	耶為即汝耶若異於汝則非是塵乃同他人心量	耶 為 即 汝 耶 若 異 於 汝 則 非 是 塵 乃 同 他 人 心 量 
X13n0285_003:0265a05	若即是汝則即汝心云何汝心更二於汝而曰離	若 即 是 汝 則 即 汝 心 云 何 汝 心 更 二 於 汝 而 曰 離 
X13n0285_003:0265a06	心別有方所此破離心有知已竟次破離心法塵	心 別 有 方 所 此 破 離 心 有 知 已 竟 次 破 離 心 法 塵 
X13n0285_003:0265a07	若無知者既非前五塵及虗空相更有何物名為	若 無 知 者 既 非 前 五 塵 及 虗 空 相 更 有 何 物 名 為 
X13n0285_003:0265a08	法塵今於五塵虗空都無表示不應更在虗空之	法 塵 今 於 五 塵 虗 空 都 無 表 示 不 應 更 在 虗 空 之 
X13n0285_003:0265a09	外空非有外義決不成設許空外則亦非心所緣	外 空 非 有 外 義 決 不 成 設 許 空 外 則 亦 非 心 所 緣 
X13n0285_003:0265a10	境界而不可立為處矣餘文可知惟其法處即空	境 界 而 不 可 立 為 處 矣 餘 文 可 知 惟 其 法 處 即 空 
X13n0285_003:0265a11	假中故摩訶迦葉悟之妙法開明銷滅諸漏。四	假 中 故 摩 訶 迦 葉 悟 之 妙 法 開 明 銷 滅 諸 漏 四 
X13n0285_003:0265a12	明十八界性二初總徵二別釋。今初。	明 十 八 界 性 二 初 總 徵 二 別 釋 今 初 
X13n0285_003:0265a13	復次阿難云何十八界本如來藏妙真如性。	復 次 阿 難 云 何 十 八 界 本 如 來 藏 妙 真 如 性 
X13n0285_003:0265a14	界者因義根塵為緣而生於識說名為界又種族	界 者 因 義 根 塵 為 緣 而 生 於 識 說 名 為 界 又 種 族 
X13n0285_003:0265a15	義根塵識三各有種子各為族類又界限義內根	義 根 塵 識 三 各 有 種 子 各 為 族 類 又 界 限 義 內 根 
X13n0285_003:0265a16	外塵中間名識此中正意惟破界妄而顯識性以	外 塵 中 間 名 識 此 中 正 意 惟 破 界 妄 而 顯 識 性 以 
X13n0285_003:0265a17	根塵二種先已破顯故也十法界染淨諸識俱無	根 塵 二 種 先 已 破 顯 故 也 十 法 界 染 淨 諸 識 俱 無 
X13n0285_003:0265a18	實界可得一一即空假中故云本藏性也。二別	實 界 可 得 一 一 即 空 假 中 故 云 本 藏 性 也 二 別 
X13n0285_003:0265a19	釋六初明眼識界即藏性(至)六明意識界即藏性。	釋 六 初 明 眼 識 界 即 藏 性 至 六 明 意 識 界 即 藏 性 
X13n0285_003:0265a20	今初。	今 初 
X13n0285_003:0265a21	阿難如汝所明眼色為緣生於眼識此識為復因眼	阿 難 如 汝 所 明 眼 色 為 緣 生 於 眼 識 此 識 為 復 因 眼 
X13n0285_003:0265a22	所生以眼為界因色所生以色為界阿難若因眼生	所 生 以 眼 為 界 因 色 所 生 以 色 為 界 阿 難 若 因 眼 生 
X13n0285_003:0265a23	既無色空無可分別縱有汝識欲將何用汝見又非	既 無 色 空 無 可 分 別 縱 有 汝 識 欲 將 何 用 汝 見 又 非 
X13n0285_003:0265a24	青黃赤白無所表示從何立界若因色生空無色時	青 黃 赤 白 無 所 表 示 從 何 立 界 若 因 色 生 空 無 色 時 
X13n0285_003:0265b01	汝識應滅云何識知是虗空性若色變時汝亦識其	汝 識 應 滅 云 何 識 知 是 虗 空 性 若 色 變 時 汝 亦 識 其 
X13n0285_003:0265b02	色相遷變汝識不遷界從何立從變則變界相自無	色 相 遷 變 汝 識 不 遷 界 從 何 立 從 變 則 變 界 相 自 無 
X13n0285_003:0265b03	不變則恒既從色生應不識知虗空所在若兼二種	不 變 則 恒 既 從 色 生 應 不 識 知 虗 空 所 在 若 兼 二 種 
X13n0285_003:0265b04	眼色共生合則中離離則兩合體性雜亂云何成界	眼 色 共 生 合 則 中 離 離 則 兩 合 體 性 雜 亂 云 何 成 界 
X13n0285_003:0265b05	是故當知眼色為緣生眼識界三處都無則眼與色	是故當知 眼 色 為 緣 生 眼 識 界 三 處 都 無 則 眼 與 色 
X13n0285_003:0265b06	及色界三本非因緣非自然性。	及 色 界 三 本 非 因 緣 非 自 然 性 
X13n0285_003:0265b07	此中諸文准上亦各四節從初至生於眼識即舉	此 中 諸 文 准 上 亦 各 四 節 從 初 至 生 於 眼 識 即 舉 
X13n0285_003:0265b08	正因緣境次從此識為復至云何成界明其即空	正 因 緣 境 次 從 此 識 為 復 至 云 何 成 界 明 其 即 空 
X13n0285_003:0265b09	三從是故當知至三處都無明其惟是假名四則	三 從 是故當知 至 三 處 都 無 明 其 惟 是 假 名 四 則 
X13n0285_003:0265b10	眼與色至終明其即中以對總示文義如前可知	眼 與 色 至 終 明 其 即 中 以 對 總 示 文 義 如 前 可 知 
X13n0285_003:0265b11	初文言如汝所明者與即是奪以此因緣生法義	初 文 言 如 汝 所 明 者 與 即 是 奪 以 此 因緣生法 義 
X13n0285_003:0265b12	關四教阿難所明不過是藏教中法有我無意耳	關 四 教 阿 難 所 明 不 過 是 藏 教 中 法 有 我 無 意 耳 
X13n0285_003:0265b13	尚不知因緣即空況假中耶下文乃正破其法執	尚 不 知 因 緣 即 空 況 假 中 耶 下 文 乃 正 破 其 法 執 
X13n0285_003:0265b14	而會歸藏性也次文徵中但立眼生色生二案破	而 會 歸 藏 性 也 次 文 徵 中 但 立 眼 生 色 生 二 案 破 
X13n0285_003:0265b15	中兼破共生初破眼生可知次破色生者若汝識	中 兼 破 共 生 初 破 眼 生 可 知 次 破 色 生 者 若 汝 識 
X13n0285_003:0265b16	因色生則空無色時汝識應隨色滅汝識既滅云	因 色 生 則 空 無 色 時 汝 識 應 隨 色 滅 汝 識 既 滅 云 
X13n0285_003:0265b17	何識知是虗空性若色變時汝亦識其色相遷變	何 識 知 是 虗 空 性 若 色 變 時 汝 亦 識 其 色 相 遷 變 
X13n0285_003:0265b18	則色自變而汝識不變界從何立若謂識從色變	則 色 自 變 而 汝 識 不 變 界 從 何 立 若 謂 識 從 色 變 
X13n0285_003:0265b19	則識已受變界相自無若識從色生而又不變則	則 識 已 受 變 界 相 自 無 若 識 從 色 生 而 又 不 變 則 
X13n0285_003:0265b20	恒應識色應不識知虗空所在矣次破共生者若	恒 應 識 色 應 不 識 知 虗 空 所 在 矣 次 破 共 生 者 若 
X13n0285_003:0265b21	識是眼色二種之所共生則果必宜似因一分從	識 是 眼 色 二 種 之 所 共 生 則 果 必 宜 似 因 一 分 從 
X13n0285_003:0265b22	眼生者則是有知一分從色生者則應無知故眼	眼 生 者 則 是 有 知 一 分 從 色 生 者 則 應 無 知 故 眼 
X13n0285_003:0265b23	色合時汝識乃一分有知一分無知而中離正當	色 合 時 汝 識 乃 一 分 有 知 一 分 無 知 而 中 離 正 當 
X13n0285_003:0265b24	眼色離時汝識當一分歸眼一分歸色而兩合如	眼 色 離 時 汝 識 當 一 分 歸 眼 一 分 歸 色 而 兩 合 如 
X13n0285_003:0265c01	此則體性雜亂云何成界耶當知眼識無生明矣	此 則 體 性 雜 亂 云 何 成 界 耶 當 知 眼 識 無 生 明 矣 
X13n0285_003:0265c02	第三文中意顯九界眼識及佛界成所作智皆是	第 三 文 中 意 顯 九 界 眼 識 及 佛 界 成所作智 皆 是 
X13n0285_003:0265c03	不變隨緣假說為界實則十法界之三處都無體	不 變 隨 緣 假 說 為 界 實 則 十 法 界 之 三 處 都 無 體 
X13n0285_003:0265c04	性不過假名而已第四文中結顯眼色識三一一	性 不 過 假 名 而 已 第 四 文 中 結 顯 眼 色 識 三 一 一 
X13n0285_003:0265c05	本是隨緣不變不變隨緣之藏性也惟其眼識即	本 是 隨 緣 不 變 不 變 隨 緣 之 藏 性 也 惟 其 眼 識 即 
X13n0285_003:0265c06	空假中故舍利弗悟之心見發光光極知見。二	空 假 中 故 舍 利 弗 悟 之 心 見 發 光 光 極 知 見 二 
X13n0285_003:0265c07	明耳識界即藏性。	明 耳 識 界 即 藏 性 
X13n0285_003:0265c08	阿難又汝所明耳聲為緣生於耳識此識為復因耳	阿 難 又 汝 所 明 耳 聲 為 緣 生 於 耳 識 此 識 為 復 因 耳 
X13n0285_003:0265c09	所生以耳為界因聲所生以聲為界阿難若因(勝義)耳	所 生 以 耳 為 界 因 聲 所 生 以 聲 為 界 阿 難 若 因 勝 義 耳 
X13n0285_003:0265c10	生動靜二相既不現前根不成知必無所知知尚無	生 動 靜 二 相 既 不 現 前 根 不 成 知 必 無 所 知 知 尚 無 
X13n0285_003:0265c11	成識何形貌若取耳(形能)聞無動靜故聞無所成云何	成 識 何 形 貌 若 取 耳 形 能 聞 無 動 靜 故 聞 無 所 成 云 何 
X13n0285_003:0265c12	耳形雜色觸塵名為識界則耳識界復從誰立若生	耳 形 雜 色 觸 塵 名 為 識 界 則 耳 識 界 復 從 誰 立 若 生 
X13n0285_003:0265c13	於聲識因聲有則不關聞無聞則亡聲相所在識從	於 聲 識 因 聲 有 則 不 關 聞 無 聞 則 亡 聲 相 所 在 識 從 
X13n0285_003:0265c14	聲生許聲因聞而有聲相聞應聞識不聞非界聞則	聲 生 許 聲 因 聞 而 有 聲 相 聞 應 聞 識 不 聞 非 界 聞 則 
X13n0285_003:0265c15	同聲識已被聞誰知聞識若無知者終如草木不應	同 聲 識 已 被 聞 誰 知 聞 識 若 無 知 者 終 如 草 木 不 應 
X13n0285_003:0265c16	聲聞雜成中界界無中位則內外相復從何成是故	聲 聞 雜 成 中 界 界 無 中 位 則 內 外 相 復 從 何 成 是 故 
X13n0285_003:0265c17	當知耳聲為緣生耳識界三處都無則耳與聲及聲	當 知 耳 聲 為 緣 生 耳 識 界 三 處 都 無 則 耳 與 聲 及 聲 
X13n0285_003:0265c18	界三本非因緣非自然性。	界 三 本 非 因 緣 非 自 然 性 
X13n0285_003:0265c19	次文徵中亦但立耳生聲生二案破中兼破共生	次 文 徵 中 亦 但 立 耳 生 聲 生 二 案 破 中 兼 破 共 生 
X13n0285_003:0265c20	初破耳生又二一破勝義耳生文相易知二破浮	初 破 耳 生 又 二 一 破 勝 義 耳 生 文 相 易 知 二 破 浮 
X13n0285_003:0265c21	塵耳生故云若取耳形為能聞者既無動靜聞無	塵 耳 生 故 云 若 取 耳 形 為 能 聞 者 既 無 動 靜 聞 無 
X13n0285_003:0265c22	所成豈可使此耳形對於色塵觸塵而為識界耶	所 成 豈 可 使 此 耳 形 對 於 色 塵 觸 塵 而 為 識 界 耶 
X13n0285_003:0265c23	蓋耳形決定不能見色又知觸者即屬身根故也	蓋 耳 形 決 定 不 能 見 色 又 知 觸 者 即 屬 身 根 故 也 
X13n0285_003:0265c24	次破聲生又二先直破云則不關聞然無聞則亡	次 破 聲 生 又 二 先 直 破 云 則 不 關 聞 然 無 聞 則 亡 
X13n0285_003:0266a01	聲相所在次破轉計云若謂識雖從聲而生原許	聲 相 所 在 次 破 轉 計 云 若 謂 識 雖 從 聲 而 生 原 許 
X13n0285_003:0266a02	此聲因於聞根而有聲相則聞聲時亦應聞其所	此 聲 因 於 聞 根 而 有 聲 相 則 聞 聲 時 亦 應 聞 其 所 
X13n0285_003:0266a03	生之識若不聞識則識非從聲生故非以聲為界	生 之 識 若 不 聞 識 則 識 非 從 聲 生 故 非 以 聲 為 界 
X13n0285_003:0266a04	若許聞識則識便同於聲識已被聞又誰為知聞	若 許 聞 識 則 識 便 同 於 聲 識 已 被 聞 又 誰 為 知 聞 
X13n0285_003:0266a05	識者若更無知聞識者則終如草木無知又不可	識 者 若 更 無 知 聞 識 者 則 終 如 草 木 無 知 又 不 可 
X13n0285_003:0266a06	矣次破共生云又不應聲塵聞根雜成中界謂半	矣 次 破 共 生 云 又 不 應 聲 塵 聞 根 雜 成 中 界 謂 半 
X13n0285_003:0266a07	是根生半是塵生則有知無知體性雜亂界相自	是 根 生 半 是 塵 生 則 有 知 無 知 體 性 雜 亂 界 相 自 
X13n0285_003:0266a08	不成也中位既無內外安有無生之理昭然明白	不 成 也 中 位 既 無 內 外 安 有 無 生 之 理 昭 然 明 白 
X13n0285_003:0266a09	餘文可知惟其耳識即空假中故普賢菩薩悟之	餘 文 可 知 惟 其 耳 識 即 空 假 中 故 普 賢 菩 薩 悟 之 
X13n0285_003:0266a10	心聞發明分別自在。三明鼻識界即藏性。	心 聞 發 明 分 別 自 在 三 明 鼻 識 界 即 藏 性 
X13n0285_003:0266a11	阿難又汝所明鼻香為緣生於鼻識此識為復因鼻	阿 難 又 汝 所 明 鼻 香 為 緣 生 於 鼻 識 此 識 為 復 因 鼻 
X13n0285_003:0266a12	所生以鼻為界因香所生以香為界阿難若因鼻生	所 生 以 鼻 為 界 因 香 所 生 以 香 為 界 阿 難 若 因 鼻 生 
X13n0285_003:0266a13	則汝心中以何為鼻為取肉形雙爪之相為取齅知	則 汝 心 中 以 何 為 鼻 為 取 肉 形 雙 爪 之 相 為 取 齅 知 
X13n0285_003:0266a14	動搖之性若取肉形肉質乃身身知即觸名身非鼻	動 搖 之 性 若 取 肉 形 肉 質 乃 身 身 知 即 觸 名 身 非 鼻 
X13n0285_003:0266a15	名觸即塵鼻尚無名云何立界若取齅知又汝心中	名 觸 即 塵 鼻 尚 無 名 云 何 立 界 若 取 齅 知 又 汝 心 中 
X13n0285_003:0266a16	以何為知以肉為知則肉之知元觸非鼻以空為知	以 何 為 知 以 肉 為 知 則 肉 之 知 元 觸 非 鼻 以 空 為 知 
X13n0285_003:0266a17	空則自知肉應非覺如是則應虗空是汝汝身非知	空 則 自 知 肉 應 非 覺 如 是 則 應 虗 空 是 汝 汝 身 非 知 
X13n0285_003:0266a18	今日阿難應無所在以香為知知自屬香何預於汝	今 日 阿 難 應 無 所 在 以 香 為 知 知 自 屬 香 何 預 於 汝 
X13n0285_003:0266a19	若香臭氣必生汝鼻則彼香臭二種流氣不生伊蘭	若 香 臭 氣 必 生 汝 鼻 則 彼 香 臭 二 種 流 氣 不 生 伊 蘭 
X13n0285_003:0266a20	及旃檀木二物不來汝自齅鼻為香為臭臭則非香	及 旃 檀 木 二 物 不 來 汝 自 齅 鼻 為 香 為 臭 臭 則 非 香 
X13n0285_003:0266a21	香應非臭若香臭二俱能聞者則汝一人應有兩鼻	香 應 非 臭 若 香 臭 二 俱 能 聞 者 則 汝 一 人 應 有 兩 鼻 
X13n0285_003:0266a22	對我問道有二阿難誰為汝體若鼻是一香臭無二	對 我 問 道 有 二 阿 難 誰 為 汝 體 若 鼻 是 一 香 臭 無 二 
X13n0285_003:0266a23	臭既為香香復成臭二性不有界從誰立若因香生	臭 既 為 香 香 復 成 臭 二 性 不 有 界 從 誰 立 若 因 香 生 
X13n0285_003:0266a24	識因香有如眼有見不能觀眼因香有故應不知香	識 因 香 有 如 眼 有 見 不 能 觀 眼 因 香 有 故 應 不 知 香 
X13n0285_003:0266b01	知即非生不知非識香非知有香界不成識不知香	知 即 非 生 不 知 非 識 香 非 知 有 香 界 不 成 識 不 知 香 
X13n0285_003:0266b02	因界則非從香建立既無中間不成內外彼諸聞性	因 界 則 非 從 香 建 立 既 無 中 間 不 成 內 外 彼 諸 聞 性 
X13n0285_003:0266b03	畢竟虗妄是故當知鼻香為緣生鼻識界三處都無	畢 竟 虗 妄 是故當知 鼻 香 為 緣 生 鼻 識 界 三 處 都 無 
X13n0285_003:0266b04	則鼻與香及香界三本非因緣非自然性。	則 鼻 與 香 及 香 界 三 本 非 因 緣 非 自 然 性 
X13n0285_003:0266b05	次文破鼻生中又以浮塵勝義二根並徵先破浮	次 文 破 鼻 生 中 又 以 浮 塵 勝 義 二 根 並 徵 先 破 浮 
X13n0285_003:0266b06	塵根可知次破勝義根中又以肉以空以香為勝	塵 根 可 知 次 破 勝 義 根 中 又 以 肉 以 空 以 香 為 勝 
X13n0285_003:0266b07	義所托之處一一破之勝義根尚不可得況因根	義 所 托 之 處 一 一 破 之 勝 義 根 尚 不 可 得 況 因 根 
X13n0285_003:0266b08	所生識耶若因香生以下方破識從香生謂識因	所 生 識 耶 若 因 香 生 以 下 方 破 識 從 香 生 謂 識 因 
X13n0285_003:0266b09	香有不應知香如眼有見不能觀眼若能知香即	香 有 不 應 知 香 如 眼 有 見 不 能 觀 眼 若 能 知 香 即 
X13n0285_003:0266b10	非香生若不知香又非鼻識且香塵若非識知其	非 香 生 若 不 知 香 又 非 鼻 識 且 香 塵 若 非 識 知 其 
X13n0285_003:0266b11	有則香界便自不成鼻識若不知香則因界斷非	有 則 香 界 便 自 不 成 鼻 識 若 不 知 香 則 因 界 斷 非 
X13n0285_003:0266b12	從香建立既無中間之識亦不成內外根塵畢竟	從 香 建 立 既 無 中 間 之 識 亦 不 成 內 外 根 塵 畢 竟 
X13n0285_003:0266b13	虗妄足顯無生矣餘文可知惟其鼻識即空假中	虗 妄 足 顯 無 生 矣 餘 文 可 知 惟 其 鼻 識 即 空 假 中 
X13n0285_003:0266b14	故孫陀羅難陀悟之明圓滅漏。四明舌識界即	故 孫 陀 羅 難 陀 悟 之 明 圓 滅 漏 四 明 舌 識 界 即 
X13n0285_003:0266b15	藏性。	藏 性 
X13n0285_003:0266b16	阿難又汝所明舌味為緣生於舌識此識為復因舌	阿 難 又 汝 所 明 舌 味 為 緣 生 於 舌 識 此 識 為 復 因 舌 
X13n0285_003:0266b17	所生以舌為界因味所生以味為界阿難若因舌生	所 生 以 舌 為 界 因 味 所 生 以 味 為 界 阿 難 若 因 舌 生 
X13n0285_003:0266b18	則諸世間甘蔗烏梅黃連石鹽細辛薑桂都無有味	則 諸 世 間 甘 蔗 烏 梅 黃 連 石 鹽 細 辛 薑 桂 都 無 有 味 
X13n0285_003:0266b19	汝自甞舌為甜為苦若舌性苦誰來甞舌舌不自甞	汝 自 甞 舌 為 甜 為 苦 若 舌 性 苦 誰 來 甞 舌 舌 不 自 甞 
X13n0285_003:0266b20	孰為知覺舌性非苦味自不生云何立界若因味生	孰 為 知 覺 舌 性 非 苦 味 自 不 生 云 何 立 界 若 因 味 生 
X13n0285_003:0266b21	識自為味同於舌根應不自甞云何識知是味非味	識 自 為 味 同 於 舌 根 應 不 自 甞 云 何 識 知 是 味 非 味 
X13n0285_003:0266b22	又一切味非一物生味既多生識應多體識體若一	又 一 切 味 非 一 物 生 味 既 多 生 識 應 多 體 識 體 若 一 
X13n0285_003:0266b23	體必味生鹹淡甘辛和合俱生諸變異相同為一味	體 必 味 生 鹹 淡 甘 辛 和 合 俱 生 諸 變 異 相 同 為 一 味 
X13n0285_003:0266b24	應無分別分別既無則不名識云何復名舌味識界	應 無 分 別 分 別 既 無 則 不 名 識 云 何 復 名 舌 味 識 界 
X13n0285_003:0266c01	不應虗空生汝心識舌味和合即於是中元無自性	不 應 虗 空 生 汝 心 識 舌 味 和 合 即 於 是 中 元 無 自 性 
X13n0285_003:0266c02	云何界生是故當知舌味為緣生舌識界三處都無	云 何 界 生 是故當知 舌 味 為 緣 生 舌 識 界 三 處 都 無 
X13n0285_003:0266c03	則舌與味及舌界三本非因緣非自然性。	則 舌 與 味 及 舌 界 三 本 非 因 緣 非 自 然 性 
X13n0285_003:0266c04	次文徵中亦惟二案破中兼破無因生及共生先	次 文 徵 中 亦 惟 二 案 破 中 兼 破 無 因 生 及 共 生 先 
X13n0285_003:0266c05	破舌生文相易知次破味生又為三意一者若從	破 舌 生 文 相 易 知 次 破 味 生 又 為 三 意 一 者 若 從 
X13n0285_003:0266c06	味生不應知味譬如舌不甞舌二者以能生例所	味 生 不 應 知 味 譬 如 舌 不 甞 舌 二 者 以 能 生 例 所 
X13n0285_003:0266c07	生能生之物既多所生之識亦應多體如多父不	生 能 生 之 物 既 多 所 生 之 識 亦 應 多 體 如 多 父 不 
X13n0285_003:0266c08	應共生一子三者以所生例能生識既味生而體	應 共 生 一 子 三 者 以 所 生 例 能 生 識 既 味 生 而 體 
X13n0285_003:0266c09	是一則能生之味亦應是一如一子決無多父則	是 一 則 能 生 之 味 亦 應 是 一 如 一 子 決 無 多 父 則 
X13n0285_003:0266c10	何者為鹹何者為淡何者為甘為辛何者為諸味	何 者 為 鹹 何 者 為 淡 何 者 為 甘 為 辛 何 者 為 諸 味 
X13n0285_003:0266c11	和合相何者為諸味俱生相何者為諸味變異相	和 合 相 何 者 為 諸 味 俱 生 相 何 者 為 諸 味 變 異 相 
X13n0285_003:0266c12	皆無分別既無分別又不名舌識矣次不應虗空	皆 無 分 別 既 無 分 別 又 不 名 舌 識 矣 次 不 應 虗 空 
X13n0285_003:0266c13	生汝心識一句破無因生空生即無因也次舌味	生 汝 心 識 一 句 破 無 因 生 空 生 即 無 因 也 次 舌 味 
X13n0285_003:0266c14	和合即於是中元無自性云何界生破共生也蓋	和 合 即 於 是 中 元 無 自 性 云 何 界 生 破 共 生 也 蓋 
X13n0285_003:0266c15	使舌味和合而生於識則半屬有知半屬無知體	使 舌 味 和 合 而 生 於 識 則 半 屬 有 知 半 屬 無 知 體 
X13n0285_003:0266c16	性紛雜不成中界矣餘文可知惟其舌識即空假	性 紛 雜 不 成 中 界 矣 餘 文 可 知 惟 其 舌 識 即 空 假 
X13n0285_003:0266c17	中故滿慈悟之能以法音降伏魔怨消滅諸漏。	中 故 滿 慈 悟 之 能 以 法 音 降伏魔怨 消 滅 諸 漏 
X13n0285_003:0266c18	五明身識界即藏性。	五 明 身 識 界 即 藏 性 
X13n0285_003:0266c19	阿難又汝所明身觸為緣生於身識此識為復因身	阿 難 又 汝 所 明 身 觸 為 緣 生 於 身 識 此 識 為 復 因 身 
X13n0285_003:0266c20	所生以身為界因觸所生以觸為界阿難若因身生	所 生 以 身 為 界 因 觸 所 生 以 觸 為 界 阿 難 若 因 身 生 
X13n0285_003:0266c21	必無合離二(種)覺觀(之)緣身何所識若因觸生必無	必 無 合 離 二 種 覺 觀 之 緣 身 何 所 識 若 因 觸 生 必 無 
X13n0285_003:0266c22	汝身誰有非身知合離者阿難物不觸知身知有觸	汝 身 誰 有 非 身 知 合 離 者 阿 難 物 不 觸 知 身 知 有 觸 
X13n0285_003:0266c23	知身即觸知觸即身即觸非身即身非觸身觸二相	知 身 即 觸 知 觸 即 身 即 觸 非 身 即 身 非 觸 身 觸 二 相 
X13n0285_003:0266c24	元無處所合身即為身自體性離身即是虗空等相	元 無 處 所 合 身 即 為 身 自 體 性 離 身 即 是 虗 空 等 相 
X13n0285_003:0267a01	內外不成中云何立中不復立內外性空則汝識生	內 外 不 成 中 云 何 立 中 不 復 立 內 外 性 空 則 汝 識 生 
X13n0285_003:0267a02	從誰立界是故當知身觸為緣生身識界三處都無	從 誰 立 界 是故當知 身 觸 為 緣 生 身 識 界 三 處 都 無 
X13n0285_003:0267a03	則身與觸及身界三本非因緣非自然性。	則 身 與 觸 及 身 界 三 本 非 因 緣 非 自 然 性 
X13n0285_003:0267a04	次文直破身生觸生文皆可知從阿難物不觸知	次 文 直 破 身 生 觸 生 文 皆 可 知 從 阿 難 物 不 觸 知 
X13n0285_003:0267a05	以下更將身觸合辨明其無性即破共生意也言	以 下 更 將 身 觸 合 辨 明 其 無 性 即 破 共 生 意 也 言 
X13n0285_003:0267a06	外物本不觸汝之知但汝身知有物觸耳然知於	外 物 本 不 觸 汝 之 知 但 汝 身 知 有 物 觸 耳 然 知 於 
X13n0285_003:0267a07	身者即是觸塵知觸塵者即是身根若以為即是	身 者 即 是 觸 塵 知 觸 塵 者 即 是 身 根 若 以 為 即 是 
X13n0285_003:0267a08	觸塵便非可名為身根若以為即是身根便非可	觸 塵 便 非 可 名 為 身 根 若 以 為 即 是 身 根 便 非 可 
X13n0285_003:0267a09	名為觸塵是則身觸二相元無內外處所可得也	名 為 觸 塵 是 則 身 觸 二 相 元 無 內 外 處 所 可 得 也 
X13n0285_003:0267a10	又若謂觸實合身即為身自體性別無觸位若謂	又 若 謂 觸 實 合 身 即 為 身 自 體 性 別 無 觸 位 若 謂 
X13n0285_003:0267a11	觸若離身即是虗空等相又無觸用內外二界尚	觸 若 離 身 即 是 虗 空 等 相 又 無 觸 用 內 外 二 界 尚 
X13n0285_003:0267a12	自不成中間識界復云何立中既不可復立內外	自 不 成 中 間 識 界 復 云 何 立 中 既 不 可 復 立 內 外 
X13n0285_003:0267a13	之性亦空豈非因緣即空之明證乎餘文可知惟	之 性 亦 空 豈 非 因 緣 即 空 之 明 證 乎 餘 文 可 知 惟 
X13n0285_003:0267a14	其身識即空假中故優波離悟之身心一切通利。	其 身 識 即 空 假 中 故 優 波 離 悟 之 身 心 一 切 通 利 
X13n0285_003:0267a15	六明意識界即藏性。	六 明 意 識 界 即 藏 性 
X13n0285_003:0267a16	阿難又汝所明意法為緣生於意識此識為復因意	阿 難 又 汝 所 明 意 法 為 緣 生 於 意 識 此 識 為 復 因 意 
X13n0285_003:0267a17	所生以意為界因法所生以法為界阿難若因意生	所 生 以 意 為 界 因 法 所 生 以 法 為 界 阿 難 若 因 意 生 
X13n0285_003:0267a18	於汝意中必有所思發明汝意若無前法意無所生	於 汝 意 中 必 有 所 思 發 明 汝 意 若 無 前 法 意 無 所 生 
X13n0285_003:0267a19	離緣無形識將何用又汝識心與諸思量兼了別性	離 緣 無 形 識 將 何 用 又 汝 識 心 與 諸 思 量 兼 了 別 性 
X13n0285_003:0267a20	為同為異同意即意云何所生異意不同應無所識	為 同 為 異 同 意 即 意 云 何 所 生 異 意 不 同 應 無 所 識 
X13n0285_003:0267a21	若無所識云何意生若有所識云何識意唯同與異	若 無 所 識 云 何 意 生 若 有 所 識 云 何 識 意 唯 同 與 異 
X13n0285_003:0267a22	二性無成界云何立若因法生世間諸法不離五塵	二 性 無 成 界 云 何 立 若 因 法 生 世 間 諸 法 不 離 五 塵 
X13n0285_003:0267a23	汝觀色法及諸聲法香法味法及與觸法相狀分明	汝 觀 色 法 及 諸 聲 法 香 法 味 法 及 與 觸 法 相 狀 分 明 
X13n0285_003:0267a24	以對五根非意所攝汝識決定依於法生今汝諦觀	以 對 五 根 非 意 所 攝 汝 識 決 定 依 於 法 生 今 汝 諦 觀 
X13n0285_003:0267b01	法法何狀若離色空動靜通塞合離生滅越此諸相	法 法 何 狀 若 離 色 空 動 靜 通 塞 合 離 生 滅 越 此 諸 相 
X13n0285_003:0267b02	終無所得生則色空諸法等生滅則色空諸法等滅	終 無 所 得 生 則 色 空 諸 法 等 生 滅 則 色 空 諸 法 等 滅 
X13n0285_003:0267b03	所因既無因生有識作何形相相狀不有界云何生	所 因 既 無 因 生 有 識 作 何 形 相 相 狀 不 有 界 云 何 生 
X13n0285_003:0267b04	是故當知意法為緣生意識界三處都無則意與法	是故當知 意 法 為 緣 生 意 識 界 三 處 都 無 則 意 與 法 
X13n0285_003:0267b05	及意界三本非因緣非自然性。	及 意 界 三 本 非 因 緣 非 自 然 性 
X13n0285_003:0267b06	次文雙徵雙破先破因意生中復為二義初約單	次 文 雙 徵 雙 破 先 破 因 意 生 中 復 為 二 義 初 約 單 
X13n0285_003:0267b07	意不生破次約同異俱非破初破云若因意生則	意 不 生 破 次 約 同 異 俱 非 破 初 破 云 若 因 意 生 則 
X13n0285_003:0267b08	於汝意之中必須有所思量乃可發明汝意若一	於 汝 意 之 中 必 須 有 所 思 量 乃 可 發 明 汝 意 若 一 
X13n0285_003:0267b09	總都無前法則意根便無所生離彼法緣意根尚	總 都 無 前 法 則 意 根 便 無 所 生 離 彼 法 緣 意 根 尚 
X13n0285_003:0267b10	無形相意識又將何用次破云又汝第六識心設	無 形 相 意 識 又 將 何 用 次 破 云 又 汝 第 六 識 心 設 
X13n0285_003:0267b11	是因意根生則與第七思量兼第八了別之性為	是 因 意 根 生 則 與 第 七 思 量 兼 第 八 了 別 之 性 為 
X13n0285_003:0267b12	同為異識若同於意根便即是意云何是意所生	同 為 異 識 若 同 於 意 根 便 即 是 意 云 何 是 意 所 生 
X13n0285_003:0267b13	識若異於意根則不同意之有知應即無所識別	識 若 異 於 意 根 則 不 同 意 之 有 知 應 即 無 所 識 別 
X13n0285_003:0267b14	若無所識云何名為意根所生若有所識既無法	若 無 所 識 云 何 名 為 意 根 所 生 若 有 所 識 既 無 法 
X13n0285_003:0267b15	塵可識云何但自識其意根由此言之同異二性	塵 可 識 云 何 但 自 識 其 意 根 由 此 言 之 同 異 二 性 
X13n0285_003:0267b16	皆不能成從何而立界耶問曰識心應指第八今	皆 不 能 成 從 何 而 立 界 耶 問 曰 識 心 應 指 第 八 今 
X13n0285_003:0267b17	何反作第六了別應指第六今何反作第八答曰	何 反 作 第 六 了 別 應 指 第 六 今 何 反 作 第 八 答 曰 
X13n0285_003:0267b18	以名定義萬無一得以義定名萬無一失今之文	以 名 定 義 萬 無 一 得 以 義 定 名 萬 無 一 失 今 之 文 
X13n0285_003:0267b19	義須如此釋不可泥字而昧理也且八識名字有	義 須 如 此 釋 不 可 泥 字 而 昧 理 也 且 八 識 名 字 有 
X13n0285_003:0267b20	通有別別則前六名識能了境故第七名意恒審	通 有 別 別 則 前 六 名 識 能 了 境 故 第 七 名 意 恒 審 
X13n0285_003:0267b21	思量故第八名心諸法集起故通則八皆名識稱	思 量 故 第 八 名 心 諸 法 集 起 故 通 則 八 皆 名 識 稱 
X13n0285_003:0267b22	為八識故八皆名意皆有思量性故八皆名心是	為 八 識 故 八 皆 名 意 皆 有 思 量 性 故 八 皆 名 心 是 
X13n0285_003:0267b23	心王故今識心二字重在識字故指第六了別性	心 王 故 今 識 心 二 字 重 在 識 字 故 指 第 六 了 別 性 
X13n0285_003:0267b24	三字重在性字故是第八思量正指意根此是可	三 字 重 在 性 字 故 是 第 八 思 量 正 指 意 根 此 是 可 
X13n0285_003:0267c01	知由第七第八無始恒相依倚故以兼字顯之此	知 由 第 七 第 八 無 始 恒 相 依 倚 故 以 兼 字 顯 之 此 
X13n0285_003:0267c02	正問所生識心與能生意根是同是異則文理俱	正 問 所 生 識 心 與 能 生 意 根 是 同 是 異 則 文 理 俱 
X13n0285_003:0267c03	順矣二破法生中直明法無自體何能生識蓋五	順 矣 二 破 法 生 中 直 明 法 無 自 體 何 能 生 識 蓋 五 
X13n0285_003:0267c04	塵相貌俱可指陳唯有法塵不過即是五塵生滅	塵 相 貌 俱 可 指 陳 唯 有 法 塵 不 過 即 是 五 塵 生 滅 
X13n0285_003:0267c05	影子別無自體故今徵云汝且諦觀法塵之法作	影 子 別 無 自 體 故 今 徵 云 汝 且 諦 觀 法 塵 之 法 作 
X13n0285_003:0267c06	何形狀若離色空動靜通塞合離等法之生滅則	何 形 狀 若 離 色 空 動 靜 通 塞 合 離 等 法 之 生 滅 則 
X13n0285_003:0267c07	法塵終無所得生不過是色空諸法等生滅不過	法 塵 終 無 所 得 生 不 過 是 色 空 諸 法 等 生 滅 不 過 
X13n0285_003:0267c08	是色空諸法等滅何處更有法塵自體相耶所因	是 色 空 諸 法 等 滅 何 處 更 有 法 塵 自 體 相 耶 所 因 
X13n0285_003:0267c09	之法塵既無則因法塵生所有之識作何形相其	之 法 塵 既 無 則 因 法 塵 生 所 有 之 識 作 何 形 相 其 
X13n0285_003:0267c10	故大目犍連悟之心光發宣圓明清淨自在無畏	故 大 目 犍 連 悟 之 心 光 發 宣 圓 明 清 淨 自 在 無 畏 
X13n0285_003:0267c11	也從初卷佛告阿難汝我同氣至此是如來答示	也 從 初 卷 佛 告 阿 難 汝 我 同 氣 至 此 是 如 來 答 示 
X13n0285_003:0267c12	文中就事以顯理竟。二明性本具相為三初當	文 中 就 事 以 顯 理 竟 二 明 性 本 具 相 為 三 初 當 
X13n0285_003:0267c13	機疑問二訶誡許宣三正篇開示。今初。	機 疑 問 二 訶 誡 許 宣 三 正 篇 開 示 今 初 
X13n0285_003:0267c14	阿難白佛言世尊如來常說和合因緣一切世間種	阿 難 白 佛 言 世 尊 如 來 常 說 和合因緣 一切世間 種 
X13n0285_003:0267c15	種變化皆因四大和合發明云何如來(今乃)因緣自然	種 變 化 皆 因 四 大 和 合 發 明 云 何 如 來 今 乃 因 緣 自 然 
X13n0285_003:0267c16	二俱排擯我今不知斯義所屬惟垂哀愍開示眾生	二 俱 排 擯 我 今 不 知 斯 義 所 屬 惟 垂 哀 愍 開 示 眾 生 
X13n0285_003:0267c17	中道了義無戲論法。	中 道 了 義 無 戲 論 法 
X13n0285_003:0267c18	上來就事顯理正明藏性隨緣不變的皆中道了	上 來 就 事 顯 理 正 明 藏 性 隨 緣 不 變 的 皆 中 道 了 
X13n0285_003:0267c19	義無戲論法而阿難久執麤淺因緣名言習氣所	義 無 戲 論 法 而 阿 難 久 執 麤 淺 因 緣 名 言 習 氣 所 
X13n0285_003:0267c20	以反墮疑網謂是撥無世諦不免墮在斷空故更	以 反 墮 疑 網 謂 是 撥 無 世 諦 不 免 墮 在 斷 空 故 更 
X13n0285_003:0267c21	求開示中道了義也原此疑情來歷有三一者近	求 開 示 中 道 了 義 也 原 此 疑 情 來 歷 有 三 一 者 近 
X13n0285_003:0267c22	從陰入處界起疑謂既本非因緣非自然性則根	從 陰 入 處 界 起 疑 謂 既 本 非 因 緣 非 自 然 性 則 根 
X13n0285_003:0267c23	塵識等一切皆空而不知如來所示乃即事之理	塵 識 等 一切皆空 而 不 知 如 來 所 示 乃 即 事 之 理 
X13n0285_003:0267c24	非撥事言理也二者遠從十番辨見起疑謂此見	非 撥 事 言 理 也 二 者 遠 從 十 番 辨 見 起 疑 謂 此 見 
X13n0285_003:0268a01	性既非覺聞知見則能見所見同為眚影而不知	性 既 非 覺 聞 知 見 則 能見所見 同 為 眚 影 而 不 知 
X13n0285_003:0268a02	如來所示乃即眚之目非眚外覓目也三者更從	如 來 所 示 乃 即 眚 之 目 非 眚 外 覓 目 也 三 者 更 從 
X13n0285_003:0268a03	七處破妄起疑謂緣影既是非心因緣自然復俱	七 處 破 妄 起 疑 謂 緣 影 既 是 非 心 因 緣 自 然 復 俱 
X13n0285_003:0268a04	排擯則妄無所依真無可據而不知如來所示惟	排 擯 則 妄 無 所 依 真 無 可 據 而 不 知 如 來 所 示 惟 
X13n0285_003:0268a05	其離一切相所以即一切法也。二訶誡許宣。	其 離一切相 所 以 即 一 切 法 也 二 訶 誡 許 宣 
X13n0285_003:0268a06	爾時世尊告阿難言汝先厭離聲聞緣覺諸小乘法	爾 時 世 尊 告 阿 難 言 汝 先 厭 離 聲 聞 緣 覺 諸 小 乘 法 
X13n0285_003:0268a07	發心勤求無上菩提故我今時為汝開示第一義諦	發 心 勤 求 無上菩提 故 我 今 時 為 汝 開 示 第一義諦 
X13n0285_003:0268a08	如何復將世間戲論妄想因緣而自纏繞汝雖多聞	如 何 復 將 世 間 戲 論 妄 想 因 緣 而 自 纏 繞 汝 雖 多 聞 
X13n0285_003:0268a09	如說藥人真藥現前不能分別如來說為真可憐愍	如 說 藥 人 真 藥 現 前 不 能 分 別 如 來 說 為 真 可 憐 愍 
X13n0285_003:0268a10	汝今諦聽我當為汝分別開示亦令當來修大乘者	汝 今 諦 聽 我 當 為 汝 分 別 開 示 亦 令 當 來 修 大 乘 者 
X13n0285_003:0268a11	通達實相阿難默然承佛聖旨。	通 達 實 相 阿 難 默 然 承 佛 聖 旨 
X13n0285_003:0268a12	此中從初至真可憐愍是訶辭汝今諦聽一句是	此 中 從 初 至 真 可 憐 愍 是 訶 辭 汝 今 諦 聽 一 句 是 
X13n0285_003:0268a13	誡辭我當為汝至通達實相是許宣阿難默然承	誡 辭 我 當 為 汝 至 通 達 實 相 是 許 宣 阿 難 默 然 承 
X13n0285_003:0268a14	佛聖旨是領佛誡一心諦聽三業皆寂也初文言	佛 聖 旨 是 領 佛 誡 一 心 諦 聽 三 業 皆 寂 也 初 文 言 
X13n0285_003:0268a15	汝先厭離諸小乘法者以阿難歸來見佛即殷勤	汝 先 厭 離 諸 小 乘 法 者 以 阿 難 歸 來 見 佛 即 殷 勤 
X13n0285_003:0268a16	啟請得成菩提方便豈非厭小求大故我今時為	啟 請 得 成 菩提方便 豈 非 厭 小 求 大 故 我 今 時 為 
X13n0285_003:0268a17	汝開示第一義諦者歷指前來所說一一無非第	汝 開 示 第一義諦 者 歷 指 前 來 所 說 一 一 無 非 第 
X13n0285_003:0268a18	一義諦更非次第三諦等也金口誠言明文若此	一 義 諦 更 非 次 第 三 諦 等 也 金 口 誠 言 明 文 若 此 
X13n0285_003:0268a19	解者欲以奢摩他等分配前文可謂公與佛坑今	解 者 欲 以 奢 摩 他 等 分 配 前 文 可 謂 公 與 佛 坑 今 
X13n0285_003:0268a20	須一一更為點示俾經旨昭然經初首唱常住真	須 一 一 更 為 點 示 俾 經 旨 昭 然 經 初 首 唱 常 住 真 
X13n0285_003:0268a21	心性淨明體即誡直心正念真如便是第一義諦	心 性 淨 明 體 即 誡 直 心 正 念 真 如 便 是 第一義諦 
X13n0285_003:0268a22	真實血脉次欲逐破妄執先唱大定之名俾利根	真 實 血 脉 次 欲 逐 破 妄 執 先 唱 大 定 之 名 俾 利 根 
X13n0285_003:0268a23	者妄執破處定體圓彰覓心了不可得心即竪窮	者 妄 執 破 處 定 體 圓 彰 覓 心 了 不 可 得 心 即 竪 窮 
X13n0285_003:0268a24	橫徧寧非第一義諦次明二種根本不離一心寧	橫 徧 寧 非 第一義諦 次 明 二 種 根 本 不 離 一 心 寧 
X13n0285_003:0268b01	非第一義諦次明諸法所生唯心所現寧非第一	非 第一義諦 次 明 諸 法 所 生 唯 心 所 現 寧 非 第 一 
X13n0285_003:0268b02	義諦次明見性是心非眼而此見性本無動搖亦	義 諦 次 明 見 性 是 心 非 眼 而 此 見 性 本 無 動 搖 亦 
X13n0285_003:0268b03	無舒卷本無生滅亦無增減本不可還亦決非物	無 舒 卷 本 無 生 滅 亦 無 增 減 本 不 可 還 亦 決 非 物 
X13n0285_003:0268b04	本無舒縮亦無斷續本無是見亦無非見本非自	本 無 舒 縮 亦 無 斷 續 本 無 是 見 亦 無 非 見 本 非 自 
X13n0285_003:0268b05	然亦非因緣本非明暗色空亦非覺聞知見本非	然 亦 非 因 緣 本 非 明 暗 色 空 亦 非 覺 聞 知 見 本 非 
X13n0285_003:0268b06	和合非不和合以要言之離一切相即一切法寧	和 合 非 不 和 合 以要言之 離一切相 即 一 切 法 寧 
X13n0285_003:0268b07	非第一義諦次明陰入處界即空即假即中寧非	非 第一義諦 次 明 陰 入 處 界 即 空 即 假 即 中 寧 非 
X13n0285_003:0268b08	第一義諦第一義諦即是中道了義無戲論法也	第一義諦 第一義諦 即 是 中 道 了 義 無 戲 論 法 也 
X13n0285_003:0268b09	乃捨此而別求中道了義大似說藥而不知真藥	乃 捨 此 而 別 求 中 道 了 義 大 似 說 藥 而 不 知 真 藥 
X13n0285_003:0268b10	良以有聞無慧故也故仍誡以諦聽庶幾不為徒	良 以 有 聞 無 慧 故 也 故 仍 誡 以 諦 聽 庶 幾 不 為 徒 
X13n0285_003:0268b11	聞耳實相亦即第一義諦亦即中道了義以其無	聞 耳 實 相 亦 即 第一義諦 亦 即 中 道 了 義 以 其 無 
X13n0285_003:0268b12	相不相名為實相前已深明相即無相道理今更	相 不 相 名 為 實 相 前 已 深 明 相 即 無 相 道 理 今 更 
X13n0285_003:0268b13	重明無相即相道理令其通達也。三正為開示	重 明 無 相 即 相 道 理 令 其 通 達 也 三 正 為 開 示 
X13n0285_003:0268b14	二初牒疑總示二歷大別顯。初中二初就法破	二 初 牒 疑 總 示 二 歷 大 別 顯 初 中 二 初 就 法 破 
X13n0285_003:0268b15	妄二借喻顯理。今初。	妄 二 借 喻 顯 理 今 初 
X13n0285_003:0268b16	阿難如汝所言四大和合發明世間種種變化阿難	阿 難 如 汝 所 言 四 大 和 合 發 明 世 間 種 種 變 化 阿 難 
X13n0285_003:0268b17	若彼大性體非和合則不能與諸大雜和猶如虗空	若 彼 大 性 體 非 和 合 則 不 能 與 諸 大 雜 和 猶 如 虗 空 
X13n0285_003:0268b18	不和諸色若和合者同於變化始終相成生滅相續	不 和 諸 色 若 和 合 者 同 於 變 化 始 終 相 成 生 滅 相 續 
X13n0285_003:0268b19	生死死生生生死死如旋火輪無有休息。	生 死 死 生 生 生 死 死 如 旋 火 輪 無有休息 
X13n0285_003:0268b20	此牒其妄計而破之也如來所說和合因緣秪為	此 牒 其 妄 計 而 破 之 也 如 來 所 說 和合因緣 秪 為 
X13n0285_003:0268b21	顯示諸法無性若妄計四大有實體性由彼和合	顯 示 諸 法 無 性 若 妄 計 四 大 有 實 體 性 由 彼 和 合 
X13n0285_003:0268b22	能生諸法則與外道邪計何異故今牒而破之先	能 生 諸 法 則 與 外 道 邪 計 何 異 故 今 牒 而 破 之 先 
X13n0285_003:0268b23	破非和合次破和合由不達不變隨緣之性必計	破 非 和 合 次 破 和 合 由 不 達 不 變 隨 緣 之 性 必 計 
X13n0285_003:0268b24	體非和合由不達隨緣不變之性必將轉計和合	體 非 和 合 由 不 達 隨 緣 不 變 之 性 必 將 轉 計 和 合 
X13n0285_003:0268c01	今並破之則已密顯如來藏性方是四大真性而	今 並 破 之 則 已 密 顯 如 來 藏 性 方 是 四 大 真 性 而 
X13n0285_003:0268c02	四大無性正是如來藏之實性矣先破非和合云	四 大 無 性 正 是 如 來 藏 之 實 性 矣 先 破 非 和 合 云 
X13n0285_003:0268c03	若計彼諸大之性體必非和合者則一一大皆不	若 計 彼 諸 大 之 性 體 必 非 和 合 者 則 一 一 大 皆 不 
X13n0285_003:0268c04	能與諸大雜和猶如虗空不和諸色便無諸大之	能 與 諸 大 雜 和 猶 如 虗 空 不 和 諸 色 便 無 諸 大 之 
X13n0285_003:0268c05	用如地性常堅遇水不潤水性常冷遇火不熱等	用 如 地 性 常 堅 遇 水 不 潤 水 性 常 冷 遇 火 不 熱 等 
X13n0285_003:0268c06	何以生成萬物若計彼諸大之性必定是和合者	何 以 生 成 萬 物 若 計 彼 諸 大 之 性 必 定 是 和 合 者 
X13n0285_003:0268c07	則便同於種種變化始終相成生滅相續生而復	則 便 同 於 種 種 變 化 始 終 相 成 生 滅 相 續 生 而 復 
X13n0285_003:0268c08	死死而復生從生至生從死至死如旋火輪無有	死 死 而 復 生 從 生 至 生 從 死 至 死 如 旋 火 輪 無 有 
X13n0285_003:0268c09	休息便無諸大之體如地遇水則失其堅水遇火	休 息 便 無 諸 大 之 體 如 地 遇 水 則 失 其 堅 水 遇 火 
X13n0285_003:0268c10	則失其潤等自體既失又將何以生成萬物此等	則 失 其 潤 等 自 體 既 失 又 將 何 以 生 成 萬 物 此 等 
X13n0285_003:0268c11	豈非戲論妄想也耶。二借喻顯理。	豈 非 戲 論 妄 想 也 耶 二 借 喻 顯 理 
X13n0285_003:0268c12	阿難如水成氷氷還成水。	阿 難 如 水 成 氷 氷 還 成 水 
X13n0285_003:0268c13	此承上文破其妄計而總示以隨緣不變不變隨	此 承 上 文 破 其 妄 計 而 總 示 以 隨 緣 不 變 不 變 隨 
X13n0285_003:0268c14	緣之理性也此為七大總喻極須著眼以氷水總	緣 之 理 性 也 此 為 七 大 總 喻 極 須 著 眼 以 氷 水 總 
X13n0285_003:0268c15	喻隨緣之相以氷水同一濕性而喻不變之性若	喻 隨 緣 之 相 以 氷 水 同 一 濕 性 而 喻 不 變 之 性 若 
X13n0285_003:0268c16	藏性隨於染緣成佛法界中九界七大喻以如水	藏 性 隨 於 染 緣 成 佛 法 界 中 九 界 七 大 喻 以 如 水 
X13n0285_003:0268c17	成氷若藏性隨於淨緣顯九法界中佛界七大喻	成 氷 若 藏 性 隨 於 淨 緣 顯 九 法 界 中 佛 界 七 大 喻 
X13n0285_003:0268c18	以氷還成水惟一濕性氷水相殊是謂不變隨緣	以 氷 還 成 水 惟 一 濕 性 氷 水 相 殊 是 謂 不 變 隨 緣 
X13n0285_003:0268c19	氷水雖殊濕性無二是謂隨緣不變由其隨緣即	氷 水 雖 殊 濕 性 無 二 是 謂 隨 緣 不 變 由 其 隨 緣 即 
X13n0285_003:0268c20	不變故所以七大無非性真圓融周徧法界由其	不 變 故 所 以 七 大 無 非 性 真 圓 融 周 徧 法 界 由 其 
X13n0285_003:0268c21	不變即隨緣故所以七大無不隨心應量循業發	不 變 即 隨 緣 故 所 以 七 大 無 不 隨 心 應 量 循 業 發 
X13n0285_003:0268c22	現也。二歷大別顯此正顯示隨緣不變不變隨	現 也 二 歷 大 別 顯 此 正 顯 示 隨 緣 不 變 不 變 隨 
X13n0285_003:0268c23	緣之藏性方是七大實性所謂性具法門事事無	緣 之 藏 性 方 是 七 大 實 性 所 謂 性 具 法 門 事 事 無 
X13n0285_003:0268c24	礙之法界也須知七大即是陰入處界但開合廣	礙 之 法 界 也 須 知 七 大 即 是 陰 入 處 界 但 開 合 廣 
X13n0285_003:0269a01	略不同開色陰為前五大指受陰為根大合想行	略 不 同 開 色 陰 為 前 五 大 指 受 陰 為 根 大 合 想 行 
X13n0285_003:0269a02	識為識大又橫列六塵為前五大收六根為根大	識 為 識 大 又 橫 列 六 塵 為 前 五 大 收 六 根 為 根 大 
X13n0285_003:0269a03	收六識為識大也既知七大更無異法當以二文	收 六 識 為 識 大 也 既 知 七 大 更 無 異 法 當 以 二 文 
X13n0285_003:0269a04	前後互融方開圓悟之門前明陰入處界皆如來	前 後 互 融 方 開 圓 悟 之 門 前 明 陰 入 處 界 皆 如 來 
X13n0285_003:0269a05	藏本無生滅須知即是七大皆如來藏本無生滅	藏 本 無 生 滅 須 知 即 是 七 大 皆 如 來 藏 本 無 生 滅 
X13n0285_003:0269a06	後明如來藏中性具七大清淨圓融徧周法界循	後 明 如 來 藏 中 性 具 七 大 清 淨 圓 融 徧 周 法 界 循 
X13n0285_003:0269a07	業發現當知即是如來藏中性具陰入處界清淨	業 發 現 當 知 即 是 如 來 藏 中 性 具 陰 入 處 界 清 淨 
X13n0285_003:0269a08	圓融徧周法界循業發現所謂即事之理無有少	圓 融 徧 周 法 界 循 業 發 現 所 謂 即 事 之 理 無 有 少 
X13n0285_003:0269a09	許理性而不攝在事中即理之事無有少許事相	許 理 性 而 不 攝 在 事 中 即 理 之 事 無 有 少 許 事 相 
X13n0285_003:0269a10	而不攝在理中故得毛吞巨海芥納須彌介爾三	而 不 攝 在 理 中 故 得 毛 吞 巨 海 芥 納 須 彌 介 爾 三 
X13n0285_003:0269a11	千剎那十世心性妙理至此已極三諦一諦更無	千 剎 那 十 世 心 性 妙 理 至 此 已 極 三 諦 一 諦 更 無 
X13n0285_003:0269a12	餘蘊故使阿難大悟頓獲法身下文滿慈騰問不	餘 蘊 故 使 阿 難 大 悟 頓 獲 法 身 下 文 滿 慈 騰 問 不 
X13n0285_003:0269a13	過別為法執重者破疑滯耳諸家不達或以此為	過 別 為 法 執 重 者 破 疑 滯 耳 諸 家 不 達 或 以 此 為 
X13n0285_003:0269a14	次第三諦或以此為空與不空兩藏或但指此為	次 第 三 諦 或 以 此 為 空 與 不 空 兩 藏 或 但 指 此 為 
X13n0285_003:0269a15	空如來藏下文方顯不空等藏誣罔圓宗謗毀佛	空 如 來 藏 下 文 方 顯 不 空 等 藏 誣 罔 圓 宗 謗 毀 佛 
X13n0285_003:0269a16	語哀哉哀哉文分為七初明藏性即地大性(至)七	語 哀 哉 哀 哉 文 分 為 七 初 明 藏 性 即 地 大 性 至 七 
X13n0285_003:0269a17	明藏性即識大性。初中三初破妄執二顯理性	明 藏 性 即 識 大 性 初 中 三 初 破 妄 執 二 顯 理 性 
X13n0285_003:0269a18	三斥迷惑。今初。	三 斥 迷 惑 今 初 
X13n0285_003:0269a19	汝觀地性麤為大地細為微塵至鄰虗塵析彼極微	汝 觀 地 性 麤 為 大 地 細 為 微 塵 至 鄰 虗 塵 析 彼 極 微 
X13n0285_003:0269a20	色邊際相七分所成更析鄰虗即實空性阿難若此	色 邊 際 相 七 分 所 成 更 析 鄰 虗 即 實 空 性 阿 難 若 此 
X13n0285_003:0269a21	鄰虗析成虗空當知虗空出生色相汝今問言由和	鄰 虗 析 成 虗 空 當 知 虗 空 出 生 色 相 汝 今 問 言 由 和 
X13n0285_003:0269a22	合故出生世間諸變化相汝且觀此一鄰虗塵用幾	合 故 出 生 世 間 諸 變 化 相 汝 且 觀 此 一 鄰 虗 塵 用 幾 
X13n0285_003:0269a23	虗空和合而有不應鄰虗合成鄰虗又鄰虗塵析入	虗 空 和 合 而 有 不 應 鄰 虗 合 成 鄰 虗 又 鄰 虗 塵 析 入 
X13n0285_003:0269a24	空者用幾色相合成虗空若色合時合色非空若空	空 者 用 幾 色 相 合 成 虗 空 若 色 合 時 合 色 非 空 若 空 
X13n0285_003:0269b01	合時合空非色色猶可析空云何合。	合 時 合 空 非 色 色 猶 可 析 空 云 何 合 
X13n0285_003:0269b02	十法界內色外色總名地大今且約現前外色辨	十 法 界 內 色 外 色 總 名 地 大 今 且 約 現 前 外 色 辨 
X13n0285_003:0269b03	也七分析色自是外道邪計由彼不達色性即是	也 七 分 析 色 自 是 外 道 邪 計 由 彼 不 達 色 性 即 是 
X13n0285_003:0269b04	藏性本與空性無二無別妄謂析色方可歸空今	藏 性 本 與 空 性 無 二 無 別 妄 謂 析 色 方 可 歸 空 今 
X13n0285_003:0269b05	故牒而破之謂汝尚同凡外所計和合因緣觀於	故 牒 而 破 之 謂 汝 尚 同 凡 外 所 計 和合因緣 觀 於 
X13n0285_003:0269b06	此地虗妄體性以為積色至麤方為大地析色至	此 地 虗 妄 體 性 以 為 積 色 至 麤 方 為 大 地 析 色 至 
X13n0285_003:0269b07	細便為微塵至鄰虗塵乃析彼極微色邊際相七	細 便 為 微 塵 至 鄰 虗 塵 乃 析 彼 極 微 色 邊 際 相 七 
X13n0285_003:0269b08	分所成設使更析鄰虗即實成空性耶若使此鄰	分 所 成 設 使 更 析 鄰 虗 即 實 成 空 性 耶 若 使 此 鄰 
X13n0285_003:0269b09	虗塵果然析成虗空當知此虗空中亦應出生色	虗 塵 果 然 析 成 虗 空 當 知 此 虗 空 中 亦 應 出 生 色 
X13n0285_003:0269b10	相矣下文方正破之文並可知色猶可析一句亦	相 矣 下 文 方 正 破 之 文 並 可 知 色 猶 可 析 一 句 亦 
X13n0285_003:0269b11	是順其情計而姑縱之實則麤亦法界細亦法界	是 順 其 情 計 而 姑 縱 之 實 則 麤 亦 法 界 細 亦 法 界 
X13n0285_003:0269b12	皆是隨心應量循業發現麤不待合細不待析也。	皆 是 隨 心 應 量 循 業 發 現 麤 不 待 合 細 不 待 析 也 
X13n0285_003:0269b13	二顯理性。	二 顯 理 性 
X13n0285_003:0269b14	汝元不知如來藏中性色真空性空真色清淨本然	汝 元 不 知 如 來 藏 中 性 色 真 空 性 空 真 色 清 淨 本 然 
X13n0285_003:0269b15	周徧法界隨眾生心應所知量循業發現。	周 徧 法 界 隨 眾 生 心 應 所 知 量 循 業 發 現 
X13n0285_003:0269b16	此正顯示如來藏性即是色之真性亦是空之真	此 正 顯 示 如 來 藏 性 即 是 色 之 真 性 亦 是 空 之 真 
X13n0285_003:0269b17	性是故色之與空無非是性無非是真色非待合	性 是 故 色 之 與 空 無 非 是 性 無 非 是 真 色 非 待 合 
X13n0285_003:0269b18	而始有空非待析而始成秪由隨緣常不變故所	而 始 有 空 非 待 析 而 始 成 秪 由 隨 緣 常 不 變 故 所 
X13n0285_003:0269b19	以不變常隨緣也以其隨緣不變故號為如以其	以 不 變 常 隨 緣 也 以 其 隨 緣 不 變 故 號 為 如 以 其 
X13n0285_003:0269b20	不變隨緣故號為來以其性具十界染淨功能故	不 變 隨 緣 故 號 為 來 以 其 性 具 十 界 染 淨 功 能 故 
X13n0285_003:0269b21	稱為藏以其無法不在裡許故名為中以其無性	稱 為 藏 以 其 無 法 不 在 裡 許 故 名 為 中 以 其 無 性 
X13n0285_003:0269b22	之性即是十法界色空實性性不可改體無虗妄	之 性 即 是 十 法 界 色 空 實 性 性 不 可 改 體 無 虗 妄 
X13n0285_003:0269b23	故一一皆性皆真以其十法界色皆悉離過絕非	故 一 一 皆 性 皆 真 以 其 十 法 界 色 皆 悉 離 過 絕 非 
X13n0285_003:0269b24	體是無作故名清淨本然以其十法界色各各竪	體 是 無 作 故 名 清 淨 本 然 以 其 十 法 界 色 各 各 竪 
X13n0285_003:0269c01	窮橫徧故名周徧法界夫性真色空即是性具清	窮 橫 徧 故 名 周 徧 法 界 夫 性 真 色 空 即 是 性 具 清 
X13n0285_003:0269c02	淨本然即是性體周徧法界即是性量此示隨緣	淨 本 然 即 是 性 體 周 徧 法 界 即 是 性 量 此 示 隨 緣 
X13n0285_003:0269c03	不變體也隨十法界眾生迷悟之心應其所知染	不 變 體 也 隨 十 法 界 眾 生 迷 悟 之 心 應 其 所 知 染 
X13n0285_003:0269c04	淨之量循於十界善惡諸業而發現為十界苦樂	淨 之 量 循 於 十 界 善 惡 諸 業 而 發 現 為 十 界 苦 樂 
X13n0285_003:0269c05	諸色此示不變隨緣用也隨緣即不變如氷水之	諸 色 此 示 不 變 隨 緣 用 也 隨 緣 即 不 變 如 氷 水 之 
X13n0285_003:0269c06	濕性始終不變不變即隨緣如濕性之氷水總是	濕 性 始 終 不 變 不 變 即 隨 緣 如 濕 性 之 氷 水 總 是 
X13n0285_003:0269c07	隨緣隨寒凍緣水則成氷而濕性無減以喻隨迷	隨 緣 隨 寒 凍 緣 水 則 成 氷 而 濕 性 無 減 以 喻 隨 迷 
X13n0285_003:0269c08	染緣成九界生死幻色而藏性無減隨和暖緣氷	染 緣 成 九 界 生 死 幻 色 而 藏 性 無 減 隨 和 暖 緣 氷 
X13n0285_003:0269c09	則成水而濕性無增以喻隨悟淨緣成佛界真善	則 成 水 而 濕 性 無 增 以 喻 隨 悟 淨 緣 成 佛 界 真 善 
X13n0285_003:0269c10	妙色而藏性無增故知總喻徧喻七大體用性相	妙 色 而 藏 性 無 增 故 知 總 喻 徧 喻 七 大 體 用 性 相 
X13n0285_003:0269c11	今一一文還須用上喻意而消釋之則旨趣昭然。	今 一 一 文 還 須 用 上 喻 意 而 消 釋 之 則 旨 趣 昭 然 
X13n0285_003:0269c12	三斥迷惑。	三 斥 迷 惑 
X13n0285_003:0269c13	世間無知惑為因緣及自然性皆是識心分別計度	世 間 無 知 惑 為 因 緣 及 自 然 性 皆 是 識 心 分 別 計 度 
X13n0285_003:0269c14	但有言說都無實義。	但有言說 都 無 實 義 
X13n0285_003:0269c15	世間者徧指九法界眾生也總未達此隨緣不變	世 間 者 徧 指 九 法 界 眾 生 也 總 未 達 此 隨 緣 不 變 
X13n0285_003:0269c16	不變隨緣妙性故各各有因緣自然二種妄計而	不 變 隨 緣 妙 性 故 各 各 有 因 緣 自 然 二 種 妄 計 而 
X13n0285_003:0269c17	此妄計但是戲論言說而已終無實義可指陳也	此 妄 計 但 是 戲 論 言 說 而 已 終 無 實 義 可 指 陳 也 
X13n0285_003:0269c18	蓋凡外世間或計時方微塵大自在等諸邪因緣	蓋 凡 外 世 間 或 計 時 方 微 塵 大 自 在 等 諸 邪 因 緣 
X13n0285_003:0269c19	或計冥諦神我以為自然此則藏教所明因緣生	或 計 冥 諦 神 我 以 為 自 然 此 則 藏 教 所 明 因 緣 生 
X13n0285_003:0269c20	法即已破竟復有鈍根聲聞緣覺稟佛因緣言教	法 即 已 破 竟 復 有 鈍 根 聲 聞 緣 覺 稟 佛 因 緣 言 教 
X13n0285_003:0269c21	不達如來說法旨趣以苦集滅道世出世間因果	不 達 如 來 說 法 旨 趣 以 苦集滅道 世出世間 因 果 
X13n0285_003:0269c22	差別總屬因緣以滅諦所顯偏真涅槃性無生滅	差 別 總 屬 因 緣 以 滅 諦 所 顯 偏 真 涅 槃 性 無 生 滅 
X13n0285_003:0269c23	還名自然此則通教所明因緣即空亦已破竟復	還 名 自 然 此 則 通 教 所 明 因 緣 即 空 亦 已 破 竟 復 
X13n0285_003:0269c24	有鈍根三乘稟佛即空言教不達如來說法旨趣	有 鈍 根 三 乘 稟 佛 即 空 言 教 不 達 如 來 說 法 旨 趣 
X13n0285_003:0270a01	以苦集滅道一切如幻名為因緣以真理無生苦	以 苦集滅道 一 切 如 幻 名 為 因 緣 以 真 理 無 生 苦 
X13n0285_003:0270a02	不能迫集不能染還名自然此則別教所明因緣	不 能 迫 集 不 能 染 還 名 自 然 此 則 別 教 所 明 因 緣 
X13n0285_003:0270a03	假名亦已破竟復有鈍根菩薩稟佛即假言教不	假 名 亦 已 破 竟 復 有 鈍 根 菩 薩 稟 佛 即 假 言 教 不 
X13n0285_003:0270a04	達如來說法旨趣以無明招感九界生死名為因	達 如 來 說 法 旨 趣 以 無 明 招 感 九 界 生 死 名 為 因 
X13n0285_003:0270a05	緣但中佛性凝然不變如月在雲外還名自然此	緣 但 中 佛 性 凝 然 不 變 如 月 在 雲 外 還 名 自 然 此 
X13n0285_003:0270a06	惟今教所明因緣即中方得破盡無餘故知未曾	惟 今 教 所 明 因 緣 即 中 方 得 破 盡 無 餘 故 知 未 曾 
X13n0285_003:0270a07	開佛知見則九界同名識心如水成氷若圓解初	開 佛 知 見 則 九 界 同 名 識 心 如 水 成 氷 若 圓 解 初 
X13n0285_003:0270a08	開則識心便成妙觀察智如氷成水下皆准知惟	開 則 識 心 便 成 妙觀察智 如 氷 成 水 下 皆 准 知 惟 
X13n0285_003:0270a09	其藏性即地大性故持地菩薩悟之塵銷智圓成	其 藏 性 即 地 大 性 故 持 地 菩 薩 悟 之 塵 銷 智 圓 成 
X13n0285_003:0270a10	無上道。二明藏性即火大性三初破妄執二顯	無 上 道 二 明 藏 性 即 火 大 性 三 初 破 妄 執 二 顯 
X13n0285_003:0270a11	理性三斥迷惑。今初。	理 性 三 斥 迷 惑 今 初 
X13n0285_003:0270a12	阿難火性無我寄於諸緣汝觀城中未食之家欲炊	阿 難 火 性 無 我 寄 於 諸 緣 汝 觀 城 中 未 食 之 家 欲 炊 
X13n0285_003:0270a13	爨時手執陽燧日前求火阿難(若欲)名和合者如我與	爨 時 手 執 陽 燧 日 前 求 火 阿 難 若 欲 名 和 合 者 如 我 與 
X13n0285_003:0270a14	汝一千二百五十比丘今(和合而)為一眾眾雖為一詰	汝 一 千二百五十 比 丘 今 和 合 而 為 一 眾 眾 雖 為 一 詰 
X13n0285_003:0270a15	其根本各各有身皆有所生氏族名字如舍利弗婆	其 根 本 各 各 有 身 皆 有 所 生 氏 族 名 字 如 舍 利 弗 婆 
X13n0285_003:0270a16	羅門種優樓頻螺迦葉波種乃至阿難瞿曇種姓(如此	羅 門 種 優 樓 頻 螺 迦 葉 波 種 乃 至 阿 難 瞿 曇 種 姓 如 此 
X13n0285_003:0270a17	方可名為和合)阿難若此火性因和合有彼手執鏡於日求	方 可 名 為 和 合 阿 難 若 此 火 性 因 和 合 有 彼 手 執 鏡 於 日 求 
X13n0285_003:0270a18	火此火為從鏡中而出為從艾出為於日來阿難若	火 此 火 為 從 鏡 中 而 出 為 從 艾 出 為 於 日 來 阿 難 若 
X13n0285_003:0270a19	日來者自能燒汝手中之艾來處林木皆應受焚若	日 來 者 自 能 燒 汝 手 中 之 艾 來 處 林 木 皆 應 受 焚 若 
X13n0285_003:0270a20	鏡中出自能於鏡出然於艾鏡何不鎔(今乃)紆汝手執	鏡 中 出 自 能 於 鏡 出 然 於 艾 鏡 何 不 鎔 今 乃 紆 汝 手 執 
X13n0285_003:0270a21	尚無熱相云何融泮若生於艾何藉日鏡光明相接	尚 無 熱 相 云 何 融 泮 若 生 於 艾 何 藉 日 鏡 光 明 相 接 
X13n0285_003:0270a22	然後火生汝又諦觀鏡因手執日從天來艾本地生	然 後 火 生 汝 又 諦 觀 鏡 因 手 執 日 從 天 來 艾 本 地 生 
X13n0285_003:0270a23	火從何方遊歷於此日鏡相遠非和非合不應火光	火 從 何 方 遊 歷 於 此 日 鏡 相 遠 非 和 非 合 不 應 火 光 
X13n0285_003:0270a24	無從自有。	無 從 自 有 
X13n0285_003:0270b01	十法界內火外火總名火大今且約現前外火辨	十 法 界 內 火 外 火 總 名 火 大 今 且 約 現 前 外 火 辨 
X13n0285_003:0270b02	之火性無我者且指妄性本無自體為破凡外性	之 火 性 無 我 者 且 指 妄 性 本 無 自 體 為 破 凡 外 性 
X13n0285_003:0270b03	計故也寄於諸緣等者仍舉正因緣境然後明其	計 故 也 寄 於 諸 緣 等 者 仍 舉 正 因 緣 境 然 後 明 其 
X13n0285_003:0270b04	無性阿難名和合者以下舉和合相以反顯於非	無 性 阿 難 名 和 合 者 以 下 舉 和 合 相 以 反 顯 於 非 
X13n0285_003:0270b05	和合性此喻不唯反顯火大亦復徧顯下文五大	和 合 性 此 喻 不 唯 反 顯 火 大 亦 復 徧 顯 下 文 五 大 
X13n0285_003:0270b06	文不重出義實相通故也陽燧者取火之鏡優樓	文 不 重 出 義 實 相 通 故 也 陽 燧 者 取 火 之 鏡 優 樓 
X13n0285_003:0270b07	頻螺此云木瓜林尊者之名迦葉波此云龜氏尊	頻 螺 此 云 木 瓜 林 尊 者 之 名 迦 葉 波 此 云 龜 氏 尊 
X13n0285_003:0270b08	者之姓瞿曇此云地最勝亦云日種即如來俗姓	者 之 姓 瞿 曇 此 云 地 最 勝 亦 云 日 種 即 如 來 俗 姓 
X13n0285_003:0270b09	鏡即陽燧紆者屈曲之貌不應火光無從自有一	鏡 即 陽 燧 紆 者 屈 曲 之 貌 不 應 火 光 無 從 自 有 一 
X13n0285_003:0270b10	句兼破不和合義。二顯理性。	句 兼 破 不 和 合 義 二 顯 理 性 
X13n0285_003:0270b11	汝猶不知如來藏中性火真空性空真火清淨本然	汝 猶 不 知 如 來 藏 中 性 火 真 空 性 空 真 火 清 淨 本 然 
X13n0285_003:0270b12	周徧法界隨眾生心應所知量阿難當知世人一處	周 徧 法 界 隨 眾 生 心 應 所 知 量 阿 難 當 知 世 人 一 處 
X13n0285_003:0270b13	執鏡一處火生徧法界執滿世間起起徧世間寧有	執 鏡 一 處 火 生 徧 法 界 執 滿 世 間 起 起 徧 世 間 寧 有 
X13n0285_003:0270b14	方所循業發現。	方 所 循 業 發 現 
X13n0285_003:0270b15	此顯性具十法界火火之與空皆性皆真隨緣常	此 顯 性 具 十 法 界 火 火 之 與 空 皆 性 皆 真 隨 緣 常 
X13n0285_003:0270b16	自不變故能隨心應量而循業發現即是不變常	自 不 變 故 能 隨 心 應 量 而 循 業 發 現 即 是 不 變 常 
X13n0285_003:0270b17	自隨緣致有十法界火種種差別也餘如上釋。	自 隨 緣 致 有 十 法 界 火 種種差別 也 餘 如 上 釋 
X13n0285_003:0270b18	三斥迷惑。	三 斥 迷 惑 
X13n0285_003:0270b19	世間無知惑為因緣及自然性皆是識心分別計度	世 間 無 知 惑 為 因 緣 及 自 然 性 皆 是 識 心 分 別 計 度 
X13n0285_003:0270b20	但有言說都無實義。	但有言說 都 無 實 義 
X13n0285_003:0270b21	義如上釋惟其藏性即火大性故烏芻瑟摩悟之	義 如 上 釋 惟 其 藏 性 即 火 大 性 故 烏 芻 瑟 摩 悟 之 
X13n0285_003:0270b22	生大寶燄登無上覺。三明藏性即水大性三初	生 大 寶 燄 登 無 上 覺 三 明 藏 性 即 水 大 性 三 初 
X13n0285_003:0270b23	破妄執二顯理性三斥迷惑。今初。	破 妄 執 二 顯 理 性 三 斥 迷 惑 今 初 
X13n0285_003:0270b24	阿難水性不定流息無恒如室羅城迦毗羅仙斫迦	阿 難 水 性 不 定 流 息 無 恒 如 室 羅 城 迦 毗 羅 仙 斫 迦 
X13n0285_003:0270c01	羅仙及鉢頭摩訶薩多等諸大幻師求太陰精用和	羅 仙 及 鉢 頭 摩 訶 薩 多 等 諸 大 幻 師 求 太 陰 精 用 和 
X13n0285_003:0270c02	幻藥是諸師等於白月晝手執方諸承月中水此水	幻 藥 是 諸 師 等 於 白 月 晝 手 執 方 諸 承 月 中 水 此 水 
X13n0285_003:0270c03	為復從珠中出空中自有為從月來阿難若從月來	為 復 從 珠 中 出 空 中 自 有 為 從 月 來 阿 難 若 從 月 來 
X13n0285_003:0270c04	尚能遠方令珠出水所經林木皆應吐流流則何待	尚 能 遠 方 令 珠 出 水 所 經 林 木 皆 應 吐 流 流 則 何 待 
X13n0285_003:0270c05	方諸所出不流明水非從月降若從珠出則此珠中	方 諸 所 出 不 流 明 水 非 從 月 降 若 從 珠 出 則 此 珠 中 
X13n0285_003:0270c06	常應流水何待中宵承白月晝若從空生空性無邊	常 應 流 水 何 待 中 宵 承 白 月 晝 若 從 空 生 空 性 無 邊 
X13n0285_003:0270c07	水當無際從人洎天皆同滔溺云何復有水陸空行	水 當 無 際 從 人 洎 天 皆 同 滔 溺 云 何 復 有 水 陸 空 行 
X13n0285_003:0270c08	汝更諦觀月從天陟珠因手持承珠水盤本人敷設	汝 更 諦 觀 月 從 天 陟 珠 因 手 持 承 珠 水 盤 本 人 敷 設 
X13n0285_003:0270c09	水從何方流注於此月珠相遠非和非合不應水精	水 從 何 方 流 注 於 此 月 珠 相 遠 非 和 非 合 不 應 水 精 
X13n0285_003:0270c10	無從自有。	無 從 自 有 
X13n0285_003:0270c11	十法界內水外水總名水大今且約現前外水辨	十 法 界 內 水 外 水 總 名 水 大 今 且 約 現 前 外 水 辨 
X13n0285_003:0270c12	之水性不定有時而流有時而息亦指妄性無體	之 水 性 不 定 有 時 而 流 有 時 而 息 亦 指 妄 性 無 體 
X13n0285_003:0270c13	以破外計如室羅城下舉因緣境此水為復下明	以 破 外 計 如 室 羅 城 下 舉 因 緣 境 此 水 為 復 下 明 
X13n0285_003:0270c14	其無性先皆廣破和合後以不應水精無從自在	其 無 性 先 皆 廣 破 和 合 後 以 不 應 水 精 無 從 自 在 
X13n0285_003:0270c15	一句轉破不和合也月中之水名太陰精正當望	一 句 轉 破 不 和 合 也 月 中 之 水 名 太 陰 精 正 當 望 
X13n0285_003:0270c16	夜月輪中天名白月晝方諸即取水珠名餘可知。	夜 月 輪 中 天 名 白 月 晝 方 諸 即 取 水 珠 名 餘 可 知 
X13n0285_003:0270c17	二顯理性。	二 顯 理 性 
X13n0285_003:0270c18	汝尚不知如來藏中性水真空性空真水清淨本然	汝 尚 不 知 如 來 藏 中 性 水 真 空 性 空 真 水 清 淨 本 然 
X13n0285_003:0270c19	周徧法界隨眾生心應所知量一處執珠一處出水	周 徧 法 界 隨 眾 生 心 應 所 知 量 一 處 執 珠 一 處 出 水 
X13n0285_003:0270c20	徧法界執滿法界生生滿世間寧有方所循業發現。	徧 法 界 執 滿 法 界 生 生 滿 世 間 寧 有 方 所 循 業 發 現 
X13n0285_003:0270c21	此明性具十法界水水之與空皆性皆真隨緣常	此 明 性 具 十 法 界 水 水 之 與 空 皆 性 皆 真 隨 緣 常 
X13n0285_003:0270c22	自不變故能不變常自隨緣遂有十界水差別也。	自 不 變 故 能 不 變 常 自 隨 緣 遂 有 十 界 水 差 別 也 
X13n0285_003:0270c23	三斥迷惑。	三 斥 迷 惑 
X13n0285_003:0270c24	世間無知惑為因緣及自然性皆是識心分別計度	世 間 無 知 惑 為 因 緣 及 自 然 性 皆 是 識 心 分 別 計 度 
X13n0285_003:0271a01	但有言說都無實義。	但有言說 都 無 實 義 
X13n0285_003:0271a02	惟其藏性即水大性故月光童子悟之一味流通	惟 其 藏 性 即 水 大 性 故 月 光 童 子 悟 之 一 味 流 通 
X13n0285_003:0271a03	得無生忍。四明藏性即風大性三初破妄執二	得無生忍 四 明 藏 性 即 風 大 性 三 初 破 妄 執 二 
X13n0285_003:0271a04	顯理性三斥迷惑。今初。	顯 理 性 三 斥 迷 惑 今 初 
X13n0285_003:0271a05	阿難風性無體動靜不常汝常整衣入於大眾僧伽	阿 難 風 性 無 體 動 靜 不 常 汝 常 整 衣 入 於 大 眾 僧 伽 
X13n0285_003:0271a06	梨角動及傍人則有微風拂彼人面此風為復出袈	梨 角 動 及 傍 人 則 有 微 風 拂 彼 人 面 此 風 為 復 出 袈 
X13n0285_003:0271a07	裟角發於虗空生彼人面阿難此風若復出袈裟角	裟 角 發 於 虗 空 生 彼 人 面 阿 難 此 風 若 復 出 袈 裟 角 
X13n0285_003:0271a08	汝乃披風其衣飛搖應離汝體我今說法會中垂衣	汝 乃 披 風 其 衣 飛 搖 應 離 汝 體 我 今 說 法 會 中 垂 衣 
X13n0285_003:0271a09	汝看我衣風何所在不應衣中有藏風地若生虗空	汝 看 我 衣 風 何 所 在 不 應 衣 中 有 藏 風 地 若 生 虗 空 
X13n0285_003:0271a10	汝衣不動何因無拂空性常住風應常生若無風時	汝 衣 不 動 何 因 無 拂 空 性 常 住 風 應 常 生 若 無 風 時 
X13n0285_003:0271a11	虗空當滅滅風可見滅空何狀若有生滅不名虗空	虗 空 當 滅 滅 風 可 見 滅 空 何 狀 若 有 生 滅 不 名 虗 空 
X13n0285_003:0271a12	名為虗空云何風出若風自生被拂之面從彼面生	名 為 虗 空 云 何 風 出 若 風 自 生 被 拂 之 面 從 彼 面 生 
X13n0285_003:0271a13	當應拂汝自汝整衣云何倒拂汝審諦觀整衣在汝	當 應 拂 汝 自 汝 整 衣 云 何 倒 拂 汝 審 諦 觀 整 衣 在 汝 
X13n0285_003:0271a14	面屬彼人虗空寂然不參流動風自誰方鼓動來此	面 屬 彼 人 虗 空 寂 然 不 參 流 動 風 自 誰 方 鼓 動 來 此 
X13n0285_003:0271a15	風空性隔非和非合不應風性無從自有。	風 空 性 隔 非 和 非 合 不 應 風 性 無 從 自 有 
X13n0285_003:0271a16	十法界內動外動總名風大今亦且就現前外動	十 法 界 內 動 外 動 總 名 風 大 今 亦 且 就 現 前 外 動 
X13n0285_003:0271a17	辨之風性無體動靜不常者正顯妄無自性破外	辨 之 風 性 無 體 動 靜 不 常 者 正 顯 妄 無 自 性 破 外 
X13n0285_003:0271a18	計也汝常整衣下重舉因緣生法僧伽梨此云大	計 也 汝 常 整 衣 下 重 舉 因緣生法 僧 伽 梨 此 云 大 
X13n0285_003:0271a19	衣此風為復下正明緣生無性袈裟此云壞色即	衣 此 風 為 復 下 正 明 緣 生 無 性 袈 裟 此 云 壞 色 即 
X13n0285_003:0271a20	三衣之都名空性常住風應常生者能生是常所	三 衣 之 都 名 空 性 常 住 風 應 常 生 者 能 生 是 常 所 
X13n0285_003:0271a21	生亦應常也若無風時虗空當滅者所生無常以	生 亦 應 常 也 若 無 風 時 虗 空 當 滅 者 所 生 無 常 以 
X13n0285_003:0271a22	例能生亦應無常也風空性隔者既不達同是藏	例 能 生 亦 應 無 常 也 風 空 性 隔 者 既 不 達 同 是 藏 
X13n0285_003:0271a23	性則風性屬動空性屬靜不相為用也不應風性	性 則 風 性 屬 動 空 性 屬 靜 不 相 為 用 也 不 應 風 性 
X13n0285_003:0271a24	無從自有者轉破不和合計也。二顯理性。	無 從 自 有 者 轉 破 不 和 合 計 也 二 顯 理 性 
X13n0285_003:0271b01	汝宛不知如來藏中性風真空性空真風清淨本然	汝 宛 不 知 如 來 藏 中 性 風 真 空 性 空 真 風 清 淨 本 然 
X13n0285_003:0271b02	周徧法界隨眾生心應所知量阿難如汝一人微動	周 徧 法 界 隨 眾 生 心 應 所 知 量 阿 難 如 汝 一 人 微 動 
X13n0285_003:0271b03	服衣有微風出徧法界拂滿國土生周徧世間寧有	服 衣 有 微 風 出 徧 法 界 拂 滿 國 土 生 周 徧 世 間 寧 有 
X13n0285_003:0271b04	方所循業發現。	方 所 循 業 發 現 
X13n0285_003:0271b05	此明性具十法界風風之與空皆性皆真是故隨	此 明 性 具 十 法 界 風 風 之 與 空 皆 性 皆 真 是 故 隨 
X13n0285_003:0271b06	緣即不變不變即隨緣而有十法界風差別也。	緣 即 不 變 不 變 即 隨 緣 而 有 十 法 界 風 差 別 也 
X13n0285_003:0271b07	三斥迷惑。	三 斥 迷 惑 
X13n0285_003:0271b08	世間無知惑為因緣及自然性皆是識心分別計度	世 間 無 知 惑 為 因 緣 及 自 然 性 皆 是 識 心 分 別 計 度 
X13n0285_003:0271b09	但有言說都無實義。	但有言說 都 無 實 義 
X13n0285_003:0271b10	惟其藏性即風大性故瑠璃光法王子悟之合十	惟 其 藏 性 即 風 大 性 故 瑠 璃 光 法 王 子 悟 之 合 十 
X13n0285_003:0271b11	方佛傳一妙心。五明藏性即空大性四初破妄	方 佛 傳 一 妙 心 五 明 藏 性 即 空 大 性 四 初 破 妄 
X13n0285_003:0271b12	執二明大均三顯理性四斥迷惑。今初。	執 二 明 大 均 三 顯 理 性 四 斥 迷 惑 今 初 
X13n0285_003:0271b13	阿難空性無形因色顯發如室羅城去河遙處諸剎	阿 難 空 性 無 形 因 色 顯 發 如 室 羅 城 去 河 遙 處 諸 剎 
X13n0285_003:0271b14	利種及婆羅門毗舍首陀兼頗羅墮旃陀羅等新立	利 種 及 婆 羅 門 毗 舍 首 陀 兼 頗 羅 墮 旃 陀 羅 等 新 立 
X13n0285_003:0271b15	安居鑿井求水出土一尺於中則有一尺虗空如是	安 居 鑿 井 求 水 出 土 一 尺 於 中 則 有 一 尺 虗 空 如 是 
X13n0285_003:0271b16	乃至出土一丈中間還得一丈虗空虗空淺深隨出	乃 至 出 土 一 丈 中 間 還 得 一 丈 虗 空 虗 空 淺 深 隨 出 
X13n0285_003:0271b17	多少此空為當因土所出因鑿所有無因自生阿難	多 少 此 空 為 當 因 土 所 出 因 鑿 所 有 無 因 自 生 阿 難 
X13n0285_003:0271b18	若復此空無因自生未鑿土前何不無礙唯見大地	若 復 此 空 無 因 自 生 未 鑿 土 前 何 不 無 礙 唯 見 大 地 
X13n0285_003:0271b19	迥無通達若因土出則土出時應見空入若土先出	迥 無 通 達 若 因 土 出 則 土 出 時 應 見 空 入 若 土 先 出 
X13n0285_003:0271b20	無空入者云何虗空因土而出若無出入則應空土	無 空 入 者 云 何 虗 空 因 土 而 出 若 無 出 入 則 應 空 土 
X13n0285_003:0271b21	元無異因無異則同則土出時空何不出若因鑿出	元 無 異 因 無 異 則 同 則 土 出 時 空 何 不 出 若 因 鑿 出 
X13n0285_003:0271b22	則鑿出空應非出土不因鑿出鑿自出土云何見空	則 鑿 出 空 應 非 出 土 不 因 鑿 出 鑿 自 出 土 云 何 見 空 
X13n0285_003:0271b23	汝更審諦諦審諦觀鑿從人手隨方運轉土因地移	汝 更 審 諦 諦 審 諦 觀 鑿 從 人 手 隨 方 運 轉 土 因 地 移 
X13n0285_003:0271b24	如是虗空因何所出鑿空虗實不相為用非和非合	如 是 虗 空 因 何 所 出 鑿 空 虗 實 不 相 為 用 非 和 非 合 
X13n0285_003:0271c01	不應虗空無從自出。	不 應 虗 空 無 從 自 出 
X13n0285_003:0271c02	十法界內空外空總名空大今亦且就現前外空	十 法 界 內 空 外 空 總 名 空 大 今 亦 且 就 現 前 外 空 
X13n0285_003:0271c03	辨之空性無形因色顯發者正明空無自性破外	辨 之 空 性 無 形 因 色 顯 發 者 正 明 空 無 自 性 破 外 
X13n0285_003:0271c04	計也如室羅城下重舉因緣生法此空為當下廣	計 也 如 室 羅 城 下 重 舉 因緣生法 此 空 為 當 下 廣 
X13n0285_003:0271c05	明緣生無性剎利種即王族婆羅門此云淨裔亦	明 緣 生 無 性 剎 利 種 即 王 族 婆 羅 門 此 云 淨 裔 亦 
X13n0285_003:0271c06	云梵志如此方儒業之家毗舍即商賈首陀即農	云 梵 志 如 此 方 儒 業 之 家 毗 舍 即 商 賈 首 陀 即 農 
X13n0285_003:0271c07	夫頗羅墮此云利根即術士九流之類旃陀羅此	夫 頗 羅 墮 此 云 利 根 即 術 士 九 流 之 類 旃 陀 羅 此 
X13n0285_003:0271c08	云魁膾即屠酤婬舍諸下賤家虗空之淺深隨其	云 魁 膾 即 屠 酤 婬 舍 諸 下 賤 家 虗 空 之 淺 深 隨 其 
X13n0285_003:0271c09	出土之多少所謂因緣生法也次明因緣無性中	出 土 之 多 少 所 謂 因緣生法 也 次 明 因 緣 無 性 中 
X13n0285_003:0271c10	總徵三句次先破無因無因即是自然由眾生於	總 徵 三 句 次 先 破 無 因 無 因 即 是 自 然 由 眾 生 於 
X13n0285_003:0271c11	四大邊多計因緣於空大邊多計自然故先破之	四 大 邊 多 計 因 緣 於 空 大 邊 多 計 自 然 故 先 破 之 
X13n0285_003:0271c12	次破因土出中先破正計次若無出入下破其轉	次 破 因 土 出 中 先 破 正 計 次 若 無 出 入 下 破 其 轉 
X13n0285_003:0271c13	計謂若計空無出入則未出土時先有虗空虗空	計 謂 若 計 空 無 出 入 則 未 出 土 時 先 有 虗 空 虗 空 
X13n0285_003:0271c14	與土同住一處同體相連故出土時空亦應出也	與 土 同 住 一 處 同 體 相 連 故 出 土 時 空 亦 應 出 也 
X13n0285_003:0271c15	由其未達空土皆如來藏別無自體故得以此難	由 其 未 達 空 土 皆 如 來 藏 別 無 自 體 故 得 以 此 難 
X13n0285_003:0271c16	之次破若因鑿出亦先正破次不因鑿出下更破	之 次 破 若 因 鑿 出 亦 先 正 破 次 不 因 鑿 出 下 更 破 
X13n0285_003:0271c17	轉計汝更審諦下此理玄微故更囑云諦審諦觀	轉 計 汝 更 審 諦 下 此 理 玄 微 故 更 囑 云 諦 審 諦 觀 
X13n0285_003:0271c18	欲其於此悟入妙性也鑿空虗實者鑿是實物空	欲 其 於 此 悟 入 妙 性 也 鑿 空 虗 實 者 鑿 是 實 物 空 
X13n0285_003:0271c19	體虗融若未達藏性則虗實迥殊不相為用故曰	體 虗 融 若 未 達 藏 性 則 虗 實 迥 殊 不 相 為 用 故 曰 
X13n0285_003:0271c20	非和非合也不應虗空無從自出者又轉破其不	非 和 非 合 也 不 應 虗 空 無 從 自 出 者 又 轉 破 其 不 
X13n0285_003:0271c21	和合計。二明大均。	和 合 計 二 明 大 均 
X13n0285_003:0271c22	若此虗空性圓周徧本不動搖當知現前地水火風	若 此 虗 空 性 圓 周 徧 本 不 動 搖 當 知 現 前 地水火風 
X13n0285_003:0271c23	均名五大性真圓融皆如來藏本無生滅阿難汝心	均 名 五 大 性 真 圓 融 皆 如 來 藏 本 無 生 滅 阿 難 汝 心 
X13n0285_003:0271c24	昏迷不悟四大元如來藏當觀虗空為出為入為非	昏 迷 不 悟 四 大 元 如 來 藏 當 觀 虗 空 為 出 為 入 為 非 
X13n0285_003:0272a01	出入。	出 入 
X13n0285_003:0272a02	此以空均四大而名五大顯其皆性皆真無二無	此 以 空 均 四 大 而 名 五 大 顯 其 皆 性 皆 真 無 二 無 
X13n0285_003:0272a03	別也蓋九界眾生於此色空二法總未能融通為	別 也 蓋 九 界 眾 生 於 此 色 空 二 法 總 未 能 融 通 為 
X13n0285_003:0272a04	一凡夫計四大實色與頑然虗空敵體相對二乘	一 凡 夫 計 四 大 實 色 與 頑 然 虗 空 敵 體 相 對 二 乘 
X13n0285_003:0272a05	以生死妄色與涅槃真空敵體相對稟通教人以	以 生 死 妄 色 與 涅 槃 真 空 敵 體 相 對 稟 通 教 人 以 
X13n0285_003:0272a06	從假入空與從空出假亦敵體相對稟別教人以	從 假 入 空 與 從 空 出 假 亦 敵 體 相 對 稟 別 教 人 以 
X13n0285_003:0272a07	空有二諦與但中第一義空亦敵體相對孰知四	空 有 二 諦 與 但 中 第一義空 亦 敵 體 相 對 孰 知 四 
X13n0285_003:0272a08	大即空空即四大空即藏性四大亦即藏性藏性	大 即 空 空 即 四 大 空 即 藏 性 四 大 亦 即 藏 性 藏 性 
X13n0285_003:0272a09	即空藏性亦即四大是故十法界地水火風即是十	即 空 藏 性 亦 即 四 大 是 故 十 法 界 地水火風 即 是 十 
X13n0285_003:0272a10	法界空十法界空即是十法界地水火風今承上	法 界 空 十 法 界 空 即 是 十 法 界 地水火風 今 承 上 
X13n0285_003:0272a11	文拈出一井中空即復非因非緣亦非自然非和	文 拈 出 一 井 中 空 即 復 非 因 非 緣 亦 非 自 然 非 和 
X13n0285_003:0272a12	非合非不和合四句咸離百非俱遺始信十界虗	非 合 非 不 和 合 四 句 咸 離 百 非 俱 遺 始 信 十 界 虗 
X13n0285_003:0272a13	空性圓周徧本不動搖與彼現前地水火風一一	空 性 圓 周 徧 本 不 動 搖 與 彼 現 前 地水火風 一 一 
X13n0285_003:0272a14	性真圓融皆如來藏本無生滅彰彰明矣由汝不	性 真 圓 融 皆 如 來 藏 本 無 生 滅 彰 彰 明 矣 由 汝 不 
X13n0285_003:0272a15	悟四大元如來藏遂以世間戲論妄想和合因緣	悟 四 大 元 如 來 藏 遂 以 世 間 戲 論 妄 想 和合因緣 
X13n0285_003:0272a16	而自纏繞今當觀此虗空為出為入為非出入若	而 自 纏 繞 今 當 觀 此 虗 空 為 出 為 入 為 非 出 入 若 
X13n0285_003:0272a17	謂虗空有出入是因緣戲論破已如上若謂虗空	謂 虗 空 有 出 入 是 因 緣 戲 論 破 已 如 上 若 謂 虗 空 
X13n0285_003:0272a18	無出入是自然戲論破亦如上若知藏性虗空隨	無 出 入 是 自 然 戲 論 破 亦 如 上 若 知 藏 性 虗 空 隨 
X13n0285_003:0272a19	緣不變則出入即非出入若知藏性虗空不變隨	緣 不 變 則 出 入 即 非 出 入 若 知 藏 性 虗 空 不 變 隨 
X13n0285_003:0272a20	緣則無出入不妨出入若知藏性虗空離諸戲論	緣 則 無 出 入 不 妨 出 入 若 知 藏 性 虗 空 離 諸 戲 論 
X13n0285_003:0272a21	則知藏性四大亦皆離諸戲論矣。三顯理性。	則 知 藏 性 四 大 亦 皆 離 諸 戲 論 矣 三 顯 理 性 
X13n0285_003:0272a22	汝全不知如來藏中性覺真空性空真覺清淨本然	汝 全 不 知 如 來 藏 中 性 覺 真 空 性 空 真 覺 清 淨 本 然 
X13n0285_003:0272a23	周徧法界隨眾生心應所知量阿難如一井空空生	周 徧 法 界 隨 眾 生 心 應 所 知 量 阿 難 如 一 井 空 空 生 
X13n0285_003:0272a24	一井十方虗空亦復如是圓滿十方寧有方所循業	一 井 十 方 虗 空 亦復如是 圓 滿 十 方 寧 有 方 所 循 業 
X13n0285_003:0272b01	發現。	發 現 
X13n0285_003:0272b02	此明性具十法界空空之與覺皆性皆真也前文	此 明 性 具 十 法 界 空 空 之 與 覺 皆 性 皆 真 也 前 文 
X13n0285_003:0272b03	既以空均四大則今舉一空字便是全舉五大人	既 以 空 均 四 大 則 今 舉 一 空 字 便 是 全 舉 五 大 人 
X13n0285_003:0272b04	謂五大是無情法名為不覺根識是有情法名之	謂 五 大 是 無 情 法 名 為 不 覺 根 識 是 有 情 法 名 之 
X13n0285_003:0272b05	為覺殊不知情與無情皆性皆真是故十法界若	為 覺 殊 不 知 情 與 無 情 皆 性 皆 真 是 故 十 法 界 若 
X13n0285_003:0272b06	正若依一一無非清淨本然周徧法界此隨緣不	正 若 依 一 一 無 非 清 淨 本 然 周 徧 法 界 此 隨 緣 不 
X13n0285_003:0272b07	變之體也隨十界眾生之心應其所知大小之量	變 之 體 也 隨 十 界 眾 生 之 心 應 其 所 知 大 小 之 量 
X13n0285_003:0272b08	循於善惡諸業發現而為十法界空此不變隨緣	循 於 善 惡 諸 業 發 現 而 為 十 法 界 空 此 不 變 隨 緣 
X13n0285_003:0272b09	之用也。四斥迷惑。	之 用 也 四 斥 迷 惑 
X13n0285_003:0272b10	世間無知惑為因緣及自然性皆是識心分別計度	世 間 無 知 惑 為 因 緣 及 自 然 性 皆 是 識 心 分 別 計 度 
X13n0285_003:0272b11	但有言說都無實義。	但有言說 都 無 實 義 
X13n0285_003:0272b12	凡外以析色歸空為因緣以頑空不動為自然稟	凡 外 以 析 色 歸 空 為 因 緣 以 頑 空 不 動 為 自 然 稟 
X13n0285_003:0272b13	藏教不得意人以滅色會空為因緣以真空不動	藏 教 不 得 意 人 以 滅 色 會 空 為 因 緣 以 真 空 不 動 
X13n0285_003:0272b14	為自然稟通教不得意人以體色即空為因緣以	為 自 然 稟 通 教 不 得 意 人 以 體 色 即 空 為 因 緣 以 
X13n0285_003:0272b15	空理無生為自然稟別教不得意人以緣了二修	空 理 無 生 為 自 然 稟 別 教 不 得 意 人 以 緣 了 二 修 
X13n0285_003:0272b16	顯發真如為因緣以真如佛性迥出二邊為自然	顯 發 真 如 為 因 緣 以 真 如 佛 性 迥 出 二 邊 為 自 然 
X13n0285_003:0272b17	皆由不了藏性故終無實義可得耳惟其藏性即	皆 由 不 了 藏 性 故 終 無 實 義 可 得 耳 惟 其 藏 性 即 
X13n0285_003:0272b18	空大性故虗空藏菩薩悟之妙力圓明。六明藏	空 大 性 故 虗 空 藏 菩 薩 悟 之 妙 力 圓 明 六 明 藏 
X13n0285_003:0272b19	性即根大性然一切大小乘經秪明六大所謂地	性 即 根 大 性 然 一 切 大 小 乘 經 秪 明 六 大 所 謂 地 
X13n0285_003:0272b20	水火風空識皆不別立此根大名以一切諸法色	水 火 風 空 識 皆 不 別 立 此 根 大 名 以 一切諸法 色 
X13n0285_003:0272b21	心收盡地水火風空五大同是色法識大即是心	心 收 盡 地水火風 空 五 大 同 是 色 法 識 大 即 是 心 
X13n0285_003:0272b22	法此之前五浮勝二根及浮塵肉團還屬前五大	法 此 之 前 五 浮 勝 二 根 及 浮 塵 肉 團 還 屬 前 五 大 
X13n0285_003:0272b23	攝勝義意根即識大攝所以不須立也今經別立	攝 勝 義 意 根 即 識 大 攝 所 以 不 須 立 也 今 經 別 立 
X13n0285_003:0272b24	根大須知於前五根不取浮勝二種色法但取任	根 大 須 知 於 前 五 根 不 取 浮 勝 二 種 色 法 但 取 任 
X13n0285_003:0272c01	運照現量境一種功能於第六根不取浮塵肉團	運 照 現 量 境 一 種 功 能 於 第 六 根 不 取 浮 塵 肉 團 
X13n0285_003:0272c02	色法但取勝義默容諸法一種功能當知即是第	色 法 但 取 勝 義 默 容 諸 法 一 種 功 能 當 知 即 是 第 
X13n0285_003:0272c03	八識之見分寄在六根門頭緣彼現量六塵者也	八 識 之 見 分 寄 在 六 根 門 頭 緣 彼 現 量 六 塵 者 也 
X13n0285_003:0272c04	立此根大凡有三意一者為收前法故二者為順	立 此 根 大 凡 有 三 意 一 者 為 收 前 法 故 二 者 為 順 
X13n0285_003:0272c05	後文故三者為立圓通境故初為收前法又有三	後 文 故 三 者 為 立 圓 通 境 故 初 為 收 前 法 又 有 三 
X13n0285_003:0272c06	意一者前文十番辨見皆借見精以顯妙性今更	意 一 者 前 文 十 番 辨 見 皆 借 見 精 以 顯 妙 性 今 更 
X13n0285_003:0272c07	申明見聞等精即是藏性藏性如真月見聞等精	申 明 見 聞 等 精 即 是 藏 性 藏 性 如 真 月 見 聞 等 精 
X13n0285_003:0272c08	與色空等塵如二月依真月有二月指二月即真	與 色 空 等 塵 如 二 月 依 真 月 有 二 月 指 二 月 即 真 
X13n0285_003:0272c09	月則見見非見之旨至此愈明二者前以五陰收	月 則 見 見 非 見 之 旨 至 此 愈 明 二 者 前 以 五 陰 收 
X13n0285_003:0272c10	一切法罄無不盡今開色陰為前五大指受陰為	一 切 法 罄 無 不 盡 今 開 色 陰 為 前 五 大 指 受 陰 為 
X13n0285_003:0272c11	根大指想行識三陰為識大一一大中仍各具足	根 大 指 想 行 識 三 陰 為 識 大 一 一 大 中 仍 各 具 足 
X13n0285_003:0272c12	十界五陰以色心二法決不相離故也三者前以	十 界 五 陰 以 色 心 二 法 決 不 相 離 故 也 三 者 前 以 
X13n0285_003:0272c13	十八界收一切法亦無不盡今橫開六塵為前五	十 八 界 收 一 切 法 亦 無 不 盡 今 橫 開 六 塵 為 前 五 
X13n0285_003:0272c14	大合六根為根大合六識為識大若合若開咸成	大 合 六 根 為 根 大 合 六 識 為 識 大 若 合 若 開 咸 成 
X13n0285_003:0272c15	所觀妙境初意竟二為順後文者文云生死輪轉	所 觀 妙 境 初 意 竟 二 為 順 後 文 者 文 云 生 死 輪 轉 
X13n0285_003:0272c16	安樂妙常同是六根更非他物將欲說此法門故	安 樂 妙 常 同 是 六 根 更 非 他 物 將 欲 說 此 法 門 故 
X13n0285_003:0272c17	先立此大也三為立圓通境者如六塵六根六識	先 立 此 大 也 三 為 立 圓 通 境 者 如 六 塵 六 根 六 識 
X13n0285_003:0272c18	皆為下文諸聖圓通而作張本設不立此根大則	皆 為 下 文 諸 聖 圓 通 而 作 張 本 設 不 立 此 根 大 則 
X13n0285_003:0272c19	勢至念佛圓通便為無據故須別立此根大也文	勢 至 念 佛 圓 通 便 為 無 據 故 須 別 立 此 根 大 也 文 
X13n0285_003:0272c20	分為四初破妄執二明大均三顯理性四斥迷惑。	分 為 四 初 破 妄 執 二 明 大 均 三 顯 理 性 四 斥 迷 惑 
X13n0285_003:0272c21	今初。	今 初 
X13n0285_003:0272c22	阿難見覺無知因色空有如汝今者在祇陀林朝明	阿 難 見 覺 無 知 因 色 空 有 如 汝 今 者 在 祇 陀 林 朝 明 
X13n0285_003:0272c23	夕昏設居中宵白月則光黑月便暗則明暗等因見	夕 昏 設 居 中 宵 白 月 則 光 黑 月 便 暗 則 明 暗 等 因 見 
X13n0285_003:0272c24	分析此見為復與明暗相并太虗空為同一體為非	分 析 此 見 為 復 與 明 暗 相 并 太 虗 空 為 同 一 體 為 非 
X13n0285_003:0273a01	一體或同非同或異非異阿難此見若復與明與暗	一 體 或 同 非 同 或 異 非 異 阿 難 此 見 若 復 與 明 與 暗 
X13n0285_003:0273a02	及與虗空元一體者則明與暗二體相亡暗時無明	及 與 虗 空 元 一 體 者 則 明 與 暗 二 體 相 亡 暗 時 無 明 
X13n0285_003:0273a03	明時無暗若與暗一明則見亡必一於明暗時當滅	明 時 無 暗 若 與 暗 一 明 則 見 亡 必 一 於 明 暗 時 當 滅 
X13n0285_003:0273a04	滅則云何見明見暗若明暗殊見無生滅一云何成	滅 則 云 何 見 明 見 暗 若 明 暗 殊 見 無 生 滅 一 云 何 成 
X13n0285_003:0273a05	若此見精與暗與明非一體者汝離明暗及與虗空	若 此 見 精 與 暗 與 明 非 一 體 者 汝 離 明 暗 及 與 虗 空 
X13n0285_003:0273a06	分析見元作何形相離明離暗及與虗空是見元同	分 析 見 元 作 何 形 相 離 明 離 暗 及 與 虗 空 是 見 元 同 
X13n0285_003:0273a07	龜毛兔角明暗虗空三事俱異從何立見明暗相背	龜 毛 兔 角 明 暗 虗 空 三 事 俱 異 從 何 立 見 明 暗 相 背 
X13n0285_003:0273a08	云何或同離三元無云何或異分空分見本無邊畔	云 何 或 同 離 三 元 無 云 何 或 異 分 空 分 見 本 無 邊 畔 
X13n0285_003:0273a09	云何非同見暗見明性非遷改云何非異汝更細審	云 何 非 同 見 暗 見 明 性 非 遷 改 云 何 非 異 汝 更 細 審 
X13n0285_003:0273a10	微細審詳審諦審觀明從太陽暗隨黑月通屬虗空	微 細 審 詳 審 諦 審 觀 明 從 太 陽 暗 隨 黑 月 通 屬 虗 空 
X13n0285_003:0273a11	壅歸大地如是見精因何所出見覺空頑非和非合	壅 歸 大 地 如 是 見 精 因 何 所 出 見 覺 空 頑 非 和 非 合 
X13n0285_003:0273a12	不應見精無從自出。	不 應 見 精 無 從 自 出 
X13n0285_003:0273a13	十法界見聞覺知一往皆是寄在六根總名根大	十 法 界 見聞覺知 一 往 皆 是 寄 在 六 根 總 名 根 大 
X13n0285_003:0273a14	舊稱見大得別遺總今所不用今但約見根一法	舊 稱 見 大 得 別 遺 總 今 所 不 用 今 但 約 見 根 一 法 
X13n0285_003:0273a15	辨之以例餘五根耳見覺無知因色空有者此明	辨 之 以 例 餘 五 根 耳 見 覺 無 知 因 色 空 有 者 此 明 
X13n0285_003:0273a16	緣生之見無自體性以例開齅覺知無不皆爾也	緣 生 之 見 無 自 體 性 以 例 開 齅 覺 知 無 不 皆 爾 也 
X13n0285_003:0273a17	則明暗等因見分析者意顯明暗亦無自性還與	則 明 暗 等 因 見 分 析 者 意 顯 明 暗 亦 無 自 性 還 與 
X13n0285_003:0273a18	見覺互為因緣以例動靜合離生滅等法亦無不	見 覺 互 為 因 緣 以 例 動 靜 合 離 生 滅 等 法 亦 無 不 
X13n0285_003:0273a19	皆爾也此是正舉因緣生法下乃廣明無性先徵	皆 爾 也 此 是 正 舉 因緣生法 下 乃 廣 明 無 性 先 徵 
X13n0285_003:0273a20	次破徵中共立六句一者一體二者非一體三者	次 破 徵 中 共 立 六 句 一 者 一 體 二 者 非 一 體 三 者 
X13n0285_003:0273a21	或同四者非同五者或異六者非異若未達隨緣	或 同 四 者 非 同 五 者 或 異 六 者 非 異 若 未 達 隨 緣 
X13n0285_003:0273a22	不變不變隨緣妙性假饒聰辨明了斷斷不能出	不 變 不 變 隨 緣 妙 性 假 饒 聰 辨 明 了 斷 斷 不 能 出 
X13n0285_003:0273a23	此六句戲論窠臼故徵起而一一破之初從阿難	此 六 句 戲 論 窠 臼 故 徵 起 而 一 一 破 之 初 從 阿 難 
X13n0285_003:0273a24	此見至一云何成先破一體文相易知二從若此	此 見 至 一 云 何 成 先 破 一 體 文 相 易 知 二 從 若 此 
X13n0285_003:0273b01	見精至從何立見破非一體言明暗虗空三事俱	見 精 至 從 何 立 見 破 非 一 體 言 明 暗 虗 空 三 事 俱 
X13n0285_003:0273b02	異者異字訓作離字設三事一總俱離則無從立	異 者 異 字 訓 作 離 字 設 三 事 一 總 俱 離 則 無 從 立 
X13n0285_003:0273b03	見矣三明暗相背以破或同或者不定之辭今明	見 矣 三 明 暗 相 背 以 破 或 同 或 者 不 定 之 辭 今 明 
X13n0285_003:0273b04	暗決定相背是故不可說或同也四離三元無超	暗 決 定 相 背 是 故 不 可 說 或 同 也 四 離 三 元 無 超 
X13n0285_003:0273b05	破或異設令離於明暗空三稍有見之自體可以	破 或 異 設 令 離 於 明 暗 空 三 稍 有 見 之 自 體 可 以 
X13n0285_003:0273b06	指陳可說或異今既無可別指是故不可說或異	指 陳 可 說 或 異 今 既 無 可 別 指 是 故 不 可 說 或 異 
X13n0285_003:0273b07	也分空分見本無邊畔追破非同非同即異但是	也 分 空 分 見 本 無 邊 畔 追 破 非 同 非 同 即 異 但 是 
X13n0285_003:0273b08	防轉計者之變文耳見暗見明性非遷改以破非	防 轉 計 者 之 變 文 耳 見 暗 見 明 性 非 遷 改 以 破 非 
X13n0285_003:0273b09	異非異即同亦是防轉計者之變文耳汝更細審	異 非 異 即 同 亦 是 防 轉 計 者 之 變 文 耳 汝 更 細 審 
X13n0285_003:0273b10	下囑令更加精研欲其悟入藏性蓋不達藏性則	下 囑 令 更 加 精 研 欲 其 悟 入 藏 性 蓋 不 達 藏 性 則 
X13n0285_003:0273b11	見聞等根是覺知性空及四大是頑礙性故非和	見 聞 等 根 是 覺 知 性 空 及 四 大 是 頑 礙 性 故 非 和 
X13n0285_003:0273b12	非合此破其和合妄計也不應見精無從自出一	非 合 此 破 其 和 合 妄 計 也 不 應 見 精 無 從 自 出 一 
X13n0285_003:0273b13	句又破其轉計不和合也。二明大均。	句 又 破 其 轉 計 不 和 合 也 二 明 大 均 
X13n0285_003:0273b14	若見聞知性圓周徧本不動搖當知無邊不動虗空	若 見 聞 知 性 圓 周 徧 本 不 動 搖 當 知 無 邊 不 動 虗 空 
X13n0285_003:0273b15	并其動搖地水火風均名六大性真圓融皆如來藏	并 其 動 搖 地水火風 均 名 六 大 性 真 圓 融 皆 如 來 藏 
X13n0285_003:0273b16	本無生滅阿難汝性沉淪不悟汝之見聞覺知本如	本 無 生 滅 阿 難 汝 性 沉 淪 不 悟 汝 之 見聞覺知 本 如 
X13n0285_003:0273b17	來藏汝當觀此見聞覺知為生為滅為同為異為非	來 藏 汝 當 觀 此 見聞覺知 為 生 為 滅 為 同 為 異 為 非 
X13n0285_003:0273b18	生滅為非同異。	生 滅 為 非 同 異 
X13n0285_003:0273b19	此以見聞覺知均前五大而名六大顯其皆性皆	此 以 見聞覺知 均 前 五 大 而 名 六 大 顯 其 皆 性 皆 
X13n0285_003:0273b20	真無二無別也蓋九界眾生於此見與見緣二法	真 無 二 無 別 也 蓋 九 界 眾 生 於 此 見 與 見 緣 二 法 
X13n0285_003:0273b21	總未能融通為一凡夫計前五大為實法計內六	總 未 能 融 通 為 一 凡 夫 計 前 五 大 為 實 法 計 內 六 
X13n0285_003:0273b22	根為實我敵體相對二乘執五大為生滅外法執	根 為 實 我 敵 體 相 對 二 乘 執 五 大 為 生 滅 外 法 執 
X13n0285_003:0273b23	六根為生滅內法敵體相對稟通教人謂五大為	六 根 為 生 滅 內 法 敵 體 相 對 稟 通 教 人 謂 五 大 為 
X13n0285_003:0273b24	如幻外法謂六根為如幻內法亦敵體相對稟別	如 幻 外 法 謂 六 根 為 如 幻 內 法 亦 敵 體 相 對 稟 別 
X13n0285_003:0273c01	教人雖知前五大為相分見聞覺知為見分然必	教 人 雖 知 前 五 大 為 相 分 見聞覺知 為 見 分 然 必 
X13n0285_003:0273c02	遠離依他起性方證圓成實性今在妄中則見相	遠 離 依他起性 方 證 圓成實性 今 在 妄 中 則 見 相 
X13n0285_003:0273c03	二分亦復敵體相對孰知五大即見聞覺知見聞	二 分 亦 復 敵 體 相 對 孰 知 五 大 即 見聞覺知 見 聞 
X13n0285_003:0273c04	覺知即五大見聞覺知即藏性五大亦即藏性藏	覺 知 即 五 大 見聞覺知 即 藏 性 五 大 亦 即 藏 性 藏 
X13n0285_003:0273c05	性即見聞覺知藏性亦即五大是故十法界見聞	性 即 見聞覺知 藏 性 亦 即 五 大 是 故 十 法 界 見 聞 
X13n0285_003:0273c06	覺知即是十法界地水火風空十法界地水火風	覺 知 即 是 十 法 界 地水火風 空 十 法 界 地水火風 
X13n0285_003:0273c07	空即是十法界見聞覺知今承上文拈出見根一	空 即 是 十 法 界 見聞覺知 今 承 上 文 拈 出 見 根 一 
X13n0285_003:0273c08	種即復非一非異非同不同四句咸離百非俱遺	種 即 復 非一非異 非 同 不 同 四 句 咸 離 百 非 俱 遺 
X13n0285_003:0273c09	始信十界見聞覺知性圓周徧本不動搖與彼虗	始 信 十 界 見聞覺知 性 圓 周 徧 本 不 動 搖 與 彼 虗 
X13n0285_003:0273c10	空四大一一性真圓融皆如來藏本無生滅明矣	空 四 大 一 一 性 真 圓 融 皆 如 來 藏 本 無 生 滅 明 矣 
X13n0285_003:0273c11	言無邊不動虗空動搖地水火風者仍是隨他意	言 無 邊 不 動 虗 空 動 搖 地水火風 者 仍 是 隨 他 意 
X13n0285_003:0273c12	語既知藏性則虗空非動非不動雙照動與不動	語 既 知 藏 性 則 虗 空 非 動 非 不 動 雙 照 動 與 不 動 
X13n0285_003:0273c13	地水火風亦非動非不動雙照動與不動隨緣常	地水火風 亦 非 動 非 不 動 雙 照 動 與 不 動 隨 緣 常 
X13n0285_003:0273c14	不變故五大皆動而非動不變常隨緣故五大皆	不 變 故 五 大 皆 動 而 非 動 不 變 常 隨 緣 故 五 大 皆 
X13n0285_003:0273c15	非動而動又隨緣常不變故十界五大皆非動非	非 動 而 動 又 隨 緣 常 不 變 故 十 界 五 大 皆 非 動 非 
X13n0285_003:0273c16	不動不變常隨緣故九界五大皆非動而動佛界	不 動 不 變 常 隨 緣 故 九 界 五 大 皆 非 動 而 動 佛 界 
X13n0285_003:0273c17	五大皆動而非動不達此致則動與不動皆為戲	五 大 皆 動 而 非 動 不 達 此 致 則 動 與 不 動 皆 為 戲 
X13n0285_003:0273c18	論耳汝當觀此見聞覺知為生為滅等者意顯汝	論 耳 汝 當 觀 此 見聞覺知 為 生 為 滅 等 者 意 顯 汝 
X13n0285_003:0273c19	今現前見聞覺知既不是生滅同異又不是非生	今 現 前 見聞覺知 既 不 是 生 滅 同 異 又 不 是 非 生 
X13n0285_003:0273c20	滅非同異則非如來藏性而何蓋藏性隨緣常不	滅 非 同 異 則 非 如 來 藏 性 而 何 蓋 藏 性 隨 緣 常 不 
X13n0285_003:0273c21	變故所以不是生滅同異不變常隨緣故所以不	變 故 所 以 不 是 生 滅 同 異 不 變 常 隨 緣 故 所 以 不 
X13n0285_003:0273c22	是非生滅非同異也若迷此妙性則說生說滅說	是 非 生 滅 非 同 異 也 若 迷 此 妙 性 則 說 生 說 滅 說 
X13n0285_003:0273c23	同說異說非生滅說非同異俱是戲論若達此妙	同 說 異 說 非 生 滅 說 非 同 異 俱 是 戲 論 若 達 此 妙 
X13n0285_003:0273c24	性則一切戲論皆得除滅亦可隨四悉檀巧作生	性 則 一 切 戲 論 皆 得 除 滅 亦 可 隨 四 悉 檀 巧 作 生 
X13n0285_003:0274a01	滅非同異種種說矣。三顯理性。	滅 非 同 異 種 種 說 矣 三 顯 理 性 
X13n0285_003:0274a02	汝曾不知如來藏中性見覺明覺精明見清淨本然	汝 曾 不 知 如 來 藏 中 性 見 覺 明 覺 精 明 見 清 淨 本 然 
X13n0285_003:0274a03	周徧法界隨眾生心應所知量如一見根見周法界	周 徧 法 界 隨 眾 生 心 應 所 知 量 如 一 見 根 見 周 法 界 
X13n0285_003:0274a04	聽齅嘗觸覺觸覺知妙德瑩然周徧法界圓滿十虗	聽 齅 嘗 觸 覺 觸 覺 知 妙 德 瑩 然 周 徧 法 界 圓 滿 十 虗 
X13n0285_003:0274a05	寧有方所循業發現。	寧 有 方 所 循 業 發 現 
X13n0285_003:0274a06	此明性具十法界見聞覺知見之與識皆性皆明	此 明 性 具 十 法 界 見聞覺知 見 之 與 識 皆 性 皆 明 
X13n0285_003:0274a07	也覺明覺精即初卷所謂識精元明指自證分言	也 覺 明 覺 精 即 初 卷 所 謂 識 精 元 明 指 自 證 分 言 
X13n0285_003:0274a08	之前文既以見聞覺知均於五大則今舉一見字	之 前 文 既 以 見聞覺知 均 於 五 大 則 今 舉 一 見 字 
X13n0285_003:0274a09	便是全舉六大人謂六大之中五是相分根是見	便 是 全 舉 六 大 人 謂 六 大 之 中 五 是 相 分 根 是 見 
X13n0285_003:0274a10	分見相二分不是自證殊不知見相即是自證自	分 見 相 二 分 不 是 自 證 殊 不 知 見 相 即 是 自 證 自 
X13n0285_003:0274a11	證即是見相見相自證無非妙性無非真明是故	證 即 是 見 相 見 相 自 證 無 非 妙 性 無 非 真 明 是 故 
X13n0285_003:0274a12	十法界若見若相一一無非清淨本然周徧法界	十 法 界 若 見 若 相 一 一 無 非 清 淨 本 然 周 徧 法 界 
X13n0285_003:0274a13	是謂隨緣不變之體隨十界眾生之心應其所知	是 謂 隨 緣 不 變 之 體 隨 十 界 眾 生 之 心 應 其 所 知 
X13n0285_003:0274a14	之量如一見根眾生洞視不過分寸而非減如來	之 量 如 一 見 根 眾 生 洞 視 不 過 分 寸 而 非 減 如 來 
X13n0285_003:0274a15	窮盡微塵清淨國土無所不矚而非增聽齅嘗等	窮 盡 微 塵 清 淨 國 土 無 所 不 矚 而 非 增 聽 齅 嘗 等 
X13n0285_003:0274a16	莫不皆然各各性具一千二百功德橫徧豎窮故	莫 不 皆 然 各 各 性 具 一 千 二 百 功 德 橫 徧 豎 窮 故 
X13n0285_003:0274a17	曰妙德瑩然秪由十界業異故循業發現而為十	曰 妙 德 瑩 然 秪 由 十 界 業 異 故 循 業 發 現 而 為 十 
X13n0285_003:0274a18	界六根於無差別性中妄見種種差別是為不變	界 六 根 於 無 差 別 性 中 妄 見 種種差別 是 為 不 變 
X13n0285_003:0274a19	隨緣之用也。四斥迷惑。	隨 緣 之 用 也 四 斥 迷 惑 
X13n0285_003:0274a20	世間無知惑為因緣及自然性皆是識心分別計度	世 間 無 知 惑 為 因 緣 及 自 然 性 皆 是 識 心 分 別 計 度 
X13n0285_003:0274a21	但有言說都無實義。	但有言說 都 無 實 義 
X13n0285_003:0274a22	凡外計六根是我從時方微塵大自在天等生為	凡 外 計 六 根 是 我 從 時 方 微 塵 大 自 在 天 等 生 為 
X13n0285_003:0274a23	因緣計神我徧滿十方為自然稟藏教不得意人	因 緣 計 神 我 徧 滿 十 方 為 自 然 稟 藏 教 不 得 意 人 
X13n0285_003:0274a24	執名色緣六入為因緣六入既滅所證偏真為自	執 名 色 緣 六 入 為 因 緣 六 入 既 滅 所 證 偏 真 為 自 
X13n0285_003:0274b01	然稟通教不得意人以如幻六入為因緣六入體	然 稟 通 教 不 得 意 人 以 如 幻 六 入 為 因 緣 六 入 體 
X13n0285_003:0274b02	空為自然稟別教不得意人以依他起性成於六	空 為 自 然 稟 別 教 不 得 意 人 以 依他起性 成 於 六 
X13n0285_003:0274b03	根為因緣以六根消滅所證圓成實性為自然皆	根 為 因 緣 以 六 根 消 滅 所 證 圓成實性 為 自 然 皆 
X13n0285_003:0274b04	由不了藏性故無實義也惟其藏性即根大性故	由 不 了 藏 性 故 無 實 義 也 惟 其 藏 性 即 根 大 性 故 
X13n0285_003:0274b05	大勢至法王子悟之成念佛三昧。七明藏性即	大 勢 至 法 王 子 悟 之 成 念佛三昧 七 明 藏 性 即 
X13n0285_003:0274b06	識大性然小乘惟言六識大乘則言八識或言九	識 大 性 然 小 乘 惟 言 六 識 大 乘 則 言 八 識 或 言 九 
X13n0285_003:0274b07	識須知第九識名乃就果地而立實無別體秪約	識 須 知 第 九 識 名 乃 就 果 地 而 立 實 無 別 體 秪 約 
X13n0285_003:0274b08	八識之性出障圓明故更加以白淨之號喚作菴	八 識 之 性 出 障 圓 明 故 更 加 以 白 淨 之 號 喚 作 菴 
X13n0285_003:0274b09	摩羅識耳今經第八第七兩識總攝入於意根前	摩 羅 識 耳 今 經 第 八 第 七 兩 識 總 攝 入 於 意 根 前 
X13n0285_003:0274b10	文所云思量兼了別性是也此則已屬根大中收	文 所 云 思 量 兼 了 別 性 是 也 此 則 已 屬 根 大 中 收 
X13n0285_003:0274b11	故今獨約前六識言之明其皆是性具分文為四	故 今 獨 約 前 六 識 言 之 明 其 皆 是 性 具 分 文 為 四 
X13n0285_003:0274b12	初破妄執二明大均三顯理性四斥迷惑。今初。	初 破 妄 執 二 明 大 均 三 顯 理 性 四 斥 迷 惑 今 初 
X13n0285_003:0274b13	阿難識性無源因於六種根塵妄出汝今徧觀此會	阿 難 識 性 無 源 因 於 六 種 根 塵 妄 出 汝 今 徧 觀 此 會 
X13n0285_003:0274b14	聖眾用目循歷其目周視但如鏡中無別分析汝識	聖 眾 用 目 循 歷 其 目 周 視 但 如 鏡 中 無 別 分 析 汝 識 
X13n0285_003:0274b15	於中次第標指此是文殊此富樓那此目犍連此須	於 中 次 第 標 指 此 是 文 殊 此 富 樓 那 此 目 犍 連 此 須 
X13n0285_003:0274b16	菩提此舍利弗此識了知為生於見為生於相為生	菩 提 此 舍 利 弗 此 識 了 知 為 生 於 見 為 生 於 相 為 生 
X13n0285_003:0274b17	虗空為無所因突然而出阿難若汝識性生於見中	虗 空 為 無 所 因 突 然 而 出 阿 難 若 汝 識 性 生 於 見 中 
X13n0285_003:0274b18	如無明暗及與色空四種必無元無汝見見性尚無	如 無 明 暗 及 與 色 空 四 種 必 無 元 無 汝 見 見 性 尚 無 
X13n0285_003:0274b19	從何發識若汝識性生於相中不從見生既不見明	從 何 發 識 若 汝 識 性 生 於 相 中 不 從 見 生 既 不 見 明 
X13n0285_003:0274b20	亦不見暗明暗不矚即無色空彼相尚無識從何發	亦 不 見 暗 明 暗 不 矚 即 無 色 空 彼 相 尚 無 識 從 何 發 
X13n0285_003:0274b21	若生於空非相非見非見無辨自不能知明暗色空	若 生 於 空 非 相 非 見 非 見 無 辨 自 不 能 知 明 暗 色 空 
X13n0285_003:0274b22	非相滅緣見聞覺知無處安立處此二非空則同無	非 相 滅 緣 見聞覺知 無 處 安 立 處 此 二 非 空 則 同 無 
X13n0285_003:0274b23	有非同物縱發汝識欲何分別若無所因突然而出	有 非 同 物 縱 發 汝 識 欲 何 分 別 若 無 所 因 突 然 而 出 
X13n0285_003:0274b24	何不日中別識明月汝更細詳微細詳審見托汝睛	何 不 日 中 別 識 明 月 汝 更 細 詳 微 細 詳 審 見 托 汝 睛 
X13n0285_003:0274c01	相推前境可狀成有不相成無如是識緣因何所出	相 推 前 境 可 狀 成 有 不 相 成 無 如 是 識 緣 因 何 所 出 
X13n0285_003:0274c02	識動見澄非和非合聞聽覺知亦復如是不應識緣	識 動 見 澄 非 和 非 合 聞 聽 覺 知 亦復如是 不 應 識 緣 
X13n0285_003:0274c03	無從自出。	無 從 自 出 
X13n0285_003:0274c04	十法界六種識心總名識大今且就阿難眼識辨	十 法 界 六 種 識 心 總 名 識 大 今 且 就 阿 難 眼 識 辨 
X13n0285_003:0274c05	之以例其餘五識識性無源因於六種根塵妄出	之 以 例 其 餘 五 識 識 性 無 源 因 於 六 種 根 塵 妄 出 
X13n0285_003:0274c06	者正明識是緣生破性計也汝今徧觀下重舉因	者 正 明 識 是 緣 生 破 性 計 也 汝 今 徧 觀 下 重 舉 因 
X13n0285_003:0274c07	緣生法此識了知下推其緣生無性舉因緣中辨	緣 生 法 此 識 了 知 下 推 其 緣 生 無 性 舉 因 緣 中 辨 
X13n0285_003:0274c08	於根識不同之相循歷周視先辨根相即前文根	於 根 識 不 同 之 相 循 歷 周 視 先 辨 根 相 即 前 文 根 
X13n0285_003:0274c09	大中所謂見大此是第八識之見分寄於浮勝二	大 中 所 謂 見 大 此 是 第 八 識 之 見 分 寄 於 浮 勝 二 
X13n0285_003:0274c10	種眼根任運了境無別分析故喻以但如鏡中然	種 眼 根 任 運 了 境 無 別 分 析 故 喻 以 但 如 鏡 中 然 
X13n0285_003:0274c11	不同鏡之無知也汝識於中次第標指等次辨識	不 同 鏡 之 無 知 也 汝 識 於 中 次 第 標 指 等 次 辨 識 
X13n0285_003:0274c12	相此中眼識與同時意識亦復有別佛雖不說理	相 此 中 眼 識 與 同 時 意 識 亦 復 有 別 佛 雖 不 說 理 
X13n0285_003:0274c13	合知之若但親緣文殊舍利等相不帶名言者則	合 知 之 若 但 親 緣 文 殊 舍 利 等 相 不 帶 名 言 者 則 
X13n0285_003:0274c14	是眼識功能若起文殊舍利等名言即是同時意	是 眼 識 功 能 若 起 文 殊 舍 利 等 名 言 即 是 同 時 意 
X13n0285_003:0274c15	識功能又眼識所緣文殊舍利等相但是托彼文	識 功 能 又 眼 識 所 緣 文 殊 舍 利 等 相 但 是 托 彼 文 
X13n0285_003:0274c16	殊舍利本質之境變起眼識家自相分境而為所	殊 舍 利 本 質 之 境 變 起 眼 識 家 自 相 分 境 而 為 所 
X13n0285_003:0274c17	緣非即緣彼文殊舍利實體以文殊舍利實體乃	緣 非 即 緣 彼 文 殊 舍 利 實 體 以 文 殊 舍 利 實 體 乃 
X13n0285_003:0274c18	阿難第八識之相分是彼見大之所緣緣故也推	阿 難 第 八 識 之 相 分 是 彼 見 大 之 所 緣 緣 故 也 推 
X13n0285_003:0274c19	無性中先立四句然後一一推破初破生於見中	無 性 中 先 立 四 句 然 後 一 一 推 破 初 破 生 於 見 中 
X13n0285_003:0274c20	二破生於相中文皆可知三破生於空者夫空則	二 破 生 於 相 中 文 皆 可 知 三 破 生 於 空 者 夫 空 則 
X13n0285_003:0274c21	既非是相亦非是見非見則無所辨自不能知明	既 非 是 相 亦 非 是 見 非 見 則 無 所 辨 自 不 能 知 明 
X13n0285_003:0274c22	暗色空非相則滅前緣何處可用見聞知覺既是	暗 色 空 非 相 則 滅 前 緣 何 處 可 用 見 聞 知 覺 既 是 
X13n0285_003:0274c23	處此二非為一總俱空耶為除見相之外別有一	處 此 二 非 為 一 總 俱 空 耶 為 除 見 相 之 外 別 有 一 
X13n0285_003:0274c24	法耶若一總俱空則同於無若別有一法亦非同	法 耶 若 一 總 俱 空 則 同 於 無 若 別 有 一 法 亦 非 同 
X13n0285_003:0275a01	於見相之物縱發汝識欲何分別乎四破無因生	於 見 相 之 物 縱 發 汝 識 欲 何 分 別 乎 四 破 無 因 生 
X13n0285_003:0275a02	者眼識與同時意識皆惟緣現量境決無日中別	者 眼 識 與 同 時 意 識 皆 惟 緣 現 量 境 決 無 日 中 別 
X13n0285_003:0275a03	識明月之理因見日故方了別日則非無因明矣	識 明 月 之 理 因 見 日 故 方 了 別 日 則 非 無 因 明 矣 
X13n0285_003:0275a04	此以因見因相因空同屬因緣以無因為自然而	此 以 因 見 因 相 因 空 同 屬 因 緣 以 無 因 為 自 然 而 
X13n0285_003:0275a05	並破之汝更細詳下勸令更加審究并破和合不	並 破 之 汝 更 細 詳 下 勸 令 更 加 審 究 并 破 和 合 不 
X13n0285_003:0275a06	和合也見精托在汝睛形相推於前境但有可狀	和 合 也 見 精 托 在 汝 睛 形 相 推 於 前 境 但 有 可 狀 
X13n0285_003:0275a07	則方成有既不是相則便成無如是識緣既非見	則 方 成 有 既 不 是 相 則 便 成 無 如 是 識 緣 既 非 見 
X13n0285_003:0275a08	非相非空亦非無因畢竟因何所出況未達藏性	非 相 非 空 亦 非 無 因 畢 竟 因 何 所 出 況 未 達 藏 性 
X13n0285_003:0275a09	則識屬動搖見屬澄靜理必非和非合聞聽覺知	則 識 屬 動 搖 見 屬 澄 靜 理 必 非 和 非 合 聞 聽 覺 知 
X13n0285_003:0275a10	皆屬澄靜餘五種識亦皆動搖亦必非和非合此	皆 屬 澄 靜 餘 五 種 識 亦 皆 動 搖 亦 必 非 和 非 合 此 
X13n0285_003:0275a11	破其計和合也不應識緣無從自出一句破其轉	破 其 計 和 合 也 不 應 識 緣 無 從 自 出 一 句 破 其 轉 
X13n0285_003:0275a12	計不和合性。二明大均。	計 不和合性 二 明 大 均 
X13n0285_003:0275a13	若此識心本無所從當知了別見聞覺知圓滿湛然	若 此 識 心 本 無 所 從 當 知 了 別 見聞覺知 圓 滿 湛 然 
X13n0285_003:0275a14	性非從所兼彼虗空地水火風均名七大性真圓融	性 非 從 所 兼 彼 虗 空 地水火風 均 名 七 大 性 真 圓 融 
X13n0285_003:0275a15	皆如來藏本無生滅阿難汝心麤浮不悟見聞發明	皆 如 來 藏 本 無 生 滅 阿 難 汝 心 麤 浮 不 悟 見 聞 發 明 
X13n0285_003:0275a16	了知本如來藏汝應觀此六處識心為同為異為空	了 知 本 如 來 藏 汝 應 觀 此 六 處 識 心 為 同 為 異 為 空 
X13n0285_003:0275a17	為有為非同異為非空有。	為 有 為 非 同 異 為 非 空 有 
X13n0285_003:0275a18	此以六種識心均前六大而名七大顯其皆性皆	此 以 六 種 識 心 均 前 六 大 而 名 七 大 顯 其 皆 性 皆 
X13n0285_003:0275a19	真無二無別也蓋九界眾生於此識及根塵總未	真 無 二 無 別 也 蓋 九 界 眾 生 於 此 識 及 根 塵 總 未 
X13n0285_003:0275a20	能融通為一凡外計識中所現緣影為心計根為	能 融 通 為 一 凡 外 計 識 中 所 現 緣 影 為 心 計 根 為 
X13n0285_003:0275a21	身計塵為物敵體相對二乘執根塵為能生執識	身 計 塵 為 物 敵 體 相 對 二 乘 執 根 塵 為 能 生 執 識 
X13n0285_003:0275a22	心為所生亦敵體相對稟通教人雖知能生之根	心 為 所 生 亦 敵 體 相 對 稟 通 教 人 雖 知 能 生 之 根 
X13n0285_003:0275a23	塵如幻所生之識亦復如幻終非一體稟別教人	塵 如 幻 所 生 之 識 亦 復 如 幻 終 非 一 體 稟 別 教 人 
X13n0285_003:0275a24	雖知一切唯識而見相二分不說即妄恒真及於	雖 知 一 切 唯 識 而 見 相 二 分 不 說 即 妄 恒 真 及 於 
X13n0285_003:0275b01	見相二分之外別立自證及證自證仍復相對孰	見 相 二 分 之 外 別 立 自 證 及 證 自 證 仍 復 相 對 孰 
X13n0285_003:0275b02	知見相即自證自證即見相自證即藏性見相亦	知 見 相 即 自 證 自 證 即 見 相 自 證 即 藏 性 見 相 亦 
X13n0285_003:0275b03	即藏性藏性即自證藏性亦即見相是故十法界	即 藏 性 藏 性 即 自 證 藏 性 亦 即 見 相 是 故 十 法 界 
X13n0285_003:0275b04	識即是十法界地水火風空根十法界地水火風	識 即 是 十 法 界 地水火風 空 根 十 法 界 地水火風 
X13n0285_003:0275b05	空根即是十法界識今承上文拈出眼識一種如	空 根 即 是 十 法 界 識 今 承 上 文 拈 出 眼 識 一 種 如 
X13n0285_003:0275b06	此離過絕非始信十法界六識六根皆悉圓滿湛	此 離 過 絕 非 始 信 十 法 界 六 識 六 根 皆 悉 圓 滿 湛 
X13n0285_003:0275b07	然性非從所與彼虗空地水火風一一性真圓融	然 性 非 從 所 與 彼 虗 空 地水火風 一 一 性 真 圓 融 
X13n0285_003:0275b08	皆如來藏無生滅矣此中了別二字即指六識見	皆 如 來 藏 無 生 滅 矣 此 中 了 別 二 字 即 指 六 識 見 
X13n0285_003:0275b09	聞覺知四字仍指六根汝心麤浮下責其不悟識	聞 覺 知 四 字 仍 指 六 根 汝 心 麤 浮 下 責 其 不 悟 識 
X13n0285_003:0275b10	心本如來藏而勑令更加觀察也六處識心為同	心 本 如 來 藏 而 勑 令 更 加 觀 察 也 六 處 識 心 為 同 
X13n0285_003:0275b11	為異等者若言其同則眼識胡不別聲耳識胡不	為 異 等 者 若 言 其 同 則 眼 識 胡 不 別 聲 耳 識 胡 不 
X13n0285_003:0275b12	辨色若言其異則耳自聽法何故身起欽承口來	辨 色 若 言 其 異 則 耳 自 聽 法 何 故 身 起 欽 承 口 來 
X13n0285_003:0275b13	問義若言其空何故了了明明不可斷滅若言其	問 義 若 言 其 空 何 故 了 了 明 明 不 可 斷 滅 若 言 其 
X13n0285_003:0275b14	有何故內外中間俱無所在若言非同何故性中	有 何 故 內 外 中 間 俱 無 所 在 若 言 非 同 何 故 性 中 
X13n0285_003:0275b15	相知若言非異何故用中相背若言非空何故覓	相 知 若 言 非 異 何 故 用 中 相 背 若 言 非 空 何 故 覓 
X13n0285_003:0275b16	不可得若言非有何故應用無盡既此六處識心	不 可 得 若 言 非 有 何 故 應 用 無 盡 既 此 六 處 識 心 
X13n0285_003:0275b17	不是同異空有亦不是非同非異非空非有謂非	不 是 同 異 空 有 亦 不 是 非 同 非 異 非 空 非 有 謂 非 
X13n0285_003:0275b18	如來藏性而何蓋藏性隨緣常不變故所以不是	如 來 藏 性 而 何 蓋 藏 性 隨 緣 常 不 變 故 所 以 不 是 
X13n0285_003:0275b19	同異空有藏性不變常隨緣故所以不是非同非	同 異 空 有 藏 性 不 變 常 隨 緣 故 所 以 不 是 非 同 非 
X13n0285_003:0275b20	異非空非有也若迷此妙性則說同說異說空說	異 非 空 非 有 也 若 迷 此 妙 性 則 說 同 說 異 說 空 說 
X13n0285_003:0275b21	有說非同異說非空有俱為戲論若達此妙性則	有 說 非 同 異 說 非 空 有 俱 為 戲 論 若 達 此 妙 性 則 
X13n0285_003:0275b22	戲論自滅亦可隨四悉檀作同異等種種說矣。	戲 論 自 滅 亦 可 隨 四 悉 檀 作 同 異 等 種 種 說 矣 
X13n0285_003:0275b23	三顯理性。	三 顯 理 性 
X13n0285_003:0275b24	汝元不知如來藏中性識明知覺明真識妙覺湛然	汝 元 不 知 如 來 藏 中 性 識 明 知 覺 明 真 識 妙 覺 湛 然 
X13n0285_003:0275c01	徧周法界含吐十虗寧有方所循業發現。	徧 周 法 界 含 吐 十 虗 寧 有 方 所 循 業 發 現 
X13n0285_003:0275c02	此明性具十法界六識識與本覺皆性皆真也明	此 明 性 具 十 法 界 六 識 識 與 本 覺 皆 性 皆 真 也 明 
X13n0285_003:0275c03	知覺明即下文所謂性覺妙明本覺明妙指真如	知 覺 明 即 下 文 所 謂 性 覺 妙 明 本 覺 明 妙 指 真 如 
X13n0285_003:0275c04	理性言之前文既以識心均於六大則今舉一識	理 性 言 之 前 文 既 以 識 心 均 於 六 大 則 今 舉 一 識 
X13n0285_003:0275c05	字便是全舉七大人謂七大秪是根塵識三全體	字 便 是 全 舉 七 大 人 謂 七 大 秪 是 根 塵 識 三 全 體 
X13n0285_003:0275c06	虗妄不是妙明明妙真體殊不知性識即是明知	虗 妄 不 是 妙 明 明 妙 真 體 殊 不 知 性 識 即 是 明 知 
X13n0285_003:0275c07	覺明即是真識是故十法界識心一一無非妙覺	覺 明 即 是 真 識 是 故 十 法 界 識 心 一 一 無 非 妙 覺 
X13n0285_003:0275c08	湛然徧周法界是謂隨緣不變之體由此故有不	湛 然 徧 周 法 界 是 謂 隨 緣 不 變 之 體 由 此 故 有 不 
X13n0285_003:0275c09	變隨緣之用含吐十虗何方何所皆是循於十法	變 隨 緣 之 用 含 吐 十 虗 何 方 何 所 皆 是 循 於 十 法 
X13n0285_003:0275c10	界業而發現為十法界識也含吐二字通於迷悟	界 業 而 發 現 為 十 法 界 識 也 含 吐 二 字 通 於 迷 悟 
X13n0285_003:0275c11	且約佛界言之十世古今始終不離當念微塵剎	且 約 佛 界 言 之 十 世 古 今 始 終 不 離 當 念 微 塵 剎 
X13n0285_003:0275c12	土自他不隔毫端義之如含一念普觀無量劫一	土 自 他 不 隔 毫 端 義 之 如 含 一 念 普 觀 無 量 劫 一 
X13n0285_003:0275c13	光普照十方界義之如吐然含亦非含吐亦非吐	光 普 照 十 方 界 義 之 如 吐 然 含 亦 非 含 吐 亦 非 吐 
X13n0285_003:0275c14	故云寧有方所次約迷情言之取頻伽瓶滿中盛	故 云 寧 有 方 所 次 約 迷 情 言 之 取 頻 伽 瓶 滿 中 盛 
X13n0285_003:0275c15	空名之為含用餉他國開孔倒瓶名之為吐亦復	空 名 之 為 含 用 餉 他 國 開 孔 倒 瓶 名 之 為 吐 亦 復 
X13n0285_003:0275c16	含無所含吐無所吐故云寧有方所以要言之無	含 無 所 含 吐 無 所 吐 故 云 寧 有 方 所 以要言之 無 
X13n0285_003:0275c17	不還歸此法界故含徧十虗無不從此法界流故	不 還 歸 此 法 界 故 含 徧 十 虗 無 不 從 此 法 界 流 故 
X13n0285_003:0275c18	吐徧十虗相宗所謂集起名心集則是含起則是	吐 徧 十 虗 相 宗 所 謂 集 起 名 心 集 則 是 含 起 則 是 
X13n0285_003:0275c19	吐也不言隨眾生心應所知量者此識即是眾生	吐 也 不 言 隨 眾 生 心 應 所 知 量 者 此 識 即 是 眾 生 
X13n0285_003:0275c20	之心即是能知之量前之六大恐迷情謂是心外	之 心 即 是 能 知 之 量 前 之 六 大 恐 迷 情 謂 是 心 外 
X13n0285_003:0275c21	實法故須一一皆云隨心應量今之識大既是直	實 法 故 須 一 一 皆 云 隨 心 應 量 今 之 識 大 既 是 直 
X13n0285_003:0275c22	指眾生現前之心但不知其全體即是藏性故以	指 眾 生 現 前 之 心 但 不 知 其 全 體 即 是 藏 性 故 以 
X13n0285_003:0275c23	含吐十虗寧有方所而名狀之方知向日所認緣	含 吐 十 虗 寧 有 方 所 而 名 狀 之 方 知 向 日 所 認 緣 
X13n0285_003:0275c24	影不惟不是真心斷斷乎亦不是六識矣。四斥	影 不 惟 不 是 真 心 斷 斷 乎 亦 不 是 六 識 矣 四 斥 
X13n0285_003:0276a01	迷惑。	迷 惑 
X13n0285_003:0276a02	世間無知惑為因緣及自然性皆是識心分別計度	世 間 無 知 惑 為 因 緣 及 自 然 性 皆 是 識 心 分 別 計 度 
X13n0285_003:0276a03	但有言說都無實義。	但有言說 都 無 實 義 
X13n0285_003:0276a04	凡外計識心是我或是我所計斷滅者屬邪因緣	凡 外 計 識 心 是 我 或 是 我 所 計 斷 滅 者 屬 邪 因 緣 
X13n0285_003:0276a05	計常住者屬於自然二乘執此六識是因緣生法	計 常 住 者 屬 於 自 然 二 乘 執 此 六 識 是 因緣生法 
X13n0285_003:0276a06	無我我所若惑業俱盡不復生識譬如薪盡火滅	無我我所 若 惑 業 俱 盡 不 復 生 識 譬 如 薪 盡 火 滅 
X13n0285_003:0276a07	火無去處愛盡涅槃亦復如是涅槃之界無生無	火 無 去 處 愛 盡 涅 槃 亦復如是 涅 槃 之 界 無 生 無 
X13n0285_003:0276a08	滅名為自然稟通教人以識心即空為因緣空理	滅 名 為 自 然 稟 通 教 人 以 識 心 即 空 為 因 緣 空 理 
X13n0285_003:0276a09	無生為自然稟別教人以唯識之相四分皆屬依	無 生 為 自 然 稟 別 教 人 以 唯 識 之 相 四 分 皆 屬 依 
X13n0285_003:0276a10	他起性名為因緣唯識之性即是真如無為名為	他 起 性 名 為 因 緣 唯 識 之 性 即 是 真 如 無 為 名 為 
X13n0285_003:0276a11	自然此皆不達藏性終無實義也惟其藏性即六	自 然 此 皆 不 達 藏 性 終 無 實 義 也 惟 其 藏 性 即 六 
X13n0285_003:0276a12	識性故彌勒菩薩悟之得成無上妙圓識心三昧	識 性 故 彌 勒 菩 薩 悟 之 得 成 無 上 妙 圓 識 心 三 昧 
X13n0285_003:0276a13	已上明性本具相竟從初卷佛告阿難汝我同氣	已 上 明 性 本 具 相 竟 從 初 卷 佛 告 阿 難 汝 我 同 氣 
X13n0285_003:0276a14	至此是正明理性中第三如來答示已竟。四大	至 此 是 正 明 理 性 中 第 三 如 來 答 示 已 竟 四 大 
X13n0285_003:0276a15	眾圓悟二初經家敘益二當機偈讚。初中二初	眾 圓 悟 二 初 經 家 敘 益 二 當 機 偈 讚 初 中 二 初 
X13n0285_003:0276a16	敘益二敘儀。初又二初略敘二廣敘。今初。	敘 益 二 敘 儀 初 又 二 初 略 敘 二 廣 敘 今 初 
X13n0285_003:0276a17	爾時阿難及諸大眾蒙佛如來微妙開示身心蕩然	爾 時 阿 難 及 諸 大 眾 蒙 佛 如 來 微 妙 開 示 身 心 蕩 然 
X13n0285_003:0276a18	得無罣礙。	得 無 罣 礙 
X13n0285_003:0276a19	微妙開示者由此即性具相之文方知前來就事	微 妙 開 示 者 由 此 即 性 具 相 之 文 方 知 前 來 就 事 
X13n0285_003:0276a20	顯理之文一一皆是了義極談也不復妄認四大	顯 理 之 文 一 一 皆 是 了 義 極 談 也 不 復 妄 認 四 大 
X13n0285_003:0276a21	為自身相頓悟清淨法身故身蕩然不復妄認六	為 自 身 相 頓 悟 清 淨 法 身 故 身 蕩 然 不 復 妄 認 六 
X13n0285_003:0276a22	塵緣影為自心相頓悟常住真心故心蕩然知此	塵 緣 影 為 自 心 相 頓 悟 常 住 真 心 故 心 蕩 然 知 此 
X13n0285_003:0276a23	妄身妄心不離法身妙心如漚不離海塵不離空	妄 身 妄 心 不 離 法 身 妙 心 如 漚 不 離 海 塵 不 離 空 
X13n0285_003:0276a24	漚之與塵豈能為礙於空海故得無罣礙也此略	漚 之 與 塵 豈 能 為 礙 於 空 海 故 得 無 罣 礙 也 此 略 
X13n0285_003:0276b01	敘悟門亦是總敘下之廣敘即別敘耳。二廣敘	敘 悟 門 亦 是 總 敘 下 之 廣 敘 即 別 敘 耳 二 廣 敘 
X13n0285_003:0276b02	又二初圓悟三大二結屬真因。初又三初悟性	又 二 初 圓 悟 三 大 二 結 屬 真 因 初 又 三 初 悟 性 
X13n0285_003:0276b03	量即是相大二悟性體即是體大三悟性具即是	量 即 是 相 大 二 悟 性 體 即 是 體 大 三 悟 性 具 即 是 
X13n0285_003:0276b04	用大。今初。	用 大 今 初 
X13n0285_003:0276b05	是諸大眾各各自知心徧十方見十方空如觀手中	是 諸 大 眾 各 各 自 知 心 徧 十 方 見 十 方 空 如 觀 手 中 
X13n0285_003:0276b06	所持葉物。	所 持 葉 物 
X13n0285_003:0276b07	此翻前一迷為心決定惑為色身之內之迷情也	此 翻 前 一 迷 為 心 決 定 惑 為 色 身 之 內 之 迷 情 也 
X13n0285_003:0276b08	既領七大文中周徧法界之義亦領陰入處界文	既 領 七 大 文 中 周 徧 法 界 之 義 亦 領 陰 入 處 界 文 
X13n0285_003:0276b09	中性真常中求於去來迷悟生死了無所得之義	中 性 真 常 中 求 於 去 來 迷 悟 生 死 了 無 所 得 之 義 
X13n0285_003:0276b10	亦領辨見文中離一切相等義亦領徵心文中七	亦 領 辨 見 文 中 離一切相 等 義 亦 領 徵 心 文 中 七 
X13n0285_003:0276b11	處咸非之義矣。二悟性體即是體大。	處 咸 非 之 義 矣 二 悟 性 體 即 是 體 大 
X13n0285_003:0276b12	一切世間諸所有物皆即菩提妙明元心心精徧圓	一切世間 諸 所 有 物 皆 即 菩 提 妙 明 元 心 心 精 徧 圓 
X13n0285_003:0276b13	含褁十方。	含 褁 十 方 
X13n0285_003:0276b14	此翻前迷己為物故於是中觀大觀小之迷情也	此 翻 前 迷 己 為 物 故 於 是 中 觀 大 觀 小 之 迷 情 也 
X13n0285_003:0276b15	具如舉一毛端便即菩提妙明元心所以徧能含	具 如 舉 一 毛 端 便 即 菩 提 妙 明 元 心 所 以 徧 能 含 
X13n0285_003:0276b16	受十方國土蓋既領七大文中清淨本然之義亦	受 十 方 國 土 蓋 既 領 七 大 文 中 清 淨 本 然 之 義 亦 
X13n0285_003:0276b17	領陰入處界文中其性真為妙覺明體等義亦領	領 陰 入 處 界 文 中 其 性 真 為 妙 覺 明 體 等 義 亦 領 
X13n0285_003:0276b18	辨見文中此見及緣元是菩提妙淨明體等義亦	辨 見 文 中 此 見 及 緣 元 是 菩 提 妙 淨 明 體 等 義 亦 
X13n0285_003:0276b19	領徵心文中密顯大佛頂義矣。三悟性具即是	領 徵 心 文 中 密 顯 大 佛 頂 義 矣 三 悟 性 具 即 是 
X13n0285_003:0276b20	用大。	用 大 
X13n0285_003:0276b21	反觀父母所生之身猶彼十方虗空之中吹一微塵	反 觀 父母所生 之 身 猶 彼 十 方 虗 空 之 中 吹 一 微 塵 
X13n0285_003:0276b22	若存若亡如湛巨海流一浮漚起滅無從。	若 存 若 亡 如 湛 巨 海 流 一 浮 漚 起 滅 無 從 
X13n0285_003:0276b23	此翻前以動為身以動為境譬如澄清百千大海	此 翻 前 以 動 為 身 以 動 為 境 譬 如 澄 清 百 千 大 海 
X13n0285_003:0276b24	棄之惟認一浮漚體之迷情也惟心所現故云若	棄 之 惟 認 一 浮 漚 體 之 迷 情 也 惟 心 所 現 故 云 若 
X13n0285_003:0276c01	存心外無體故云若亡因緣和合虗妄有生故其	存 心 外 無 體 故 云 若 亡 因緣和合 虗 妄 有 生 故 其 
X13n0285_003:0276c02	起無所從來因緣別離虗妄名滅故其滅無所從	起 無所從來 因 緣 別 離 虗 妄 名 滅 故 其 滅 無 所 從 
X13n0285_003:0276c03	去蓋既領七大文中性色真空性空真色循業發	去 蓋 既 領 七 大 文 中 性 色 真 空 性 空 真 色 循 業 發 
X13n0285_003:0276c04	現等義亦領陰入處界文中幻妄稱相等義亦領	現 等 義 亦 領 陰 入 處 界 文 中 幻 妄 稱 相 等 義 亦 領 
X13n0285_003:0276c05	辨見文中汝身汝心皆是妙明真精妙心中所現	辨 見 文 中 汝 身 汝 心 皆 是 妙 明 真 精 妙 心 中 所 現 
X13n0285_003:0276c06	物等義亦領徵心文中眼不能見義矣以此為性	物 等 義 亦 領 徵 心 文 中 眼 不 能 見 義 矣 以 此 為 性 
X13n0285_003:0276c07	具并用大者虗空具足眾塵塵塵之性元即空性	具 并 用 大 者 虗 空 具 足 眾 塵 塵 塵 之 性 元 即 空 性 
X13n0285_003:0276c08	巨海具足眾漚漚漚之性無非海性故也。二結	巨 海 具 足 眾 漚 漚 漚 之 性 無 非 海 性 故 也 二 結 
X13n0285_003:0276c09	屬真因。	屬 真 因 
X13n0285_003:0276c10	了然自知獲本妙心常住不滅。	了 然 自 知 獲 本 妙 心 常 住 不 滅 
X13n0285_003:0276c11	指彼十界依正色心等法總不離我現前一念介	指 彼 十 界 依 正 色 心 等 法 總 不 離 我 現 前 一 念 介 
X13n0285_003:0276c12	爾之心此心體本離過絕非相本豎窮橫徧用本	爾 之 心 此 心 體 本 離 過 絕 非 相 本 豎 窮 橫 徧 用 本 
X13n0285_003:0276c13	具足恒沙總三義而惟是一心即一心而宛然三	具 足 恒 沙 總 三 義 而 惟 是 一 心 即 一 心 而 宛 然 三 
X13n0285_003:0276c14	義的是人人本有之妙心從來常住不滅所謂無	義 的 是 人 人 本 有 之 妙 心 從 來 常 住 不 滅 所 謂 無 
X13n0285_003:0276c15	始菩提涅槃元清淨體依此脩行乃能得成無上	始 菩 提 涅 槃 元 清 淨 體 依 此 脩 行 乃 能 得 成 無 上 
X13n0285_003:0276c16	菩提者也如來最初即語阿難一切眾生生死相	菩 提 者 也 如 來 最 初 即 語 阿 難 一 切 眾 生 生 死 相 
X13n0285_003:0276c17	續皆由不知常住真心性淨明體今乃了然知之	續 皆 由 不 知 常 住 真 心 性 淨 明 體 今 乃 了 然 知 之 
X13n0285_003:0276c18	雖是故物義如新獲矣。二敘儀。	雖 是 故 物 義 如 新 獲 矣 二 敘 儀 
X13n0285_003:0276c19	禮佛合掌得未曾有於如來前說偈讚佛。	禮 佛 合 掌 得未曾有 於 如 來 前 說 偈 讚 佛 
X13n0285_003:0276c20	從來未悟今日始悟故曰得未曾有受益既深感	從 來 未 悟 今 日 始 悟 故 曰 得未曾有 受 益 既 深 感 
X13n0285_003:0276c21	恩自切故讚佛發願所以報佛恩也。二當機偈	恩 自 切 故 讚 佛 發 願 所 以 報 佛 恩 也 二 當 機 偈 
X13n0285_003:0276c22	讚二初讚歎述益二誓願請加。初中二初讚圓	讚 二 初 讚 歎 述 益 二 誓 願 請 加 初 中 二 初 讚 圓 
X13n0285_003:0276c23	常人法二述所證淺深。今初。	常 人 法 二 述 所 證 淺 深 今 初 
X13n0285_003:0276c24	妙湛總持不動尊首楞嚴王世希有。	妙 湛 總 持 不 動 尊 首 楞 嚴 王 世 希 有 
X13n0285_003:0277a01	此中初一句指能說人次四字述所說法後三字	此 中 初 一 句 指 能 說 人 次 四 字 述 所 說 法 後 三 字 
X13n0285_003:0277a02	總讚人法皆希有也由阿難徹悟自己心性方知	總 讚 人 法 皆 希 有 也 由 阿 難 徹 悟 自 己 心 性 方 知 
X13n0285_003:0277a03	佛所證極與我之所本具毫無差別故矢口而讚	佛 所 證 極 與 我 之 所 本 具 毫 無 差 別 故 矢 口 而 讚 
X13n0285_003:0277a04	只須妙湛總持不動六字収盡三卷經文妙旨亦	只 須 妙 湛 總 持 不 動 六 字 収 盡 三 卷 經 文 妙 旨 亦 
X13n0285_003:0277a05	収一題妙旨亦便吸取下文妙旨亦能該攝一代	収 一 題 妙 旨 亦 便 吸 取 下 文 妙 旨 亦 能 該 攝 一 代 
X13n0285_003:0277a06	時教乃至十方三世一切佛法妙旨今當一一點	時 教 乃 至 十 方 三 世 一切佛法 妙 旨 今 當 一 一 點 
X13n0285_003:0277a07	示不與舊解同也言妙湛者即是隨緣常不變義	示 不 與 舊 解 同 也 言 妙 湛 者 即 是 隨 緣 常 不 變 義 
X13n0285_003:0277a08	言總持者即是不變常隨緣義言不動者即是隨	言 總 持 者 即 是 不 變 常 隨 緣 義 言 不 動 者 即 是 隨 
X13n0285_003:0277a09	緣不變不變隨緣無二體義敘悟中云心徧十方	緣 不 變 不 變 隨 緣 無 二 體 義 敘 悟 中 云 心 徧 十 方 
X13n0285_003:0277a10	空如葉物即妙湛也父母生身如塵如漚即總持	空 如 葉 物 即 妙 湛 也 父 母 生 身 如 塵 如 漚 即 總 持 
X13n0285_003:0277a11	也物即妙心心精含褁即不動也又三義惟是一	也 物 即 妙 心 心 精 含 褁 即 不 動 也 又 三 義 惟 是 一 
X13n0285_003:0277a12	心故名妙湛一心宛具三義故名總持非一非三	心 故 名 妙 湛 一 心 宛 具 三 義 故 名 總 持 非 一 非 三 
X13n0285_003:0277a13	而三而一故名不動一切眾生是理即妙湛總持	而 三 而 一 故 名 不 動 一 切 眾 生 是 理 即 妙 湛 總 持 
X13n0285_003:0277a14	不動聞名生解是名字即妙湛總持不動起圓止	不 動 聞 名 生 解 是 名 字 即 妙 湛 總 持 不 動 起 圓 止 
X13n0285_003:0277a15	觀是觀行即妙湛總持不動六根清淨是相似即	觀 是 觀 行 即 妙 湛 總 持 不 動 六 根 清 淨 是 相 似 即 
X13n0285_003:0277a16	妙湛總持不動無明初破是分證即妙湛總持不	妙 湛 總 持 不 動 無 明 初 破 是 分 證 即 妙 湛 總 持 不 
X13n0285_003:0277a17	動圓滿徹證是究竟即妙湛總持不動今稱究竟	動 圓 滿 徹 證 是 究 竟 即 妙 湛 總 持 不 動 今 稱 究 竟 
X13n0285_003:0277a18	證者故名為尊所謂十號具足天中之天聖中之	證 者 故 名 為 尊 所 謂 十 號 具 足 天 中 之 天 聖 中 之 
X13n0285_003:0277a19	聖九法界世間所共尊也收前七大妙旨者周徧	聖 九 法 界 世 間 所 共 尊 也 收 前 七 大 妙 旨 者 周 徧 
X13n0285_003:0277a20	法界故名妙湛性色真空性空真色循業發現等	法 界 故 名 妙 湛 性 色 真 空 性 空 真 色 循 業 發 現 等 
X13n0285_003:0277a21	故名總持清淨本然故名不動又三即一故妙湛	故 名 總 持 清 淨 本 然 故 名 不 動 又 三 即 一 故 妙 湛 
X13n0285_003:0277a22	一即三故總持非一非三而三而一故不動約究	一 即 三 故 總 持 非 一 非 三 而 三 而 一 故 不 動 約 究 
X13n0285_003:0277a23	竟故稱尊也收前陰入處界妙旨者性真常中求	竟 故 稱 尊 也 收 前 陰 入 處 界 妙 旨 者 性 真 常 中 求 
X13n0285_003:0277a24	於去來迷悟生死了無所得故妙湛幻妄稱相故	於 去 來 迷 悟 生 死 了 無 所 得 故 妙 湛 幻 妄 稱 相 故 
X13n0285_003:0277b01	總持其性真為妙覺明體故不動一三三一乃至	總 持 其 性 真 為 妙 覺 明 體 故 不 動 一 三 三 一 乃 至 
X13n0285_003:0277b02	究竟稱尊如上說收前辨見妙旨者見與見緣并	究 竟 稱 尊 如 上 說 收 前 辨 見 妙 旨 者 見 與 見 緣 并 
X13n0285_003:0277b03	所想相如虗空華本無所有故妙湛本是妙明無	所 想 相 如 虗 空 華 本 無 所 有 故 妙 湛 本 是 妙 明 無 
X13n0285_003:0277b04	上菩提淨圓真心妄為色空及與聞見故總持此	上 菩 提 淨 圓 真 心 妄 為 色 空 及 與 聞 見 故 總 持 此 
X13n0285_003:0277b05	見及緣元是菩提妙淨明體故不動又離一切相	見 及 緣 元 是 菩 提 妙 淨 明 體 故 不 動 又 離一切相 
X13n0285_003:0277b06	故妙湛即一切法故總持無是非是故不動又面	故 妙 湛 即 一 切 法 故 總 持 無 是 非 是 故 不 動 又 面 
X13n0285_003:0277b07	皺變而見不皺變為妙湛無生滅而捨生趣生為	皺 變 而 見 不 皺 變 為 妙 湛 無 生 滅 而 捨 生 趣 生 為 
X13n0285_003:0277b08	總持生滅與不生滅惟是一心為不動又主空為	總 持 生 滅 與 不 生 滅 惟 是 一 心 為 不 動 又 主 空 為 
X13n0285_003:0277b09	妙湛主必有客空必具塵為總持主之與客空之	妙 湛 主 必 有 客 空 必 具 塵 為 總 持 主 之 與 客 空 之 
X13n0285_003:0277b10	與塵實無二性為不動也收前徵心妙旨者正顯	與 塵 實 無 二 性 為 不 動 也 收 前 徵 心 妙 旨 者 正 顯 
X13n0285_003:0277b11	七處咸非為妙湛旁顯七處皆是為總持理實無	七 處 咸 非 為 妙 湛 旁 顯 七 處 皆 是 為 總 持 理 實 無 
X13n0285_003:0277b12	非無是即非即是為不動也悟妙湛故即奢摩他	非 無 是 即 非 即 是 為 不 動 也 悟 妙 湛 故 即 奢 摩 他 
X13n0285_003:0277b13	最初方便悟總持故即三摩鉢提最初方便悟不	最 初 方 便 悟 總 持 故 即 三 摩 鉢 提 最 初 方 便 悟 不 
X13n0285_003:0277b14	動故即禪那最初方便又悟妙湛總持不動言三	動 故 即 禪 那 最 初 方 便 又 悟 妙 湛 總 持 不 動 言 三 
X13n0285_003:0277b15	即一是奢摩他最初方便悟妙湛總持不動舉一	即 一 是 奢 摩 他 最 初 方 便 悟 妙 湛 總 持 不 動 舉 一 
X13n0285_003:0277b16	即三是三摩鉢提最初方便悟妙湛總持不動非	即 三 是 三 摩 鉢 提 最 初 方 便 悟 妙 湛 總 持 不 動 非 
X13n0285_003:0277b17	一非三而三而一是禪那最初方便又悟妙奢摩	一 非 三 而 三 而 一 是 禪 那 最 初 方 便 又 悟 妙 奢 摩 
X13n0285_003:0277b18	他三摩禪那言三即一成今妙湛悟妙奢摩他三	他 三 摩 禪 那 言 三 即 一 成 今 妙 湛 悟 妙 奢 摩 他 三 
X13n0285_003:0277b19	摩禪那舉一即三成今總持悟妙奢摩他三摩禪	摩 禪 那 舉 一 即 三 成 今 總 持 悟 妙 奢 摩 他 三 摩 禪 
X13n0285_003:0277b20	那非一非三而三而一成今不動也收一題妙旨	那 非 一 非 三 而 三 而 一 成 今 不 動 也 收 一 題 妙 旨 
X13n0285_003:0277b21	者如來密因修證了義名妙湛諸菩薩萬行首楞	者 如 來 密 因 修 證 了 義 名 妙 湛 諸 菩 薩 萬 行 首 楞 
X13n0285_003:0277b22	嚴名總持大佛頂名不動又二修全在一性名妙	嚴 名 總 持 大 佛 頂 名 不 動 又 二 修 全 在 一 性 名 妙 
X13n0285_003:0277b23	湛一性具足二修名總持性修不二名不動又首	湛 一 性 具 足 二 修 名 總 持 性 修 不 二 名 不 動 又 首 
X13n0285_003:0277b24	楞嚴者名一切事畢竟堅固謂陰入處界七大畢	楞 嚴 者 名 一 切 事 畢 竟 堅 固 謂 陰 入 處 界 七 大 畢 
X13n0285_003:0277c01	竟空故稱妙湛畢竟假故稱總持畢竟中故稱不	竟 空 故 稱 妙 湛 畢 竟 假 故 稱 總 持 畢 竟 中 故 稱 不 
X13n0285_003:0277c02	動乃至三一一三究竟名尊具如上說又具足萬	動 乃 至 三 一 一 三 究 竟 名 尊 具 如 上 說 又 具 足 萬 
X13n0285_003:0277c03	行者該具名妙湛積具名總持性具名不動廼至	行 者 該 具 名 妙 湛 積 具 名 總 持 性 具 名 不 動 廼 至 
X13n0285_003:0277c04	三一一三等如上說又密因者了因佛性名妙湛	三 一 一 三 等 如 上 說 又 密 因 者 了 因 佛 性 名 妙 湛 
X13n0285_003:0277c05	緣因佛性名總持正因佛性名不動性具三因名	緣 因 佛 性 名 總 持 正 因 佛 性 名 不 動 性 具 三 因 名 
X13n0285_003:0277c06	不動修中三因名妙湛證發三因名總持廼至三	不 動 修 中 三 因 名 妙 湛 證 發 三 因 名 總 持 廼 至 三 
X13n0285_003:0277c07	一一三等如上說又不動故稱大妙湛故稱佛總	一 一 三 等 如 上 說 又 不 動 故 稱 大 妙 湛 故 稱 佛 總 
X13n0285_003:0277c08	持故稱頂又妙湛故相大總持故用大不動故體	持 故 稱 頂 又 妙 湛 故 相 大 總 持 故 用 大 不 動 故 體 
X13n0285_003:0277c09	大又妙湛故自覺總持故覺他不動故覺滿又妙	大 又 妙 湛 故 自 覺 總 持 故 覺 他 不 動 故 覺 滿 又 妙 
X13n0285_003:0277c10	湛故頂不可見總持故從頂發輝不動故頂相最	湛 故 頂 不 可 見 總 持 故 從 頂 發 輝 不 動 故 頂 相 最 
X13n0285_003:0277c11	尊乃至各各三一一三如上說究竟稱為世尊亦	尊 乃 至 各 各 三 一 一 三 如 上 說 究 竟 稱 為 世 尊 亦 
X13n0285_003:0277c12	如上說吸取下文妙旨者如來藏本妙圓心十界	如 上 說 吸 取 下 文 妙 旨 者 如 來 藏 本 妙 圓 心 十 界 
X13n0285_003:0277c13	俱非故妙湛如來藏元明心妙十界俱即故總持	俱 非 故 妙 湛 如 來 藏 元 明 心 妙 十 界 俱 即 故 總 持 
X13n0285_003:0277c14	如來藏妙明心元離即離非是即非即故不動乃	如 來 藏 妙 明 心 元 離 即 離 非 是 即 非 即 故 不 動 乃 
X13n0285_003:0277c15	至三一一三如上說又圓真實故妙湛通真實故	至 三 一 一 三 如 上 說 又 圓 真 實 故 妙 湛 通 真 實 故 
X13n0285_003:0277c16	總持常真實故不動三一一三等亦如上說該攝	總 持 常 真 實 故 不 動 三 一 一 三 等 亦 如 上 說 該 攝 
X13n0285_003:0277c17	一代時教乃至十方三世一切佛法妙旨者佛法	一 代 時 教 乃 至 十 方 三 世 一切佛法 妙 旨 者 佛 法 
X13n0285_003:0277c18	雖多不出權實為實施權開權顯實一切如來說	雖 多 不 出 權 實 為 實 施 權 開 權 顯 實 一 切 如 來 說 
X13n0285_003:0277c19	法儀式總不出此今知九界性即佛界性故妙湛	法 儀 式 總 不 出 此 今 知 九 界 性 即 佛 界 性 故 妙 湛 
X13n0285_003:0277c20	佛界性即九界性故總持一性一切性一切性一	佛 界 性 即 九 界 性 故 總 持 一 性 一 切 性 一 切 性 一 
X13n0285_003:0277c21	性故不動也開權顯實故稱妙湛為實施權故號	性 故 不 動 也 開 權 顯 實 故 稱 妙 湛 為 實 施 權 故 號 
X13n0285_003:0277c22	總持權實不二故名不動以要言之報身智慧名	總 持 權 實 不 二 故 名 不 動 以要言之 報 身 智 慧 名 
X13n0285_003:0277c23	妙湛應身功德名總持法身理體名不動又一切	妙 湛 應 身 功 德 名 總 持 法 身 理 體 名 不 動 又 一 切 
X13n0285_003:0277c24	智名妙湛道種智名總持一切種智名不動該具	智 名 妙 湛 道 種 智 名 總 持 一切種智 名 不 動 該 具 
X13n0285_003:0278a01	功德名妙湛積具功德名總持性具功德名不動	功 德 名 妙 湛 積 具 功 德 名 總 持 性 具 功 德 名 不 動 
X13n0285_003:0278a02	真諦之理名妙湛俗諦之理名總持中諦之理名	真 諦 之 理 名 妙 湛 俗 諦 之 理 名 總 持 中 諦 之 理 名 
X13n0285_003:0278a03	不動是故三身皆妙湛三即一故三身皆總持一	不 動 是 故 三 身 皆 妙 湛 三 即 一 故 三 身 皆 總 持 一 
X13n0285_003:0278a04	即三故三身皆不動非一非三而三而一故今阿	即 三 故 三 身 皆 不 動 非 一 非 三 而 三 而 一 故 今 阿 
X13n0285_003:0278a05	難一語便即讚盡自非圓悟安得有此舊謂妙湛	難 一 語 便 即 讚 盡 自 非 圓 悟 安 得 有 此 舊 謂 妙 湛 
X13n0285_003:0278a06	領顯見義總持領陰入處界義不動領七大義失	領 顯 見 義 總 持 領 陰 入 處 界 義 不 動 領 七 大 義 失 
X13n0285_003:0278a07	於妙旨甚矣首楞嚴王即全性成修三昧之名具	於 妙 旨 甚 矣 首 楞 嚴 王 即 全 性 成 修 三 昧 之 名 具 
X13n0285_003:0278a08	如玄義及初卷釋今知徵心辨見四科七大等文	如 玄 義 及 初 卷 釋 今 知 徵 心 辨 見 四 科 七 大 等 文 
X13n0285_003:0278a09	無非顯此三昧之體性也希有者九界眾生未悟	無 非 顯 此 三 昧 之 體 性 也 希 有 者 九 界 眾 生 未 悟 
X13n0285_003:0278a10	藏性未具佛德不能說此三昧亦未嘗聞此三昧	藏 性 未 具 佛 德 不 能 說 此 三 昧 亦 未 嘗 聞 此 三 昧 
X13n0285_003:0278a11	故為希有今始得聞之耳。二述所證淺深。	故 為 希 有 今 始 得 聞 之 耳 二 述 所 證 淺 深 
X13n0285_003:0278a12	消我億劫顛倒想不歷僧祇獲法身。	消 我 億 劫 顛 倒 想 不 歷 僧 祇 獲 法 身 
X13n0285_003:0278a13	億劫顛倒想者即無始以來認悟中迷之妄想也	億 劫 顛 倒 想 者 即 無 始 以 來 認 悟 中 迷 之 妄 想 也 
X13n0285_003:0278a14	依此妄想故有九法界中因緣自然和合不和合	依 此 妄 想 故 有 九 法 界 中 因 緣 自 然 和 合 不 和 合 
X13n0285_003:0278a15	等種種戲論今知隨緣不變不變隨緣妙性故戲	等 種 種 戲 論 今 知 隨 緣 不 變 不 變 隨 緣 妙 性 故 戲 
X13n0285_003:0278a16	論妄想頓消而本有法身斯獲也既言法身必具	論 妄 想 頓 消 而 本 有 法 身 斯 獲 也 既 言 法 身 必 具 
X13n0285_003:0278a17	般若解脫與別教所明素法身不同若欲點示則	般 若 解 脫 與 別 教 所 明 素 法 身 不 同 若 欲 點 示 則 
X13n0285_003:0278a18	倒想消處即是解脫能消之智即是般若然此法	倒 想 消 處 即 是 解 脫 能 消 之 智 即 是 般 若 然 此 法 
X13n0285_003:0278a19	身三德向本無減但在迷不覺僅有其理義之如	身 三 德 向 本 無 減 但 在 迷 不 覺 僅 有 其 理 義 之 如 
X13n0285_003:0278a20	失今從迷得悟始覺有功名之為獲而有五位淺	失 今 從 迷 得 悟 始 覺 有 功 名 之 為 獲 而 有 五 位 淺 
X13n0285_003:0278a21	深不同所謂名字獲觀行獲相似獲分證獲究竟	深 不 同 所 謂 名 字 獲 觀 行 獲 相 似 獲 分 證 獲 究 竟 
X13n0285_003:0278a22	獲也阿難內祕外現則其本地密獲不可妄測但	獲 也 阿 難 內 祕 外 現 則 其 本 地 密 獲 不 可 妄 測 但 
X13n0285_003:0278a23	據迹中顯獲的在圓教初信對彼藏教位齊初果	據 迹 中 顯 獲 的 在 圓 教 初 信 對 彼 藏 教 位 齊 初 果 
X13n0285_003:0278a24	故下文云汝今已得須陀洹果明文在茲惟其方	故 下 文 云 汝 今 已 得 須陀洹果 明 文 在 茲 惟 其 方 
X13n0285_003:0278b01	證初信是故還須定境修觀以為證入初住華屋	證 初 信 是 故 還 須 定 境 修 觀 以 為 證 入 初 住 華 屋 
X13n0285_003:0278b02	之門當知墮婬室時尚是凡夫所以無無漏戒但	之 門 當 知 墮 婬 室 時 尚 是 凡 夫 所 以 無 無 漏 戒 但 
X13n0285_003:0278b03	有律儀須佛極救而七處計心之文全是見惑所	有 律 儀 須 佛 極 救 而 七 處 計 心 之 文 全 是 見 惑 所 
X13n0285_003:0278b04	攝耳舊註紛紛不惟罔識如來所說藥相亦復不	攝 耳 舊 註 紛 紛 不 惟 罔 識 如 來 所 說 藥 相 亦 復 不 
X13n0285_003:0278b05	知阿難所示病相矣。二誓願請加三初發大願	知 阿 難 所 示 病 相 矣 二 誓 願 請 加 三 初 發 大 願 
X13n0285_003:0278b06	二請佛加三喻不退。今初。	二 請 佛 加 三 喻 不 退 今 初 
X13n0285_003:0278b07	願今得果成寶王還度如是恒沙眾將此深心奉塵	願 今 得 果 成 寶 王 還 度 如 是 恒 沙 眾 將 此 深 心 奉 塵 
X13n0285_003:0278b08	剎是則名為報佛恩伏請世尊為證明五濁惡世誓	剎 是 則 名 為 報 佛 恩 伏 請 世 尊 為 證 明 五濁惡世 誓 
X13n0285_003:0278b09	先入如一眾生未成佛終不於此取泥洹。	先 入 如 一 眾 生 未 成 佛 終 不 於 此 取 泥 洹 
X13n0285_003:0278b10	初一偈是四弘誓願次一偈是增上誓願願今得	初 一 偈 是 四 弘 誓 願 次 一 偈 是 增 上 誓 願 願 今 得 
X13n0285_003:0278b11	果成寶王者期心妙覺極果是欲證十界道滅所	果 成 寶 王 者 期 心 妙 覺 極 果 是 欲 證 十 界 道 滅 所 
X13n0285_003:0278b12	謂佛道無上誓願成兼攝法門無量誓願知也還	謂 佛 道 無 上 誓 願 成 兼 攝 法 門 無 量 誓 願 知 也 還 
X13n0285_003:0278b13	度如是恒沙眾是欲滅十界苦集所謂眾生無邊	度 如 是 恒 沙 眾 是 欲 滅 十 界 苦 集 所 謂 眾 生 無 邊 
X13n0285_003:0278b14	誓願度兼攝煩惱無盡誓願斷也此四弘誓依無	誓 願 度 兼 攝 煩 惱 無 盡 誓 願 斷 也 此 四 弘 誓 依 無 
X13n0285_003:0278b15	作四諦而發故名深心次增上誓中五濁惡世誓	作 四 諦 而 發 故 名 深 心 次 增 上 誓 中 五濁惡世 誓 
X13n0285_003:0278b16	先入是勇猛增上蓋五濁眾生剛強難化今達藏	先 入 是 勇 猛 增 上 蓋 五 濁 眾 生 剛 強 難 化 今 達 藏 
X13n0285_003:0278b17	性平等無二方無所畏又同體大悲如父母於子	性 平 等 無 二 方 無 所 畏 又 同 體 大 悲 如 父 母 於 子 
X13n0285_003:0278b18	病者加憐故也如一眾生未成佛二句是弘伇增	病 者 加 憐 故 也 如 一 眾 生 未 成 佛 二 句 是 弘 伇 增 
X13n0285_003:0278b19	上由達藏性豎窮橫徧故不遺一眾生亦不憚盡	上 由 達 藏 性 豎 窮 橫 徧 故 不 遺 一 眾 生 亦 不 憚 盡 
X13n0285_003:0278b20	未來際又同體大悲如父母於子等生愛念故也	未 來 際 又 同 體 大 悲 如 父 母 於 子 等 生 愛 念 故 也 
X13n0285_003:0278b21	泥洹亦云涅槃此翻滅度。二請佛加。	泥 洹 亦 云 涅 槃 此 翻 滅 度 二 請 佛 加 
X13n0285_003:0278b22	大雄大力大慈悲希更審除微細惑令我早登無上	大 雄 大 力 大 慈 悲 希 更 審 除 微 細 惑 令 我 早 登 無 上 
X13n0285_003:0278b23	覺於十方界坐道場。	覺 於 十 方 界 坐 道 場 
X13n0285_003:0278b24	證法體故稱大雄具智斷故稱大力能與拔名大	證 法 體 故 稱 大 雄 具 智 斷 故 稱 大 力 能 與 拔 名 大 
X13n0285_003:0278c01	慈悲大力是妙湛德大慈悲是總持德大雄是不	慈 悲 大 力 是 妙 湛 德 大 慈 悲 是 總 持 德 大 雄 是 不 
X13n0285_003:0278c02	動德又此三即一故妙湛此一即三故總持此三	動 德 又 此 三 即 一 故 妙 湛 此 一 即 三 故 總 持 此 三 
X13n0285_003:0278c03	非一非三而三而一故不動又證妙湛總持不動	非 一 非 三 而 三 而 一 故 不 動 又 證 妙 湛 總 持 不 動 
X13n0285_003:0278c04	理體故名大雄具妙湛總持不動智照故名大力	理 體 故 名 大 雄 具 妙 湛 總 持 不 動 智 照 故 名 大 力 
X13n0285_003:0278c05	起妙湛總持不動妙用名大慈悲也微細惑者據	起 妙 湛 總 持 不 動 妙 用 名 大 慈 悲 也 微 細 惑 者 據 
X13n0285_003:0278c06	下文佛告阿難汝今已得須陀洹果已滅三界眾	下 文 佛 告 阿 難 汝 今 已 得 須陀洹果 已 滅 三 界 眾 
X13n0285_003:0278c07	生世間見所斷惑即上文所謂消我億劫顛倒想	生 世 間 見所斷惑 即 上 文 所 謂 消 我 億 劫 顛 倒 想 
X13n0285_003:0278c08	也又云然猶未知根中積生無始虗習彼習要因	也 又 云 然 猶 未 知 根 中 積 生 無 始 虗 習 彼 習 要 因 
X13n0285_003:0278c09	修所斷得此指三界思惑又云何況此中生住異	修 所 斷 得 此 指 三 界 思 惑 又 云 何 況 此 中 生 住 異 
X13n0285_003:0278c10	滅分劑頭數此指界外別惑即今所謂微細惑也	滅 分 劑 頭 數 此 指 界 外 別 惑 即 今 所 謂 微 細 惑 也 
X13n0285_003:0278c11	無上覺即究竟覺由細惑除便登妙覺所謂明極	無 上 覺 即 究 竟 覺 由 細 惑 除 便 登 妙 覺 所 謂 明 極 
X13n0285_003:0278c12	即如來也十方界即寂光實報方便同居一切國	即 如 來 也 十 方 界 即 寂 光 實 報 方 便 同 居 一 切 國 
X13n0285_003:0278c13	土所謂一人成佛時法界皆為一佛之依正也。	土 所 謂 一 人 成 佛 時 法 界 皆 為 一 佛 之 依 正 也 
X13n0285_003:0278c14	二喻不退。	二 喻 不 退 
X13n0285_003:0278c15	舜若多性可銷亡鑠迦羅心無動轉。	舜 若 多 性 可 銷 亡 鑠 迦 羅 心 無 動 轉 
X13n0285_003:0278c16	舜若多此云空空無可銷但漚滅空本無猶可云	舜 若 多 此 云 空 空 無 可 銷 但 漚 滅 空 本 無 猶 可 云 
X13n0285_003:0278c17	銷鑠迦羅此云金剛以喻稱性所發堅固誓願之	銷 鑠 迦 羅 此 云 金 剛 以 喻 稱 性 所 發 堅 固 誓 願 之 
X13n0285_003:0278c18	心同於藏性故終無動轉也大科正明理性已竟。	心 同 於 藏 性 故 終 無 動 轉 也 大 科 正 明 理 性 已 竟 
X13n0285_004:0279a07	大佛頂如來密因修證了義諸菩薩萬行首楞嚴經	大 佛 頂 如 來 密 因 修 證 了 義 諸 菩 薩 萬 行 首 楞 嚴 經 
X13n0285_004:0279a08	卷第四文句	卷 第 四 文 句 
X13n0285_004:0279a09	唐天竺沙門般剌密諦　譯經	唐 天 竺 沙 門 般 剌 密 諦 譯 經 
X13n0285_004:0279a10	明菩薩沙彌古吳智旭　文句	明 菩 薩 沙 彌 古 吳 智 旭 文 句 
X13n0285_004:0279a11	明菩薩比丘溫陵道昉　參訂	明 菩 薩 比 丘 溫 陵 道 昉 參 訂 
X13n0285_004:0279a12	二廣破餘疑上文就事顯理即性具相圓頓妙理	二 廣 破 餘 疑 上 文 就 事 顯 理 即 性 具 相 圓 頓 妙 理 
X13n0285_004:0279a13	昭揭無餘所以當機圓悟永斷疑情今則別為二	昭 揭 無 餘 所 以 當 機 圓 悟 永 斷 疑 情 今 則 別 為 二 
X13n0285_004:0279a14	乘之人法執重者雙騰二疑以求答示兼窮起妄	乘 之 人 法 執 重 者 雙 騰 二 疑 以 求 答 示 兼 窮 起 妄 
X13n0285_004:0279a15	之元俾知迷悟無性從此便可稱性起修修非性	之 元 俾 知 迷 悟 無 性 從 此 便 可 稱 性 起 修 修 非 性 
X13n0285_004:0279a16	外矣分文為二初明事理性相本融二明迷悟因	外 矣 分 文 為 二 初 明 事 理 性 相 本 融 二 明 迷 悟 因 
X13n0285_004:0279a17	緣無性。初中三初疑請二許宣三正說。初又	緣 無 性 初 中 三 初 疑 請 二 許 宣 三 正 說 初 又 
X13n0285_004:0279a18	二初敘敬二歎述。今初。	二 初 敘 敬 二 歎 述 今 初 
X13n0285_004:0279a19	爾時富樓那彌多羅尼子在大眾中即從座起偏袒	爾 時 富 樓 那 彌 多 羅 尼 子 在 大 眾 中 即 從 座 起 偏 袒 
X13n0285_004:0279a20	右肩右膝著地合掌恭敬而白佛言。	右 肩 右膝著地 合掌恭敬 而 白 佛 言 
X13n0285_004:0279a21	偏袒右肩者正坐聽法本皆通肩披衣今起座問	偏袒右肩 者 正 坐 聽 法 本 皆 通 肩 披 衣 今 起 座 問 
X13n0285_004:0279a22	法故偏袒以表敬順也右膝著地名為胡跪亦表	法 故 偏 袒 以 表 敬 順 也 右膝著地 名 為 胡 跪 亦 表 
X13n0285_004:0279a23	敬順之意合掌以表一心以上總是恭敬之儀。	敬 順 之 意 合 掌 以 表 一 心 以 上 總 是 恭 敬 之 儀 
X13n0285_004:0279a24	二歎述又二初歎教二述請。今初。	二 歎 述 又 二 初 歎 教 二 述 請 今 初 
X13n0285_004:0279b01	大威德世尊善為眾生敷演如來第一義諦。	大 威 德 世 尊 善 為 眾 生 敷 演 如 來 第一義諦 
X13n0285_004:0279b02	智能斷惑故名大威悲能利生故名大德又折伏	智 能 斷 惑 故 名 大 威 悲 能 利 生 故 名 大 德 又 折 伏 
X13n0285_004:0279b03	眾生故言威攝受眾生故言德析攝並用如父如	眾 生 故 言 威 攝 受 眾 生 故 言 德 析 攝 並 用 如 父 如 
X13n0285_004:0279b04	母故言大威德世尊也如來第一義諦者歎前所	母 故 言 大 威 德 世 尊 也 如 來 第一義諦 者 歎 前 所 
X13n0285_004:0279b05	說就事顯理即性具相皆第一義惟有如來能諦	說 就 事 顯 理 即 性 具 相 皆 第 一 義 惟 有 如 來 能 諦 
X13n0285_004:0279b06	了之故稱如來第一義諦。二述請又三初總述	了 之 故 稱 如 來 第一義諦 二 述 請 又 三 初 總 述 
X13n0285_004:0279b07	疑情二別述二難三請佛開示。今初。	疑 情 二 別 述 二 難 三 請 佛 開 示 今 初 
X13n0285_004:0279b08	世尊常推說法人中我為第一今聞如來微妙法音	世 尊 常 推 說 法 人 中 我 為 第 一 今 聞 如 來 微 妙 法 音 
X13n0285_004:0279b09	猶如聾人逾百步外聆於蚊蚋本所不見何況得聞	猶 如 聾 人 逾 百 步 外 聆 於 蚊 蚋 本所不見 何 況 得 聞 
X13n0285_004:0279b10	佛雖宣明令我除惑今猶未詳斯義究竟無疑惑地	佛 雖 宣 明 令 我 除 惑 今 猶 未 詳 斯 義 究 竟 無 疑 惑 地 
X13n0285_004:0279b11	世尊如阿難輩雖則開悟習漏未除我等會中登無	世 尊 如 阿 難 輩 雖 則 開 悟 習 漏 未 除 我 等 會 中 登 無 
X13n0285_004:0279b12	漏者雖盡諸漏今聞如來所說法音尚紆疑悔。	漏 者 雖 盡 諸 漏 今 聞 如 來 所 說 法 音 尚 紆 疑 悔 
X13n0285_004:0279b13	此先述其疑狀并出其致疑之由也聾人喻聲聞	此 先 述 其 疑 狀 并 出 其 致 疑 之 由 也 聾 人 喻 聲 聞 
X13n0285_004:0279b14	無中道智慧百步外喻佛境界去己甚遠蚊蚋喻	無 中 道 智 慧 百 步 外 喻 佛 境 界 去 己 甚 遠 蚊 蚋 喻 
X13n0285_004:0279b15	中道微妙法音本所不見喻聲聞慧眼不見佛中	中 道 微 妙 法 音 本所不見 喻 聲 聞 慧 眼 不 見 佛 中 
X13n0285_004:0279b16	道境何況得聞喻無明聾障不聞所詮實義此述	道 境 何 況 得 聞 喻 無 明 聾 障 不 聞 所 詮 實 義 此 述 
X13n0285_004:0279b17	其疑狀也阿難一輩所知障輕故先開悟煩惱障	其 疑 狀 也 阿 難 一 輩 所 知 障 輕 故 先 開 悟 煩 惱 障 
X13n0285_004:0279b18	重故習漏未除我等羅漢煩惱障輕故盡諸漏所	重 故 習 漏 未 除 我 等 羅 漢 煩 惱 障 輕 故 盡 諸 漏 所 
X13n0285_004:0279b19	知障重故尚纏疑悔此出其致疑之由由於所知	知 障 重 故 尚 纏 疑 悔 此 出 其 致 疑 之 由 由 於 所 知 
X13n0285_004:0279b20	障重也。二別述二難又二初從陰入處界文中	障 重 也 二 別 述 二 難 又 二 初 從 陰 入 處 界 文 中 
X13n0285_004:0279b21	起理違事難二從七大文中起相違性難。今	起 理 違 事 難 二 從 七 大 文 中 起 相 違 性 難 今 
X13n0285_004:0279b22	初。	初 
X13n0285_004:0279b23	世尊若復世間一切根塵陰處界等皆如來藏清淨	世 尊 若 復 世 間 一 切 根 塵 陰 處 界 等 皆 如 來 藏 清 淨 
X13n0285_004:0279b24	本然云何忽生山河大地諸有為相次第遷流終而	本 然 云 何 忽 生 山 河 大 地 諸 有 為 相 次 第 遷 流 終 而 
X13n0285_004:0279c01	復始。	復 始 
X13n0285_004:0279c02	意謂陰入處界既皆藏性真理真不容妄云何現	意 謂 陰 入 處 界 既 皆 藏 性 真 理 真 不 容 妄 云 何 現 
X13n0285_004:0279c03	見種種妄相此妄從何而生蓋不達如來指妄即	見 種 種 妄 相 此 妄 從 何 而 生 蓋 不 達 如 來 指 妄 即 
X13n0285_004:0279c04	真無妄可撥之旨故也。二從七大文中起相違	真 無 妄 可 撥 之 旨 故 也 二 從 七 大 文 中 起 相 違 
X13n0285_004:0279c05	性難。	性 難 
X13n0285_004:0279c06	又如來說地水火風本性圓融周徧法界湛然常住	又 如 來 說 地水火風 本 性 圓 融 周 徧 法 界 湛 然 常 住 
X13n0285_004:0279c07	世尊若地性徧云何容水水性周徧火則不生復云	世 尊 若 地 性 徧 云 何 容 水 水 性 周 徧 火 則 不 生 復 云 
X13n0285_004:0279c08	何明水火二性俱徧虗空不相陵滅世尊地性障礙	何 明 水 火 二 性 俱 徧 虗 空 不 相 陵 滅 世 尊 地 性 障 礙 
X13n0285_004:0279c09	空性虗通云何二俱周徧法界。	空 性 虗 通 云 何 二 俱 周 徧 法 界 
X13n0285_004:0279c10	意謂地水火風等一若周徧更不容他葢不達如	意 謂 地水火風 等 一 若 周 徧 更 不 容 他 葢 不 達 如 
X13n0285_004:0279c11	來全性即相全相即性之旨而妄以堅礙為地性	來 全 性 即 相 全 相 即 性 之 旨 而 妄 以 堅 礙 為 地 性 
X13n0285_004:0279c12	潤濕為水性等故也。三請佛開示。	潤 濕 為 水 性 等 故 也 三 請 佛 開 示 
X13n0285_004:0279c13	而我不知是義攸往惟願如來宣流大慈開我迷雲	而 我 不 知 是 義 攸 往 惟 願 如 來 宣 流 大 慈 開 我 迷 雲 
X13n0285_004:0279c14	及諸大眾作是語已五體投地欽渴如來無上慈誨。	及 諸 大 眾 作是語已 五體投地 欽 渴 如 來 無 上 慈 誨 
X13n0285_004:0279c15	攸往猶言所歸開我迷雲及諸大眾猶言開我及	攸 往 猶 言 所 歸 開 我 迷 雲 及 諸 大 眾 猶 言 開 我 及 
X13n0285_004:0279c16	大眾之迷雲。二許宣。	大 眾 之 迷 雲 二 許 宣 
X13n0285_004:0279c17	爾時世尊告富樓那及諸會中漏盡無學諸阿羅漢	爾 時 世 尊 告 富 樓 那 及 諸 會 中 漏 盡 無 學 諸 阿 羅 漢 
X13n0285_004:0279c18	如來今日普為此會宣勝義中真勝義性令汝會中	如 來 今 日 普 為 此 會 宣 勝 義 中 真 勝 義 性 令 汝 會 中 
X13n0285_004:0279c19	定性聲聞及諸一切未得二空迴向上乘阿羅漢等	定 性 聲 聞 及 諸 一 切 未 得 二 空 迴 向 上 乘 阿 羅 漢 等 
X13n0285_004:0279c20	皆獲一乘寂滅場地真阿練若正修行處汝今諦聽	皆 獲 一 乘 寂 滅 場 地 真 阿 練 若 正 修 行 處 汝 今 諦 聽 
X13n0285_004:0279c21	當為汝說富樓那等欽佛法音默然承聽。	當 為 汝 說 富 樓 那 等 欽 佛 法 音 默 然 承 聽 
X13n0285_004:0279c22	有學已悟故獨告無學人也前文就事顯理即性	有 學 已 悟 故 獨 告 無 學 人 也 前 文 就 事 顯 理 即 性 
X13n0285_004:0279c23	具相無非勝義今更破盡事理性相餘疑名勝義	具 相 無 非 勝 義 今 更 破 盡 事 理 性 相 餘 疑 名 勝 義 
X13n0285_004:0279c24	中真勝義性非於前勝義外別有所加但令真性	中 真 勝 義 性 非 於 前 勝 義 外 別 有 所 加 但 令 真 性 
X13n0285_004:0280a01	倍昭明耳定性聲聞偏指不迴心者未得二空謂	倍 昭 明 耳 定 性 聲 聞 偏 指 不 迴 心 者 未 得 二 空 謂 
X13n0285_004:0280a02	但證人空未證法空然肯迴心向大非定性也一	但 證 人 空 未 證 法 空 然 肯 迴心向大 非 定 性 也 一 
X13n0285_004:0280a03	乘寂滅場地者即如來藏妙真如性唯一佛乘本	乘 寂 滅 場 地 者 即 如 來 藏 妙 真 如 性 唯 一 佛 乘 本 
X13n0285_004:0280a04	來寂滅依此為本修因地方是真正無喧雜處而	來 寂 滅 依 此 為 本 修 因 地 方 是 真 正 無 喧 雜 處 而 
X13n0285_004:0280a05	為全性起修之正行也今說此法無論迴心與不	為 全 性 起 修 之 正 行 也 今 說 此 法 無 論 迴 心 與 不 
X13n0285_004:0280a06	迴心皆令得悟正可為法華前陣若至法華則已	迴 心 皆 令 得 悟 正 可 為 法 華 前 陣 若 至 法 華 則 已 
X13n0285_004:0280a07	開佛知見更無不迴心者亦不勞重開示矣。三	開 佛 知 見 更 無 不 迴 心 者 亦 不 勞 重 開 示 矣 三 
X13n0285_004:0280a08	正說二初答迷真起妄以釋理違事難二答相隨	正 說 二 初 答 迷 真 起 妄 以 釋 理 違 事 難 二 答 相 隨 
X13n0285_004:0280a09	性徧以釋相違性難。初中二初總辨真覺二別	性 徧 以 釋 相 違 性 難 初 中 二 初 總 辨 真 覺 二 別 
X13n0285_004:0280a10	明迷悟。初又二初直指覺性本來寂照二雙破	明 迷 悟 初 又 二 初 直 指 覺 性 本 來 寂 照 二 雙 破 
X13n0285_004:0280a11	覺非明與不明。今初。	覺 非 明 與 不 明 今 初 
X13n0285_004:0280a12	佛言富樓那如汝所言清淨本然云何忽生山河大	佛 言 富 樓 那 如 汝 所 言 清 淨 本 然 云 何 忽 生 山 河 大 
X13n0285_004:0280a13	地汝常不聞如來宣說性覺妙明本覺明妙富樓那	地 汝 常 不 聞 如 來 宣 說 性 覺 妙 明 本 覺 明 妙 富 樓 那 
X13n0285_004:0280a14	言唯然世尊我常聞佛宣說斯義。	言 唯 然 世 尊 我 常 聞 佛 宣 說 斯 義 
X13n0285_004:0280a15	此先指出本來覺性不屬迷悟以為迷悟之所依	此 先 指 出 本 來 覺 性 不 屬 迷 悟 以 為 迷 悟 之 所 依 
X13n0285_004:0280a16	也性覺本覺秪有二名終無二體不改名性固有	也 性 覺 本 覺 秪 有 二 名 終 無 二 體 不 改 名 性 固 有 
X13n0285_004:0280a17	名本妙明明妙不過交互言之顯其寂而常照照	名 本 妙 明 明 妙 不 過 交 互 言 之 顯 其 寂 而 常 照 照 
X13n0285_004:0280a18	而常寂迷之所不能減悟之所不能增也滿慈雖	而 常 寂 迷 之 所 不 能 減 悟 之 所 不 能 增 也 滿 慈 雖 
X13n0285_004:0280a19	曰常聞實未達其旨趣故佛得以兩關勘之。二	曰 常 聞 實 未 達 其 旨 趣 故 佛 得 以 兩 關 勘 之 二 
X13n0285_004:0280a20	雙破覺非明與不明。	雙 破 覺 非 明 與 不 明 
X13n0285_004:0280a21	佛言汝稱覺明為復性明稱名為覺為覺不明稱為	佛 言 汝 稱 覺 明 為 復 性 明 稱 名 為 覺 為 覺 不 明 稱 為 
X13n0285_004:0280a22	明覺富樓那言若此不明名為覺者則無所明佛言	明 覺 富 樓 那 言 若 此 不 明 名 為 覺 者 則 無 所 明 佛 言 
X13n0285_004:0280a23	若無所明則無明覺有所非覺無所非明無明又非	若 無 所 明 則 無 明 覺 有 所 非 覺 無 所 非 明 無 明 又 非 
X13n0285_004:0280a24	覺湛明性。	覺 湛 明 性 
X13n0285_004:0280b01	此文三節初佛言下是以明與不明雙徵次富樓	此 文 三 節 初 佛 言 下 是 以 明 與 不 明 雙 徵 次 富 樓 
X13n0285_004:0280b02	下是單領明邊而以不明為非三佛言下是雙破	下 是 單 領 明 邊 而 以 不 明 為 非 三 佛 言 下 是 雙 破 
X13n0285_004:0280b03	明與不明皆非也舊解紛紛傷文失旨今不暇辨	明 與 不 明 皆 非 也 舊 解 紛 紛 傷 文 失 旨 今 不 暇 辨 
X13n0285_004:0280b04	但直釋出令義昭然初文不必穿鑿令深但淺淺	但 直 釋 出 令 義 昭 然 初 文 不 必 穿 鑿 令 深 但 淺 淺 
X13n0285_004:0280b05	問云汝所稱覺明者為復性有所明而稱名為覺	問 云 汝 所 稱 覺 明 者 為 復 性 有 所 明 而 稱 名 為 覺 
X13n0285_004:0280b06	為覺乃不明者而稱為明覺乎此故立明與不明	為 覺 乃 不 明 者 而 稱 為 明 覺 乎 此 故 立 明 與 不 明 
X13n0285_004:0280b07	兩關以勘驗之富樓那即便答云若此不明名為	兩 關 以 勘 驗 之 富 樓 那 即 便 答 云 若 此 不 明 名 為 
X13n0285_004:0280b08	覺者則無所明意顯必有所明方可稱覺是竟墮	覺 者 則 無 所 明 意 顯 必 有 所 明 方 可 稱 覺 是 竟 墮 
X13n0285_004:0280b09	在明之一關矣佛遂雙破之云汝謂若無所明則	在 明 之 一 關 矣 佛 遂 雙 破 之 云 汝 謂 若 無 所 明 則 
X13n0285_004:0280b10	無明覺意必取有所明不知有所便非覺性矣既	無 明 覺 意 必 取 有 所 明 不 知 有 所 便 非 覺 性 矣 既 
X13n0285_004:0280b11	破其所領之非恐彼轉計無明故又牒破之曰無	破 其 所 領 之 非 恐 彼 轉 計 無 明 故 又 牒 破 之 曰 無 
X13n0285_004:0280b12	所又復非明而無明又非覺湛明性也有所非覺	所 又 復 非 明 而 無 明 又 非 覺 湛 明 性 也 有 所 非 覺 
X13n0285_004:0280b13	句顯此覺性不墮明之一關無所非明二句顯此	句 顯 此 覺 性 不 墮 明 之 一 關 無 所 非 明 二 句 顯 此 
X13n0285_004:0280b14	覺性不墮不明一關惟其非明不明故本來不屬	覺 性 不 墮 不 明 一 關 惟 其 非 明 不 明 故 本 來 不 屬 
X13n0285_004:0280b15	迷悟而得為迷悟作本也。二別明迷悟二初明	迷 悟 而 得 為 迷 悟 作 本 也 二 別 明 迷 悟 二 初 明 
X13n0285_004:0280b16	眾生迷真成妄二明諸佛悟妄惟真。初中又三	眾 生 迷 真 成 妄 二 明 諸 佛 悟 妄 惟 真 初 中 又 三 
X13n0285_004:0280b17	初明所起妄因二明所感妄果三結果歸因。今	初 明 所 起 妄 因 二 明 所 感 妄 果 三 結 果 歸 因 今 
X13n0285_004:0280b18	初。	初 
X13n0285_004:0280b19	性覺必明妄為明覺覺非所明因明立所所既妄立	性 覺 必 明 妄 為 明 覺 覺 非 所 明 因 明 立 所 所 既 妄 立 
X13n0285_004:0280b20	生汝妄能無同異中熾然成異異彼所異因異立同	生 汝 妄 能 無 同 異 中 熾 然 成 異 異 彼 所 異 因 異 立 同 
X13n0285_004:0280b21	同異發明因此復立無同無異如是擾亂相待生勞	同 異 發 明 因 此 復 立 無 同 無 異 如 是 擾 亂 相 待 生 勞 
X13n0285_004:0280b22	勞久發塵自相渾濁由是引起塵勞煩惱。	勞 久 發 塵 自 相 渾 濁 由 是 引 起 塵 勞 煩 惱 
X13n0285_004:0280b23	此正顯一念無明心中頓具世界眾生業果三種	此 正 顯 一 念 無 明 心 中 頓 具 世 界 眾 生 業 果 三 種 
X13n0285_004:0280b24	相續之因也性覺必明一句即前性覺妙明本覺	相 續 之 因 也 性 覺 必 明 一 句 即 前 性 覺 妙 明 本 覺 
X13n0285_004:0280c01	明妙之義謂性覺必具真明此明不是有所之妄	明 妙 之 義 謂 性 覺 必 具 真 明 此 明 不 是 有 所 之 妄 
X13n0285_004:0280c02	明亦不是冥然不覺之無明也但真如本有隨緣	明 亦 不 是 冥 然 不 覺 之 無 明 也 但 真 如 本 有 隨 緣 
X13n0285_004:0280c03	之用由其無始以來曾未悟故不覺念起而妄為	之 用 由 其 無 始 以 來 曾 未 悟 故 不 覺 念 起 而 妄 為 
X13n0285_004:0280c04	明覺是故覺性元非所明由此妄明遂立妄所所	明 覺 是 故 覺 性 元 非 所 明 由 此 妄 明 遂 立 妄 所 所 
X13n0285_004:0280c05	既妄立隨即生汝妄能於是本無同異法性之中	既 妄 立 隨 即 生 汝 妄 能 於 是 本 無 同 異 法 性 之 中 
X13n0285_004:0280c06	熾然遂成能所二法之異矣此非世界相續之張	熾 然 遂 成 能 所 二 法 之 異 矣 此 非 世 界 相 續 之 張 
X13n0285_004:0280c07	本乎又復異於彼之所異因異復立妄同此非十	本 乎 又 復 異 於 彼 之 所 異 因 異 復 立 妄 同 此 非 十 
X13n0285_004:0280c08	方虗空之張本乎又既有同異發明因此復立無	方 虗 空 之 張 本 乎 又 既 有 同 異 發 明 因 此 復 立 無 
X13n0285_004:0280c09	同無異豈非眾生相續之張本乎夫一念無明不	同 無 異 豈 非 眾 生 相 續 之 張 本 乎 夫 一 念 無 明 不 
X13n0285_004:0280c10	起則已起則必成能所之異有異則必有同有異	起 則 已 起 則 必 成 能 所 之 異 有 異 則 必 有 同 有 異 
X13n0285_004:0280c11	有同則必有無同無異如此諸法森然頓起擾亂	有 同 則 必 有 無 同 無 異 如 此 諸 法 森 然 頓 起 擾 亂 
X13n0285_004:0280c12	性真兩兩相待安得不生勞慮勞慮既久安得不	性 真 兩 兩 相 待 安 得 不 生 勞 慮 勞 慮 既 久 安 得 不 
X13n0285_004:0280c13	發妄塵既有妄塵安得不相渾濁由是引起塵勞	發 妄 塵 既 有 妄 塵 安 得 不 相 渾 濁 由 是 引 起 塵 勞 
X13n0285_004:0280c14	煩惱豈非業果相續之張本乎是知三相續因總	煩 惱 豈 非 業 果 相 續 之 張 本 乎 是 知 三 相 續 因 總 
X13n0285_004:0280c15	不離於一念無明也此文舊以三細六麤釋之義	不 離 於 一 念 無 明 也 此 文 舊 以 三 細 六 麤 釋 之 義 
X13n0285_004:0280c16	亦可然但令文勢斷續經旨難明今故不用設欲	亦 可 然 但 令 文 勢 斷 續 經 旨 難 明 今 故 不 用 設 欲 
X13n0285_004:0280c17	配之亦無不可妄為明覺即無明業相立所即境	配 之 亦 無 不 可 妄 為 明 覺 即 無 明 業 相 立 所 即 境 
X13n0285_004:0280c18	界相妄能即能見相境界是相分能見是見分此	界 相 妄 能 即 能 見 相 境 界 是 相 分 能 見 是 見 分 此 
X13n0285_004:0280c19	之二分起必同時故起信論先能後所此中先所	之 二 分 起 必 同 時 故 起 信 論 先 能 後 所 此 中 先 所 
X13n0285_004:0280c20	後能各從語便實不相違已上是三細也次相待	後 能 各 從 語 便 實 不 相 違 已 上 是 三 細 也 次 相 待 
X13n0285_004:0280c21	生勞即六麤中智相勞久即相續相發塵即執取	生 勞 即 六 麤 中 智 相 勞 久 即 相 續 相 發 塵 即 執 取 
X13n0285_004:0280c22	相自相渾濁即計名字相塵勞煩惱即業相及業	相 自 相 渾 濁 即 計 名 字 相 塵 勞 煩 惱 即 業 相 及 業 
X13n0285_004:0280c23	繫苦相也無明不覺生三細境界為緣長六麤不	繫 苦 相 也 無 明 不 覺 生 三 細 境 界 為 緣 長 六 麤 不 
X13n0285_004:0280c24	依本覺安有無明不依無明安有境界不緣境界	依 本 覺 安 有 無 明 不 依 無 明 安 有 境 界 不 緣 境 界 
X13n0285_004:0281a01	安有六麤攝六麤秪歸見相攝見相秪屬無明攝	安 有 六 麤 攝 六 麤 秪 歸 見 相 攝 見 相 秪 屬 無 明 攝 
X13n0285_004:0281a02	無明不離本覺可謂全真成妄全妄即真矣。二	無 明 不 離 本 覺 可 謂 全 真 成 妄 全 妄 即 真 矣 二 
X13n0285_004:0281a03	明所感妄果二初牒上略明二相二廣顯三種相	明 所 感 妄 果 二 初 牒 上 略 明 二 相 二 廣 顯 三 種 相 
X13n0285_004:0281a04	續。今初。	續 今 初 
X13n0285_004:0281a05	起為世界靜成虗空虗空為同世界為異彼無同異	起 為 世 界 靜 成 虗 空 虗 空 為 同 世 界 為 異 彼 無 同 異 
X13n0285_004:0281a06	真有為法。	真 有 為 法 
X13n0285_004:0281a07	承上一念無明既具三細六麤諸相由是起為世	承 上 一 念 無 明 既 具 三 細 六 麤 諸 相 由 是 起 為 世 
X13n0285_004:0281a08	界靜成虗空當知十方虗空秪是妄心中之同相	界 靜 成 虗 空 當 知 十 方 虗 空 秪 是 妄 心 中 之 同 相 
X13n0285_004:0281a09	所成種種世界秪是妄心中之異相所成則無情	所 成 種 種 世 界 秪 是 妄 心 中 之 異 相 所 成 則 無 情 
X13n0285_004:0281a10	空界不離妄心明矣又彼同異發明所立無同無	空 界 不 離 妄 心 明 矣 又 彼 同 異 發 明 所 立 無 同 無 
X13n0285_004:0281a11	異即是有情眾生謂之曰同則身命各異謂之曰	異 即 是 有 情 眾 生 謂 之 曰 同 則 身 命 各 異 謂 之 曰 
X13n0285_004:0281a12	異則四大是均心識亦均故名無同無異然此無	異 則 四 大 是 均 心 識 亦 均 故 名 無 同 無 異 然 此 無 
X13n0285_004:0281a13	同異法乃是因於同異發明而立的是有為之法	同 異 法 乃 是 因 於 同 異 發 明 而 立 的 是 有 為 之 法 
X13n0285_004:0281a14	與上文本無同異之覺性實不侔矣此可見有情	與 上 文 本 無 同 異 之 覺 性 實 不 侔 矣 此 可 見 有 情 
X13n0285_004:0281a15	眾生亦秪是妄心中之無同異相而已。二廣顯	眾 生 亦 秪 是 妄 心 中 之 無 同 異 相 而 已 二 廣 顯 
X13n0285_004:0281a16	三種相續三初明世界相續二明眾生相續三明	三 種 相 續 三 初 明 世 界 相 續 二 明 眾 生 相 續 三 明 
X13n0285_004:0281a17	業果相續。今初。	業 果 相 續 今 初 
X13n0285_004:0281a18	覺明空昧相待成搖故有風輪執持世界因空生搖	覺 明 空 昧 相 待 成 搖 故 有 風 輪 執 持 世 界 因 空 生 搖 
X13n0285_004:0281a19	堅明立礙彼金寶者明覺立堅故有金輪保持國土	堅 明 立 礙 彼 金 寶 者 明 覺 立 堅 故 有 金 輪 保 持 國 土 
X13n0285_004:0281a20	堅覺寶成搖明風出風金相摩故有火光為變化性	堅 覺 寶 成 搖 明 風 出 風 金 相 摩 故 有 火 光 為 變 化 性 
X13n0285_004:0281a21	寶明生潤火光上烝故有水輪含十方界火騰水降	寶 明 生 潤 火 光 上 烝 故 有 水 輪 含 十 方 界 火 騰 水 降 
X13n0285_004:0281a22	交發立堅濕為巨海乾為洲潬以是義故彼大海中	交 發 立 堅 濕 為 巨 海 乾 為 洲 潬 以是義故 彼 大 海 中 
X13n0285_004:0281a23	火光常起彼洲潬中江河常注水勢劣火結為高山	火 光 常 起 彼 洲 潬 中 江 河 常 注 水 勢 劣 火 結 為 高 山 
X13n0285_004:0281a24	是故山石擊則成燄融則成水土勢劣水抽為草木	是 故 山 石 擊 則 成 燄 融 則 成 水 土 勢 劣 水 抽 為 草 木 
X13n0285_004:0281b01	是故林藪遇燒成土因絞成水交妄發生遞相為種	是 故 林 藪 遇 燒 成 土 因 絞 成 水 交 妄 發 生 遞 相 為 種 
X13n0285_004:0281b02	以是因緣世界相續。	以是因緣 世 界 相 續 
X13n0285_004:0281b03	此正明世界相續不離一念無明心也由妄為明	此 正 明 世 界 相 續 不 離 一 念 無 明 心 也 由 妄 為 明 
X13n0285_004:0281b04	覺因明立所因所彰能能為妄覺所為頑空妄覺	覺 因 明 立 所 因 所 彰 能 能 為 妄 覺 所 為 頑 空 妄 覺 
X13n0285_004:0281b05	是明頑空是昧二法相待法爾成搖故有風輪執	是 明 頑 空 是 昧 二 法 相 待 法 爾 成 搖 故 有 風 輪 執 
X13n0285_004:0281b06	持世界可見一切風輪秪是一念中之動相耳空	持 世 界 可 見 一 切 風 輪 秪 是 一 念 中 之 動 相 耳 空 
X13n0285_004:0281b07	既生搖對動成靜故曰堅明立礙謂於妄明之中	既 生 搖 對 動 成 靜 故 曰 堅 明 立 礙 謂 於 妄 明 之 中 
X13n0285_004:0281b08	堅立一種礙相以與動相對也彼世界之金寶即	堅 立 一 種 礙 相 以 與 動 相 對 也 彼 世 界 之 金 寶 即 
X13n0285_004:0281b09	汝妄明覺體所立堅相故有金輪保持國土可見	汝 妄 明 覺 體 所 立 堅 相 故 有 金 輪 保 持 國 土 可 見 
X13n0285_004:0281b10	一切金輪秪是一念中之堅相耳於妄心中堅覺	一 切 金 輪 秪 是 一 念 中 之 堅 相 耳 於 妄 心 中 堅 覺 
X13n0285_004:0281b11	之寶既成搖明之風復出以心中妄動之風摩心	之 寶 既 成 搖 明 之 風 復 出 以 心 中 妄 動 之 風 摩 心 
X13n0285_004:0281b12	中妄立之金故有火光為變化性無而忽有有而	中 妄 立 之 金 故 有 火 光 為 變 化 性 無 而 忽 有 有 而 
X13n0285_004:0281b13	忽無可見一切火大秪是一念中之動靜二相所	忽 無 可 見 一 切 火 大 秪 是 一 念 中 之 動 靜 二 相 所 
X13n0285_004:0281b14	摩成耳妄心堅覺之寶明既能生潤妄心變化之	摩 成 耳 妄 心 堅 覺 之 寶 明 既 能 生 潤 妄 心 變 化 之 
X13n0285_004:0281b15	火光又復上烝故有水輪含十方界可見一切水	火 光 又 復 上 烝 故 有 水 輪 含 十 方 界 可 見 一 切 水 
X13n0285_004:0281b16	大秪是一念中之金火二妄所烝成耳一念妄心	大 秪 是 一 念 中 之 金 火 二 妄 所 烝 成 耳 一 念 妄 心 
X13n0285_004:0281b17	既已全具四大於四大中火性常騰水性常降交	既 已 全 具 四 大 於 四 大 中 火 性 常 騰 水 性 常 降 交 
X13n0285_004:0281b18	互發生立諸堅礙遂有山河大地水勝則濕為巨	互 發 生 立 諸 堅 礙 遂 有 山 河 大 地 水 勝 則 濕 為 巨 
X13n0285_004:0281b19	海火勝則乾為洲潬大者為洲小者為潬然大海	海 火 勝 則 乾 為 洲 潬 大 者 為 洲 小 者 為 潬 然 大 海 
X13n0285_004:0281b20	亦心中妄火互立故得火光常起洲潬亦藉心中	亦 心 中 妄 火 互 立 故 得 火 光 常 起 洲 潬 亦 藉 心 中 
X13n0285_004:0281b21	妄水互立故得江河常注也若妄心中之水勢甚	妄 水 互 立 故 得 江 河 常 注 也 若 妄 心 中 之 水 勢 甚 
X13n0285_004:0281b22	劣火勢甚勝則結為高山由此山石秪是妄心水	劣 火 勢 甚 勝 則 結 為 高 山 由 此 山 石 秪 是 妄 心 水 
X13n0285_004:0281b23	火結成故擊則成燄融則成水若妄心中之土勢	火 結 成 故 擊 則 成 燄 融 則 成 水 若 妄 心 中 之 土 勢 
X13n0285_004:0281b24	甚劣水勢甚勝則抽為草木由此草木秪是妄心	甚 劣 水 勢 甚 勝 則 抽 為 草 木 由 此 草 木 秪 是 妄 心 
X13n0285_004:0281c01	水土抽出故燒還成土絞還得水可見地水火風	水 土 抽 出 故 燒 還 成 土 絞 還 得 水 可 見 地水火風 
X13n0285_004:0281c02	全是妄心中物以此妄物於妄心中交互發生遞	全 是 妄 心 中 物 以 此 妄 物 於 妄 心 中 交 互 發 生 遞 
X13n0285_004:0281c03	相為種以是因緣妄有世界相續除却妄心之外	相 為 種 以是因緣 妄 有 世 界 相 續 除 却 妄 心 之 外 
X13n0285_004:0281c04	安有少許實法可得耶此雖答示迷真成妄理不	安 有 少 許 實 法 可 得 耶 此 雖 答 示 迷 真 成 妄 理 不 
X13n0285_004:0281c05	違事而海中火起等義即可密釋相違性之難端	違 事 而 海 中 火 起 等 義 即 可 密 釋 相 違 性 之 難 端 
X13n0285_004:0281c06	至後相傾相奪隨為色空等義又可兼釋理違事	至 後 相 傾 相 奪 隨 為 色 空 等 義 又 可 兼 釋 理 違 事 
X13n0285_004:0281c07	之餘惑良由諦理圓微故使佛語巧妙若此珍之	之 餘 惑 良 由 諦 理 圓 微 故 使 佛 語 巧 妙 若 此 珍 之 
X13n0285_004:0281c08	味之又復應知文中似惟顯示同居世界相續之	味 之 又 復 應 知 文 中 似 惟 顯 示 同 居 世 界 相 續 之 
X13n0285_004:0281c09	相而方便實報二種世界相續亦不外此以不達	相 而 方 便 實 報 二 種 世 界 相 續 亦 不 外 此 以 不 達 
X13n0285_004:0281c10	妄心中四大即空故有同居世界相續以不達妄	妄 心 中 四 大 即 空 故 有 同 居 世 界 相 續 以 不 達 妄 
X13n0285_004:0281c11	心中四大假名無量故有方便世界相續以不達	心 中 四 大 假 名 無 量 故 有 方 便 世 界 相 續 以 不 達 
X13n0285_004:0281c12	妄心中四大即中故有實報世界相續也此文舊	妄 心 中 四 大 即 中 故 有 實 報 世 界 相 續 也 此 文 舊 
X13n0285_004:0281c13	以五行生尅訓之甚違經旨經顯一切惟心乃用	以 五 行 生 尅 訓 之 甚 違 經 旨 經 顯 一 切 惟 心 乃 用 
X13n0285_004:0281c14	世間妄計為解安得相蒙且如由石擊燄融水於	世 間 妄 計 為 解 安 得 相 蒙 且 如 由 石 擊 燄 融 水 於 
X13n0285_004:0281c15	五行之說云何會通若以石屬金則金能生水烏	五 行 之 說 云 何 會 通 若 以 石 屬 金 則 金 能 生 水 烏 
X13n0285_004:0281c16	能又生於火若以石為土則水火皆不應生又林	能 又 生 於 火 若 以 石 為 土 則 水 火 皆 不 應 生 又 林 
X13n0285_004:0281c17	燒成灰可云火能生土因絞成水豈是木反生水	燒 成 灰 可 云 火 能 生 土 因 絞 成 水 豈 是 木 反 生 水 
X13n0285_004:0281c18	故知世間五行元無實義不應以彼而釋此也然	故 知 世 間 五 行 元 無 實 義 不 應 以 彼 而 釋 此 也 然 
X13n0285_004:0281c19	儒宗太極兩儀之說却與此經暗合但彼不說惟	儒 宗 太 極 兩 儀 之 說 却 與 此 經 暗 合 但 彼 不 說 惟 
X13n0285_004:0281c20	心所現便非正因緣境今不避繁文試一點出經	心 所 現 便 非 正 因 緣 境 今 不 避 繁 文 試 一 點 出 經 
X13n0285_004:0281c21	文所稱覺明空昧即彼所稱太極太極圓中半白	文 所 稱 覺 明 空 昧 即 彼 所 稱 太 極 太 極 圓 中 半 白 
X13n0285_004:0281c22	半黑黑表空昧白表覺明也相待生搖風輪持世	半 黑 黑 表 空 昧 白 表 覺 明 也 相 待 生 搖 風 輪 持 世 
X13n0285_004:0281c23	即彼所謂太極動而生陽以其周行地外計以為	即 彼 所 謂 太 極 動 而 生 陽 以 其 周 行 地 外 計 以 為 
X13n0285_004:0281c24	天也堅明立礙金輪持國即彼所謂動極復靜靜	天 也 堅 明 立 礙 金 輪 持 國 即 彼 所 謂 動 極 復 靜 靜 
X13n0285_004:0282a01	而生陰以其成形於內計以為地也火光為變化	而 生 陰 以 其 成 形 於 內 計 以 為 地 也 火 光 為 變 化 
X13n0285_004:0282a02	性者即彼所謂體陰用陽離之象也水輪含十方	性 者 即 彼 所 謂 體 陰 用 陽 離 之 象 也 水 輪 含 十 方 
X13n0285_004:0282a03	界者即彼所謂體陽用陰坎之象也所以先天八	界 者 即 彼 所 謂 體 陽 用 陰 坎 之 象 也 所 以 先 天 八 
X13n0285_004:0282a04	卦乾南坤北離東坎西正彷彿此惟心四大但不	卦 乾 南 坤 北 離 東 坎 西 正 彷 彿 此 惟 心 四 大 但 不 
X13n0285_004:0282a05	達惟心故云太極生兩儀兩儀生四象耳火騰水	達 惟 心 故 云 太 極 生 兩 儀 兩 儀 生 四 象 耳 火 騰 水 
X13n0285_004:0282a06	降等者即彼所謂後天八卦水火為政故離南坎	降 等 者 即 彼 所 謂 後 天 八 卦 水 火 為 政 故 離 南 坎 
X13n0285_004:0282a07	北以表騰降之象也大約儒門計風金二大為天	北 以 表 騰 降 之 象 也 大 約 儒 門 計 風 金 二 大 為 天 
X13n0285_004:0282a08	地之體計水火二大為天地之用然後具生後天	地 之 體 計 水 火 二 大 為 天 地 之 用 然 後 具 生 後 天 
X13n0285_004:0282a09	五行不知太極動靜全是當人妄心動靜依此妄	五 行 不 知 太 極 動 靜 全 是 當 人 妄 心 動 靜 依 此 妄 
X13n0285_004:0282a10	動妄靜妄有世界相續豈有五行實法能相生尅	動 妄 靜 妄 有 世 界 相 續 豈 有 五 行 實 法 能 相 生 尅 
X13n0285_004:0282a11	哉惟周子先悟道於東林故作太極圓說欲人了	哉 惟 周 子 先 悟 道 於 東 林 故 作 太 極 圓 說 欲 人 了 
X13n0285_004:0282a12	知太極本非心外實法只是無明迷於覺性妄成	知 太 極 本 非 心 外 實 法 只 是 無 明 迷 於 覺 性 妄 成 
X13n0285_004:0282a13	阿賴耶識而此無明全體虗妄了無自性可得故	阿賴耶識 而 此 無 明 全 體 虗 妄 了 無 自 性 可 得 故 
X13n0285_004:0282a14	點破云無極而太極謂此太極本無所謂太極但	點 破 云 無 極 而 太 極 謂 此 太 極 本 無 所 謂 太 極 但 
X13n0285_004:0282a15	是從無住本立一切法耳後儒不達更推無極為	是 從 無 住 本 立 一 切 法 耳 後 儒 不 達 更 推 無 極 為 
X13n0285_004:0282a16	太極本失旨甚矣又孔子易傳亦云易有太極乃	太 極 本 失 旨 甚 矣 又 孔 子 易 傳 亦 云 易 有 太 極 乃 
X13n0285_004:0282a17	密指易理為隨緣不變不變隨緣之藏心特以機	密 指 易 理 為 隨 緣 不 變 不 變 隨 緣 之 藏 心 特 以 機 
X13n0285_004:0282a18	緣未到不得明言此又菩薩苦心不可不知。二	緣 未 到 不 得 明 言 此 又 菩 薩 苦 心 不 可 不 知 二 
X13n0285_004:0282a19	明眾生相續。	明 眾 生 相 續 
X13n0285_004:0282a20	復次富樓那明妄非他覺明為咎所妄既立明理不	復 次 富 樓 那 明 妄 非 他 覺 明 為 咎 所 妄 既 立 明 理 不 
X13n0285_004:0282a21	踰以是因緣聽不出聲見不超色色香味觸六妄成	踰 以是因緣 聽 不 出 聲 見 不 超 色 色香味觸 六 妄 成 
X13n0285_004:0282a22	就由是分開見覺聞知同業相纏合離成化見明色	就 由 是 分 開 見 覺 聞 知 同 業 相 纏 合 離 成 化 見 明 色 
X13n0285_004:0282a23	發明見想成異見成憎同想成愛流愛為種納想為	發 明 見 想 成 異 見 成 憎 同 想 成 愛 流 愛 為 種 納 想 為 
X13n0285_004:0282a24	胎交遘發生吸引同業故有因緣生羯羅藍遏蒲曇	胎 交 遘 發 生 吸 引 同 業 故 有 因 緣 生 羯 羅 藍 遏 蒲 曇 
X13n0285_004:0282b01	等胎卵濕化隨其所應卵惟想生胎因情有濕以合	等 胎 卵 濕 化 隨其所應 卵 惟 想 生 胎 因 情 有 濕 以 合 
X13n0285_004:0282b02	感化以離應情想合離更相變易所有受業逐其飛	感 化 以 離 應 情 想 合 離 更 相 變 易 所 有 受 業 逐 其 飛 
X13n0285_004:0282b03	沉以是因緣眾生相續。	沉 以是因緣 眾 生 相 續 
X13n0285_004:0282b04	此明眾生相續亦不離一念無明心也故牒前文	此 明 眾 生 相 續 亦 不 離 一 念 無 明 心 也 故 牒 前 文 
X13n0285_004:0282b05	而示之曰復次眾生之明妄非他即是覺性起於	而 示 之 曰 復 次 眾 生 之 明 妄 非 他 即 是 覺 性 起 於 
X13n0285_004:0282b06	妄明為咎由其所妄既立遂使能明之理不踰以	妄 明 為 咎 由 其 所 妄 既 立 遂 使 能 明 之 理 不 踰 以 
X13n0285_004:0282b07	是因緣聽不出聲見不超色所中之色聲香味觸	是 因 緣 聽 不 出 聲 見 不 超 色 所 中 之 色聲香味觸 
X13n0285_004:0282b08	法六妄成就由是分開妄能而為見覺聞知之六	法 六 妄 成 就 由 是 分 開 妄 能 而 為 見 覺 聞 知 之 六 
X13n0285_004:0282b09	根此即前文所謂結暗為色後文所謂見精映色	根 此 即 前 文 所 謂 結 暗 為 色 後 文 所 謂 見 精 映 色 
X13n0285_004:0282b10	結色成根等也既有此虗妄六根則念念執之為	結 色 成 根 等 也 既 有 此 虗 妄 六 根 則 念 念 執 之 為 
X13n0285_004:0282b11	我如頻伽瓶滿中擎空遂為生死輪迴之本必招	我 如 頻 伽 瓶 滿 中 擎 空 遂 為 生死輪迴 之 本 必 招 
X13n0285_004:0282b12	胎卵濕化之形胎卵二生則同業相纏濕化二生	胎 卵 濕 化 之 形 胎 卵 二 生 則 同 業 相 纏 濕 化 二 生 
X13n0285_004:0282b13	則合離成化且如胎生之始由彼虗妄六根中陰	則 合 離 成 化 且 如 胎 生 之 始 由 彼 虗 妄 六 根 中 陰 
X13n0285_004:0282b14	之身於有緣處見有一點明相所欲之色發現在	之 身 於 有 緣 處 見 有 一 點 明 相 所 欲 之 色 發 現 在 
X13n0285_004:0282b15	前依此明見便成婬欲之想男見父而憎女見母	前 依 此 明 見 便 成 婬 欲 之 想 男 見 父 而 憎 女 見 母 
X13n0285_004:0282b16	而憎男見母而妄想謂妻故成愛女見父而妄想	而 憎 男 見 母 而 妄 想 謂 妻 故 成 愛 女 見 父 而 妄 想 
X13n0285_004:0282b17	謂夫故成愛流注此愛以為受生種子納彼妄想	謂 夫 故 成 愛 流 注 此 愛 以 為 受 生 種 子 納 彼 妄 想 
X13n0285_004:0282b18	於父精母血之中而得成胎此由男女交遘發生	於 父 精 母 血 之 中 而 得 成 胎 此 由 男 女 交 遘 發 生 
X13n0285_004:0282b19	吸引彼同業有緣之中陰故有因緣生初七日之	吸 引 彼 同 業 有 緣 之 中 陰 故 有 因 緣 生 初 七 日 之 
X13n0285_004:0282b20	羯羅藍猶如凝滑二七日之遏蒲曇其狀如皰三	羯 羅 藍 猶 如 凝 滑 二 七 日 之 遏 蒲 曇 其 狀 如 皰 三 
X13n0285_004:0282b21	七日之蔽尸猶如軟肉四七日之羯南猶如堅肉	七 日 之 蔽 尸 猶 如 軟 肉 四 七 日 之 羯 南 猶 如 堅 肉 
X13n0285_004:0282b22	五七日之鉢羅奢佉分開四支名為形位乃至十	五 七 日 之 鉢羅奢佉 分 開 四 支 名 為 形 位 乃 至 十 
X13n0285_004:0282b23	月而出胎也如此胎卵濕化四生隨其所感業緣	月 而 出 胎 也 如 此 胎 卵 濕 化 四 生 隨 其 所 感 業 緣 
X13n0285_004:0282b24	而隨應之卵惟想生如雄鳴上風雌鳴下風之類	而 隨 應 之 卵 惟 想 生 如 雄 鳴 上 風 雌 鳴 下 風 之 類 
X13n0285_004:0282c01	此與七趣文中情想不同彼以思善為想念惡為	此 與 七 趣 文 中 情 想 不 同 彼 以 思 善 為 想 念 惡 為 
X13n0285_004:0282c02	情此以男女愛慕為想綢繆為情也惟想故藉四	情 此 以 男 女 愛 慕 為 想 綢 繆 為 情 也 惟 想 故 藉 四 
X13n0285_004:0282c03	緣生一業二父三母四煖以羯羅藍為初生相因	緣 生 一 業 二 父 三 母 四 煖 以 羯 羅 藍 為 初 生 相 因 
X13n0285_004:0282c04	情故藉三緣生一業二父三母以遏蒲曇為胎卵	情 故 藉 三 緣 生 一 業 二 父 三 母 以 遏 蒲 曇 為 胎 卵 
X13n0285_004:0282c05	漸分之相合感故藉二緣生一業二濕以蔽尸為	漸 分 之 相 合 感 故 藉 二 緣 生 一 業 二 濕 以 蔽 尸 為 
X13n0285_004:0282c06	初生相離應故惟一緣生所謂業力以羯南為初	初 生 相 離 應 故 惟 一 緣 生 所 謂 業 力 以 羯 南 為 初 
X13n0285_004:0282c07	生相眾生無始以來或情變為想想易為情合變	生 相 眾 生 無 始 以 來 或 情 變 為 想 想 易 為 情 合 變 
X13n0285_004:0282c08	成離離易為合等更相變易種種不同所有受業	成 離 離 易 為 合 等 更 相 變 易 種種不同 所 有 受 業 
X13n0285_004:0282c09	無不隨業成報逐其善業則四生皆有飛舉之樂	無 不 隨 業 成 報 逐 其 善 業 則 四 生 皆 有 飛 舉 之 樂 
X13n0285_004:0282c10	逐其惡業則四生皆有沉墜之苦以是因緣眾生	逐 其 惡 業 則 四 生 皆 有 沉 墜 之 苦 以是因緣 眾 生 
X13n0285_004:0282c11	相續明其但是覺明為咎更無他因也此雖但明	相 續 明 其 但 是 覺 明 為 咎 更 無 他 因 也 此 雖 但 明 
X13n0285_004:0282c12	六凡眾生相續之相而方便實報土中三乘眾生	六 凡 眾 生 相 續 之 相 而 方 便 實 報 土 中 三 乘 眾 生 
X13n0285_004:0282c13	相續亦可例知所謂投真諦胎投俗諦胎投中諦	相 續 亦 可 例 知 所 謂 投 真 諦 胎 投 俗 諦 胎 投 中 諦 
X13n0285_004:0282c14	胎出見思卵殻出塵沙卵殻出無明卵殻見思習	胎 出 見 思 卵 殻 出 塵 沙 卵 殻 出 無 明 卵 殻 見 思 習 
X13n0285_004:0282c15	潤塵沙習潤無明習潤潤即是濕空觀化假觀化	潤 塵 沙 習 潤 無 明 習 潤 潤 即 是 濕 空 觀 化 假 觀 化 
X13n0285_004:0282c16	中道化乃至界外情想合離以理思之。三明業	中 道 化 乃 至 界 外 情 想 合 離 以 理 思 之 三 明 業 
X13n0285_004:0282c17	果相續。	果 相 續 
X13n0285_004:0282c18	富樓那想愛同結愛不能離則諸世間父母子孫相	富 樓 那 想 愛 同 結 愛 不 能 離 則 諸 世 間 父 母 子 孫 相 
X13n0285_004:0282c19	生不斷是等則以欲貪為本貪愛同滋貪不能止則	生 不 斷 是 等 則 以 欲 貪 為 本 貪 愛 同 滋 貪 不 能 止 則 
X13n0285_004:0282c20	諸世間胎卵濕化隨力強弱遞相吞食是等則以殺	諸 世 間 胎 卵 濕 化 隨 力 強 弱 遞 相 吞 食 是 等 則 以 殺 
X13n0285_004:0282c21	貪為本以人食羊羊死為人人死為羊如是乃至十	貪 為 本 以 人 食 羊 羊 死 為 人 人 死 為 羊 如 是 乃 至 十 
X13n0285_004:0282c22	生之類死死生生互來相噉惡業俱生窮未來際是	生 之 類 死 死 生 生 互 來 相 噉 惡 業 俱 生 窮未來際 是 
X13n0285_004:0282c23	等則以盜貪為本汝負我命我還汝債以是因緣經	等 則 以 盜 貪 為 本 汝 負 我 命 我 還 汝 債 以是因緣 經 
X13n0285_004:0282c24	百千劫常在生死汝愛我心我憐汝色以是因緣經	百 千 劫 常 在 生 死 汝 愛 我 心 我 憐 汝 色 以是因緣 經 
X13n0285_004:0283a01	百千劫常在纏縛惟殺盜婬三為根本以是因緣業	百 千 劫 常 在 纏 縛 惟 殺 盜 婬 三 為 根 本 以是因緣 業 
X13n0285_004:0283a02	果相續。	果 相 續 
X13n0285_004:0283a03	此明業果相續總不離一念妄貪也真如不守自	此 明 業 果 相 續 總 不 離 一 念 妄 貪 也 真 如 不 守 自 
X13n0285_004:0283a04	性妄為明覺最初一念貪明己為眾貪之本由其	性 妄 為 明 覺 最 初 一 念 貪 明 己 為 眾 貪 之 本 由 其 
X13n0285_004:0283a05	所貪益劣造業益惡感果益苦一切瞋癡慢等皆	所 貪 益 劣 造 業 益 惡 感 果 益 苦 一 切 瞋 癡 慢 等 皆 
X13n0285_004:0283a06	由貪生故獨指三貪為業果根本也十生者於十	由 貪 生 故 獨 指 三 貪 為 業 果 根 本 也 十 生 者 於 十 
X13n0285_004:0283a07	二類生中惟除土木金石空散消沉不可食故互	二 類 生 中 惟 除 土 木 金 石 空 散 消 沉 不 可 食 故 互 
X13n0285_004:0283a08	來相取為盜貪者不與而取名之為盜畜生何嘗	來 相 取 為 盜 貪 者 不 與 而 取 名 之 為 盜 畜 生 何 嘗 
X13n0285_004:0283a09	肯與人食橫取食之盜莫大焉故約互傷名殺約	肯 與 人 食 橫 取 食 之 盜 莫 大 焉 故 約 互 傷 名 殺 約 
X13n0285_004:0283a10	互取名盜此特舉業之最重者言耳若統論惡業	互 取 名 盜 此 特 舉 業 之 最 重 者 言 耳 若 統 論 惡 業 
X13n0285_004:0283a11	則有十惡不止身三又統論業果則有善惡不動	則 有 十 惡 不 止 身 三 又 統 論 業 果 則 有 善 惡 不 動 
X13n0285_004:0283a12	三業招感三界有漏苦樂不動三果故下文云有	三 業 招 感 三 界 有 漏 苦 樂 不 動 三 果 故 下 文 云 有 
X13n0285_004:0283a13	名鬼倫無名天趣有無相傾起輪迴性也又偏真	名 鬼 倫 無 名 天 趣 有 無 相 傾 起 輪 迴 性 也 又 偏 真 
X13n0285_004:0283a14	業感方便果緣了業感實報果通前三界業果總	業 感 方 便 果 緣 了 業 感 實 報 果 通 前 三 界 業 果 總 
X13n0285_004:0283a15	是迷中妄業妄果如水成氷惟稱性業感寂光果	是 迷 中 妄 業 妄 果 如 水 成 氷 惟 稱 性 業 感 寂 光 果 
X13n0285_004:0283a16	即是悟中真業真果如水成氷又婬論事婬理婬	即 是 悟 中 真 業 真 果 如 水 成 氷 又 婬 論 事 婬 理 婬 
X13n0285_004:0283a17	殺論事殺理殺盜論事盜理盜以成同居方便實	殺 論 事 殺 理 殺 盜 論 事 盜 理 盜 以 成 同 居 方 便 實 
X13n0285_004:0283a18	報三種業果相續可以意知文中汝負我命我還	報 三 種 業 果 相 續 可 以 意 知 文 中 汝 負 我 命 我 還 
X13n0285_004:0283a19	汝債二句互相影略結成殺盜二貪汝愛我心我	汝 債 二 句 互 相 影 略 結 成 殺 盜 二 貪 汝 愛 我 心 我 
X13n0285_004:0283a20	憐汝色二句亦互相影略結成欲貪餘並可解。	憐 汝 色 二 句 亦 互 相 影 略 結 成 欲 貪 餘 並 可 解 
X13n0285_004:0283a21	三結果歸因。	三 結 果 歸 因 
X13n0285_004:0283a22	富樓那如是三種顛倒相續皆是覺明明了知性因	富 樓 那 如 是 三 種 顛 倒 相 續 皆 是 覺 明 明 了 知 性 因 
X13n0285_004:0283a23	了發相從妄見生山河大地諸有為相次第遷流因	了 發 相 從 妄 見 生 山 河 大 地 諸 有 為 相 次 第 遷 流 因 
X13n0285_004:0283a24	此虗妄終而復始。	此 虗 妄 終 而 復 始 
X13n0285_004:0283b01	前已尅示從因感果今更結屬果惟妄因別無實	前 已 尅 示 從 因 感 果 今 更 結 屬 果 惟 妄 因 別 無 實 
X13n0285_004:0283b02	法也三種顛倒相續者始則似有世界乃有眾生	法 也 三 種 顛 倒 相 續 者 始 則 似 有 世 界 乃 有 眾 生 
X13n0285_004:0283b03	有眾生乃有業果後則由業果不斷故眾生不斷	有 眾 生 乃 有 業 果 後 則 由 業 果 不 斷 故 眾 生 不 斷 
X13n0285_004:0283b04	由眾生不斷故世界不斷然皆非心外有實顛倒	由 眾 生 不 斷 故 世 界 不 斷 然 皆 非 心 外 有 實 顛 倒 
X13n0285_004:0283b05	不過皆是覺明體中妄生明了知性因此妄了發	不 過 皆 是 覺 明 體 中 妄 生 明 了 知 性 因 此 妄 了 發 
X13n0285_004:0283b06	起所知妄相從於妄有能見而生耳此中明了知	起 所 知 妄 相 從 於 妄 有 能 見 而 生 耳 此 中 明 了 知 
X13n0285_004:0283b07	性即牒前妄為明覺是業相也因了發相即牒前	性 即 牒 前 妄 為 明 覺 是 業 相 也 因 了 發 相 即 牒 前 
X13n0285_004:0283b08	因明立所是境界相也從妄見生即牒前生汝妄	因 明 立 所 是 境 界 相 也 從 妄 見 生 即 牒 前 生 汝 妄 
X13n0285_004:0283b09	能從此妄能生一切法是能見相也今之山河大	能 從 此 妄 能 生 一 切 法 是 能 見 相 也 今 之 山 河 大 
X13n0285_004:0283b10	地諸有為相次第遷流不過因此虗妄微細三相	地 諸 有 為 相 次 第 遷 流 不 過 因 此 虗 妄 微 細 三 相 
X13n0285_004:0283b11	為本遂成六麤諸相終而復始豈有他哉。二明	為 本 遂 成 六 麤 諸 相 終 而 復 始 豈 有 他 哉 二 明 
X13n0285_004:0283b12	諸佛悟妄惟真二初領義起疑二舉喻答釋。今	諸 佛 悟 妄 惟 真 二 初 領 義 起 疑 二 舉 喻 答 釋 今 
X13n0285_004:0283b13	初。	初 
X13n0285_004:0283b14	富樓那言若此妙覺本妙覺明與如來心不增不減	富 樓 那 言 若 此 妙 覺 本 妙 覺 明 與 如 來 心 不增不減 
X13n0285_004:0283b15	無狀忽生山河大地諸有為相如來今得妙空明覺	無 狀 忽 生 山 河 大 地 諸 有 為 相 如 來 今 得 妙 空 明 覺 
X13n0285_004:0283b16	山河大地有為習漏何當復生。	山 河 大 地 有 為 習 漏 何 當 復 生 
X13n0285_004:0283b17	此領上文眾生迷真成妄之旨而翻疑真能起妄	此 領 上 文 眾 生 迷 真 成 妄 之 旨 而 翻 疑 真 能 起 妄 
X13n0285_004:0283b18	也故曰若此眾生所具妙覺之體本來如此之妙	也 故 曰 若 此 眾 生 所 具 妙 覺 之 體 本 來 如 此 之 妙 
X13n0285_004:0283b19	如此覺明不假修證與如來心不增不減而無狀	如 此 覺 明 不 假 修 證 與 如 來 心 不增不減 而 無 狀 
X13n0285_004:0283b20	忽生山河大地諸有為相則如來今得妙空明覺	忽 生 山 河 大 地 諸 有 為 相 則 如 來 今 得 妙 空 明 覺 
X13n0285_004:0283b21	乃與眾生元始一般不識山河大地有為習漏何	乃 與 眾 生 元 始 一 般 不 識 山 河 大 地 有 為 習 漏 何 
X13n0285_004:0283b22	時亦當無狀復生耶據此問意有二種迷一者不	時 亦 當 無 狀 復 生 耶 據 此 問 意 有 二 種 迷 一 者 不 
X13n0285_004:0283b23	達只今眾生現行無明及所見山河大地元非實	達 只 今 眾 生 現 行 無 明 及 所 見 山 河 大 地 元 非 實 
X13n0285_004:0283b24	有二者不達生佛雖復理同一惟性德一有修德	有 二 者 不 達 生 佛 雖 復 理 同 一 惟 性 德 一 有 修 德 
X13n0285_004:0283c01	故佛須以四喻而兼答之。二舉喻答釋二初喻	故 佛 須 以 四 喻 而 兼 答 之 二 舉 喻 答 釋 二 初 喻 
X13n0285_004:0283c02	妄因妄果其體本真二喻真智真斷不重起妄。	妄 因 妄 果 其 體 本 真 二 喻 真 智 真 斷 不 重 起 妄 
X13n0285_004:0283c03	今初。	今 初 
X13n0285_004:0283c04	佛告富樓那譬如迷人於一聚落惑南為北此迷為	佛 告 富 樓 那 譬 如 迷 人 於 一 聚 落 惑 南 為 北 此 迷 為 
X13n0285_004:0283c05	復因迷而有因悟而出富樓那言如是迷人亦不因	復 因 迷 而 有 因 悟 而 出 富 樓 那 言 如 是 迷 人 亦 不 因 
X13n0285_004:0283c06	迷又不因悟何以故迷本無根云何因迷悟非生迷	迷 又 不 因 悟 何 以 故 迷 本 無 根 云 何 因 迷 悟 非 生 迷 
X13n0285_004:0283c07	云何因悟佛言彼之迷人正在迷時倐有悟人指示	云 何 因 悟 佛 言 彼 之 迷 人 正 在 迷 時 倐 有 悟 人 指 示 
X13n0285_004:0283c08	令悟富樓那於意云何此人縱迷於此聚落更生迷	令 悟 富 樓 那 於意云何 此 人 縱 迷 於 此 聚 落 更 生 迷 
X13n0285_004:0283c09	不不也世尊富樓那十方如來亦復如是此迷無本	不 不 也 世 尊 富 樓 那 十 方 如 來 亦復如是 此 迷 無 本 
X13n0285_004:0283c10	性畢竟空昔(在迷時亦)本無迷(但是)似有迷(精妄)覺(今一)覺迷(則)	性 畢 竟 空 昔 在 迷 時 亦 本 無 迷 但 是 似 有 迷 精 妄 覺 今 一 覺 迷 則 
X13n0285_004:0283c11	迷(永)滅(而)覺不生迷(矣)亦如翳人見空中華翳病若	迷 永 滅 而 覺 不 生 迷 矣 亦 如 翳 人 見 空 中 華 翳 病 若 
X13n0285_004:0283c12	除華於空滅忽有愚人於彼空華所滅空地待華更	除 華 於 空 滅 忽 有 愚 人 於 彼 空 華 所 滅 空 地 待 華 更 
X13n0285_004:0283c13	生汝觀是人為愚為慧富樓那言空元無華妄見生	生 汝 觀 是 人 為 愚 為 慧 富 樓 那 言 空 元 無 華 妄 見 生 
X13n0285_004:0283c14	滅見華滅空已是顛倒敕令更出斯實狂癡云何更	滅 見 華 滅 空 已 是 顛 倒 敕 令 更 出 斯 實 狂 癡 云 何 更 
X13n0285_004:0283c15	名如是狂人為愚為慧佛言如汝所解云何問言諸	名 如 是 狂 人 為 愚 為 慧 佛 言 如 汝 所 解 云 何 問 言 諸 
X13n0285_004:0283c16	佛如來妙覺明空何當更出山河大地。	佛 如 來 妙 覺 明 空 何 當 更 出 山 河 大 地 
X13n0285_004:0283c17	初迷方喻以喻妄因本空二空華喻以喻妄果非	初 迷 方 喻 以 喻 妄 因 本 空 二 空 華 喻 以 喻 妄 果 非 
X13n0285_004:0283c18	有所以開其實有現行無明及山河大地之迷意	有 所 以 開 其 實 有 現 行 無 明 及 山 河 大 地 之 迷 意 
X13n0285_004:0283c19	謂眾生分中尚無無明及山河大地生相況諸佛	謂 眾 生 分 中 尚 無 無 明 及 山 河 大 地 生 相 況 諸 佛 
X13n0285_004:0283c20	乎文並可知。二喻真智真斷不重起妄。	乎 文 並 可 知 二 喻 真 智 真 斷 不 重 起 妄 
X13n0285_004:0283c21	又如金鑛雜於精金其金一純更不成雜如木成灰	又 如 金 鑛 雜 於 精 金 其 金 一 純 更 不 成 雜 如 木 成 灰 
X13n0285_004:0283c22	不重為木諸佛如來菩提涅槃亦復如是。	不 重 為 木 諸佛如來 菩 提 涅 槃 亦復如是 
X13n0285_004:0283c23	金喻菩提智德無變灰喻涅槃斷德無生所以開	金 喻 菩 提 智 德 無 變 灰 喻 涅 槃 斷 德 無 生 所 以 開 
X13n0285_004:0283c24	其但知性德不知修德之迷意謂精金已經煅鍊	其 但 知 性 德 不 知 修 德 之 迷 意 謂 精 金 已 經 煅 鍊 
X13n0285_004:0284a01	木灰已自燒成豈同在纏本覺而已然本妙覺明	木 灰 已 自 燒 成 豈 同 在 纏 本 覺 而 已 然 本 妙 覺 明 
X13n0285_004:0284a02	妙空明覺離過絕非言辯莫及故須合此四喻方	妙 空 明 覺 離 過 絕 非 言 辯 莫 及 故 須 合 此 四 喻 方 
X13n0285_004:0284a03	可庶幾若但用前二喻未顯生佛永殊若但用後	可 庶 幾 若 但 用 前 二 喻 未 顯 生 佛 永 殊 若 但 用 後 
X13n0285_004:0284a04	二喻未顯生佛平等今以後喻合前則知六而常	二 喻 未 顯 生 佛 平 等 今 以 後 喻 合 前 則 知 六 而 常 
X13n0285_004:0284a05	即以前喻合後則知即而常六又依前二喻不須	即 以 前 喻 合 後 則 知 即 而 常 六 又 依 前 二 喻 不 須 
X13n0285_004:0284a06	移方滅華但貴指迷拭翳則知無修而修依後二	移 方 滅 華 但 貴 指 迷 拭 翳 則 知 無 修 而 修 依 後 二 
X13n0285_004:0284a07	喻雖用紅爐烈火原是本具金灰則知修而無修	喻 雖 用 紅 爐 烈 火 原 是 本 具 金 灰 則 知 修 而 無 修 
X13n0285_004:0284a08	矣。二答相隨性徧以釋相違性難二初牒問二	矣 二 答 相 隨 性 徧 以 釋 相 違 性 難 二 初 牒 問 二 
X13n0285_004:0284a09	正答。今初。	正 答 今 初 
X13n0285_004:0284a10	富樓那又汝問言地水火風本性圓融周徧法界疑	富 樓 那 又 汝 問 言 地水火風 本 性 圓 融 周 徧 法 界 疑 
X13n0285_004:0284a11	水火性不相陵滅又徵虗空及諸大地俱徧法界不	水 火 性 不 相 陵 滅 又 徵 虗 空 及 諸 大 地 俱 徧 法 界 不 
X13n0285_004:0284a12	合相容。	合 相 容 
X13n0285_004:0284a13	此牒其第二從七大中所起相違性難而答之也。	此 牒 其 第 二 從 七 大 中 所 起 相 違 性 難 而 答 之 也 
X13n0285_004:0284a14	二正答二初舉喻二法合。今初。	二 正 答 二 初 舉 喻 二 法 合 今 初 
X13n0285_004:0284a15	富樓那譬如虗空體非羣相而不拒彼諸相發揮所	富 樓 那 譬 如 虗 空 體 非 羣 相 而 不 拒 彼 諸 相 發 揮 所 
X13n0285_004:0284a16	以者何富樓那彼太虗空日照則明雲屯則暗風搖	以 者 何 富 樓 那 彼 太 虗 空 日 照 則 明 雲 屯 則 暗 風 搖 
X13n0285_004:0284a17	則動霽澄則清氣凝則濁土積成霾水澄成映於意	則 動 霽 澄 則 清 氣 凝 則 濁 土 積 成 霾 水 澄 成 映 於 意 
X13n0285_004:0284a18	云何如是殊方諸有為相為因彼生為復空有若因	云 何 如 是 殊 方 諸 有 為 相 為 因 彼 生 為 復 空 有 若 因 
X13n0285_004:0284a19	彼生富樓那且日照時既是日明十方世界同為日	彼 生 富 樓 那 且 日 照 時 既 是 日 明 十方世界 同 為 日 
X13n0285_004:0284a20	色云何空中更見圓日若是空明空應自照云何中	色 云 何 空 中 更 見 圓 日 若 是 空 明 空 應 自 照 云 何 中 
X13n0285_004:0284a21	宵雲霧之時不生光耀當知是明非日非空不異空	宵 雲 霧 之 時 不 生 光 耀 當 知 是 明 非 日 非 空 不 異 空 
X13n0285_004:0284a22	日。	日 
X13n0285_004:0284a23	此中譬如虗空下先舉喻顯其相容於意云何下	此 中 譬 如 虗 空 下 先 舉 喻 顯 其 相 容 於意云何 下 
X13n0285_004:0284a24	次推徵示其虗妄也妙覺明心無物可譬權以虗	次 推 徵 示 其 虗 妄 也 妙 覺 明 心 無 物 可 譬 權 以 虗 
X13n0285_004:0284b01	空譬之而以明暗動清濁霾映七種諸有為相權	空 譬 之 而 以 明 暗 動 清 濁 霾 映 七 種 諸 有 為 相 權 
X13n0285_004:0284b02	喻七大然不必一一分配但總顯虗空非七相不	喻 七 大 然 不 必 一 一 分 配 但 總 顯 虗 空 非 七 相 不 
X13n0285_004:0284b03	拒七相發揮以喻藏性非七大不拒七大發揮而	拒 七 相 發 揮 以 喻 藏 性 非 七 大 不 拒 七 大 發 揮 而 
X13n0285_004:0284b04	已推徵中但推明相一種以例其餘若此明相從	已 推 徵 中 但 推 明 相 一 種 以 例 其 餘 若 此 明 相 從 
X13n0285_004:0284b05	日而生不藉虗空則應十方同為日色云何空中	日 而 生 不 藉 虗 空 則 應 十 方 同 為 日 色 云 何 空 中 
X13n0285_004:0284b06	更見圓日若從空生空應自照何待日明若云空	更 見 圓 日 若 從 空 生 空 應 自 照 何 待 日 明 若 云 空 
X13n0285_004:0284b07	日共生則此明相那一半是空生那一半是日生	日 共 生 則 此 明 相 那 一 半 是 空 生 那 一 半 是 日 生 
X13n0285_004:0284b08	又設使空日和合成此全明則日去空在應有半	又 設 使 空 日 和 合 成 此 全 明 則 日 去 空 在 應 有 半 
X13n0285_004:0284b09	明何故全暗故曰非日非空然離空日何處有明	明 何 故 全 暗 故 曰 非 日 非 空 然 離 空 日 何 處 有 明 
X13n0285_004:0284b10	故曰不離空日既此明相無生無性當知七相皆	故 曰 不 離 空 日 既 此 明 相 無 生 無 性 當 知 七 相 皆 
X13n0285_004:0284b11	無生無性矣。二法合二初正合上喻二重明理	無 生 無 性 矣 二 法 合 二 初 正 合 上 喻 二 重 明 理 
X13n0285_004:0284b12	性。今初。	性 今 初 
X13n0285_004:0284b13	觀相元妄無可指陳猶邀空華結為空果云何詰其	觀 相 元 妄 無 可 指 陳 猶 邀 空 華 結 為 空 果 云 何 詰 其 
X13n0285_004:0284b14	相陵滅義觀性元真唯妙覺明妙覺明心先非水火	相 陵 滅 義 觀 性 元 真 唯 妙 覺 明 妙 覺 明 心 先 非 水 火 
X13n0285_004:0284b15	云何復問不相容者(此段錯簡宜在無可憑據之下)真妙覺明亦復	云 何 復 問 不 相 容 者 此 段 錯 簡 宜 在 無 可 憑 據 之 下 真 妙 覺 明 亦 復 
X13n0285_004:0284b16	如是汝以空明則有空現地水火風各各發明則各	如 是 汝 以 空 明 則 有 空 現 地水火風 各 各 發 明 則 各 
X13n0285_004:0284b17	各現若俱發明則有俱現云何俱現富樓那如一水	各 現 若 俱 發 明 則 有 俱 現 云 何 俱 現 富 樓 那 如 一 水 
X13n0285_004:0284b18	中現於日影兩人同觀水中之日東西各行則各有	中 現 於 日 影 兩 人 同 觀 水 中 之 日 東 西 各 行 則 各 有 
X13n0285_004:0284b19	日隨二人去一東一西先無準的不應難言此日是	日 隨 二 人 去 一 東 一 西 先 無 準 的 不 應 難 言 此 日 是 
X13n0285_004:0284b20	一云何各行各日既雙云何現二宛轉虗妄無可憑	一 云 何 各 行 各 日 既 雙 云 何 現 二 宛 轉 虗 妄 無 可 憑 
X13n0285_004:0284b21	據(此下宜接觀相元妄一段)。	據 此 下 宜 接 觀 相 元 妄 一 段 
X13n0285_004:0284b22	真妙覺明亦復如是者合上太虗空喻也空明空	真 妙 覺 明 亦復如是 者 合 上 太 虗 空 喻 也 空 明 空 
X13n0285_004:0284b23	現地水火風各各發明各各現者合上日照則明	現 地水火風 各 各 發 明 各 各 現 者 合 上 日 照 則 明 
X13n0285_004:0284b24	雲屯則暗等喻也俱發俱現則非太虗之所能譬	雲 屯 則 暗 等 喻 也 俱 發 俱 現 則 非 太 虗 之 所 能 譬 
X13n0285_004:0284c01	故更巧借日影譬之若知二人所見各是全日元	故 更 巧 借 日 影 譬 之 若 知 二 人 所 見 各 是 全 日 元 
X13n0285_004:0284c02	無二日則知水火等相皆是全體藏性亦無二性	無 二 日 則 知 水 火 等 相 皆 是 全 體 藏 性 亦 無 二 性 
X13n0285_004:0284c03	矣故即以法結示之曰若但觀七大之相則元是	矣 故 即 以 法 結 示 之 曰 若 但 觀 七 大 之 相 則 元 是 
X13n0285_004:0284c04	虗妄無可指陳猶邀空華結為空果云何詰其相	虗 妄 無 可 指 陳 猶 邀 空 華 結 為 空 果 云 何 詰 其 相 
X13n0285_004:0284c05	陵滅義若深觀七大之性則全體元真只此七大	陵 滅 義 若 深 觀 七 大 之 性 則 全 體 元 真 只 此 七 大 
X13n0285_004:0284c06	惟是妙覺明心則水本非水火本非火云何復問	惟 是 妙 覺 明 心 則 水 本 非 水 火 本 非 火 云 何 復 問 
X13n0285_004:0284c07	不相容者先字訓作本字非先後之先也倘謂性	不 相 容 者 先 字 訓 作 本 字 非 先 後 之 先 也 倘 謂 性 
X13n0285_004:0284c08	本先非水火後來方有水火妄相則本無今有性	本 先 非 水 火 後 來 方 有 水 火 妄 相 則 本無今有 性 
X13n0285_004:0284c09	相分途其去冥諦神我邪計不遠矣慎之慎之。	相 分 途 其 去 冥 諦 神 我 邪 計 不 遠 矣 慎 之 慎 之 
X13n0285_004:0284c10	二重明理性三初明不變隨緣用二明隨緣不變	二 重 明 理 性 三 初 明 不 變 隨 緣 用 二 明 隨 緣 不 變 
X13n0285_004:0284c11	體三結責迷情。今初。	體 三 結 責 迷 情 今 初 
X13n0285_004:0284c12	富樓那汝以色空相傾相奪於如來藏而如來藏隨	富 樓 那 汝 以 色 空 相 傾 相 奪 於 如 來 藏 而 如 來 藏 隨 
X13n0285_004:0284c13	為色空周徧法界是故於中風動空澄日明雲暗眾	為 色 空 周 徧 法 界 是 故 於 中 風 動 空 澄 日 明 雲 暗 眾 
X13n0285_004:0284c14	生迷悶背覺合塵故發塵勞有世間相我以妙明不	生 迷 悶 背 覺 合 塵 故 發 塵 勞 有 世 間 相 我 以 妙 明 不 
X13n0285_004:0284c15	滅不生合如來藏而如來藏唯妙覺明圓照法界是	滅 不 生 合 如 來 藏 而 如 來 藏 唯 妙 覺 明 圓 照 法 界 是 
X13n0285_004:0284c16	故於中一為無量無量為一小中現大大中現小不	故 於 中 一 為 無 量 無 量 為 一 小 中 現 大 大 中 現 小 不 
X13n0285_004:0284c17	動道場徧十方界身含十方無盡虗空於一毛端現	動 道 場 徧 十 方 界 身 含 十 方 無 盡 虗 空 於 一 毛 端 現 
X13n0285_004:0284c18	寶王剎坐微塵裡轉大法輪滅塵合覺故發真如妙	寶 王 剎 坐 微 塵 裡 轉 大 法 輪 滅 塵 合 覺 故 發 真 如 妙 
X13n0285_004:0284c19	覺明性。	覺 明 性 
X13n0285_004:0284c20	此中文有二節初汝以色空下是明藏性不變之	此 中 文 有 二 節 初 汝 以 色 空 下 是 明 藏 性 不 變 之 
X13n0285_004:0284c21	體隨九界眾生心應其所知之量循業發現為九	體 隨 九 界 眾 生 心 應 其 所 知 之 量 循 業 發 現 為 九 
X13n0285_004:0284c22	界七大次我以妙明下是明藏性不變之理隨佛	界 七 大 次 我 以 妙 明 下 是 明 藏 性 不 變 之 理 隨 佛 
X13n0285_004:0284c23	界眾生心應其所知之量循業發現為佛界七大	界 眾 生 心 應 其 所 知 之 量 循 業 發 現 為 佛 界 七 大 
X13n0285_004:0284c24	也初文汝字雖指滿慈意實徧指九界眾生繇其	也 初 文 汝 字 雖 指 滿 慈 意 實 徧 指 九 界 眾 生 繇 其 
X13n0285_004:0285a01	生相無明未破色空情見未忘故以此色空相傾	生 相 無 明 未 破 色 空 情 見 未 忘 故 以 此 色 空 相 傾 
X13n0285_004:0285a02	相奪於如來藏而藏性不變之體隨於染緣以為	相 奪 於 如 來 藏 而 藏 性 不 變 之 體 隨 於 染 緣 以 為 
X13n0285_004:0285a03	九界色空各各周徧法界猶如太虗不拒諸相發	九 界 色 空 各 各 周 徧 法 界 猶 如 太 虗 不 拒 諸 相 發 
X13n0285_004:0285a04	揮是故於中妄有風動空澄日明雲暗等事也此	揮 是 故 於 中 妄 有 風 動 空 澄 日 明 雲 暗 等 事 也 此 
X13n0285_004:0285a05	由九界眾生迷於藏性悶於無明本有覺性非背	由 九 界 眾 生 迷 於 藏 性 悶 於 無 明 本 有 覺 性 非 背 
X13n0285_004:0285a06	而背虗妄塵相無合而合故發三惑塵勞有實報	而 背 虗 妄 塵 相 無 合 而 合 故 發 三 惑 塵 勞 有 實 報 
X13n0285_004:0285a07	方便同居諸世間相也次文我字徧攝十方三世	方 便 同 居 諸 世 間 相 也 次 文 我 字 徧 攝 十 方 三 世 
X13n0285_004:0285a08	一切諸佛由其稱本覺性起始覺智此智照而常	一切諸佛 由 其 稱 本 覺 性 起 始 覺 智 此 智 照 而 常 
X13n0285_004:0285a09	寂全修即性故名妙明不滅不生以此合如來藏	寂 全 修 即 性 故 名 妙 明 不滅不生 以 此 合 如 來 藏 
X13n0285_004:0285a10	不變之體而如來藏隨於淨緣唯妙覺明圓照法	不 變 之 體 而 如 來 藏 隨 於 淨 緣 唯 妙 覺 明 圓 照 法 
X13n0285_004:0285a11	界是故一亦藏性無量亦藏性小亦藏性大亦藏	界 是 故 一 亦 藏 性 無 量 亦 藏 性 小 亦 藏 性 大 亦 藏 
X13n0285_004:0285a12	性道場亦藏性十方亦藏性身亦藏性空亦藏性	性 道 場 亦 藏 性 十 方 亦 藏 性 身 亦 藏 性 空 亦 藏 性 
X13n0285_004:0285a13	毛端亦藏性剎亦藏性微塵亦藏性法輪亦藏性	毛 端 亦 藏 性 剎 亦 藏 性 微 塵 亦 藏 性 法 輪 亦 藏 性 
X13n0285_004:0285a14	一不為少無量非多乃至微塵不小法輪不大此	一 不 為 少 無 量 非 多 乃 至 微 塵 不 小 法 輪 不 大 此 
X13n0285_004:0285a15	由如來達塵非塵故無滅言滅了塵即覺故無合	由 如 來 達 塵 非 塵 故 無 滅 言 滅 了 塵 即 覺 故 無 合 
X13n0285_004:0285a16	說合故發真如妙覺明性惟有如如及如如智也。	說 合 故 發 真 如 妙 覺 明 性 惟 有 如 如 及 如 如 智 也 
X13n0285_004:0285a17	二明隨緣不變體上文已明如來藏性隨染淨	二 明 隨 緣 不 變 體 上 文 已 明 如 來 藏 性 隨 染 淨 
X13n0285_004:0285a18	緣具成十界隨九界心如水成氷隨佛界心如氷	緣 具 成 十 界 隨 九 界 心 如 水 成 氷 隨 佛 界 心 如 氷 
X13n0285_004:0285a19	成水今則指此氷水之性同一濕性也文分為三	成 水 今 則 指 此 氷 水 之 性 同 一 濕 性 也 文 分 為 三 
X13n0285_004:0285a20	初明隨緣不變如實空義二明隨緣不變如實不	初 明 隨 緣 不 變 如 實 空 義 二 明 隨 緣 不 變 如 實 不 
X13n0285_004:0285a21	空義三明隨緣不變遮照同時義。今初。	空 義 三 明 隨 緣 不 變 遮 照 同 時 義 今 初 
X13n0285_004:0285a22	而如來藏本妙圓心非心非空非地非水非風非火	而 如 來 藏 本 妙 圓 心 非 心 非 空 非 地 非 水 非 風 非 火 
X13n0285_004:0285a23	非眼非耳鼻舌身意非色非聲香味觸法非眼識界	非 眼 非 耳 鼻 舌 身 意 非 色 非 聲香味觸 法 非 眼 識 界 
X13n0285_004:0285a24	如是乃至非意識界非明無明明無明盡如是乃至	如 是 乃 至 非 意 識 界 非 明 無 明 明 無 明 盡 如 是 乃 至 
X13n0285_004:0285b01	非老非死非老死盡非苦非集非滅非道非智非得	非 老 非 死 非 老 死 盡 非 苦 非 集 非 滅 非 道 非 智 非 得 
X13n0285_004:0285b02	非檀那(布施)非尸羅(戒)非毗梨耶(精進)非羼提(忍辱)非禪那	非 檀 那 布 施 非 尸 羅 戒 非 毗 梨 耶 精 進 非 羼 提 忍 辱 非 禪 那 
X13n0285_004:0285b03	(定)非般剌若(智慧)非波羅蜜多(到彼岸亦云度無極)如是乃至非	 定 非 般 剌 若 智 慧 非波羅蜜 多 到 彼 岸 亦 云 度 無 極 如 是 乃 至 非 
X13n0285_004:0285b04	怛闥阿竭(如來)非阿羅訶(應供)三耶三菩(正徧知)非大涅槃	怛 闥 阿 竭 如 來 非 阿 羅 訶 應 供 三 耶 三 菩 正 徧 知 非 大 涅 槃 
X13n0285_004:0285b05	(滅度)非常非樂非我非淨。	 滅 度 非 常 非 樂 非 我 非 淨 
X13n0285_004:0285b06	此顯藏性正隨緣時所有十界染淨諸法隨拈一	此 顯 藏 性 正 隨 緣 時 所 有 十 界 染 淨 諸 法 隨 拈 一 
X13n0285_004:0285b07	法無不皆是圓融真諦一切俱非即藏性如實空	法 無 不 皆 是 圓 融 真 諦 一 切 俱 非 即 藏 性 如 實 空 
X13n0285_004:0285b08	義正隨緣而常不變也言如來藏本妙圓心者重	義 正 隨 緣 而 常 不 變 也 言 如 來 藏 本 妙 圓 心 者 重 
X13n0285_004:0285b09	一圓字為顯性量首言非心者即指心法次非空	一 圓 字 為 顯 性 量 首 言 非 心 者 即 指 心 法 次 非 空 
X13n0285_004:0285b10	乃至非波羅蜜多者指眾生法次如是乃至等者	乃 至 非波羅蜜 多 者 指 眾 生 法 次 如 是 乃 至 等 者 
X13n0285_004:0285b11	即指佛法意顯心佛眾生三無差別一非一切非	即 指 佛 法 意 顯 心 佛 眾 生 三無差別 一 非 一 切 非 
X13n0285_004:0285b12	也又眾生法中非空至非意識界是六凡法豎三	也 又 眾 生 法 中 非 空 至 非 意 識 界 是 六 凡 法 豎 三 
X13n0285_004:0285b13	諦中屬於俗諦非明無明至老死盡是緣覺法非	諦 中 屬 於 俗 諦 非 明 無 明 至 老 死 盡 是 緣 覺 法 非 
X13n0285_004:0285b14	苦至非得是聲聞法此二屬於真諦非檀那至波	苦 至 非 得 是 聲 聞 法 此 二 屬 於 真 諦 非 檀 那 至 波 
X13n0285_004:0285b15	羅蜜多是菩薩法并後佛法同屬中諦今一切俱	羅 蜜 多 是 菩 薩 法 并 後 佛 法 同 屬 中 諦 今 一 切 俱 
X13n0285_004:0285b16	非所謂一空一切空假中皆空不思議大真諦也	非 所 謂 一 空 一 切 空 假 中 皆 空 不 思 議 大 真 諦 也 
X13n0285_004:0285b17	緣覺法中言明無明者由妄明故便有無明或以	緣 覺 法 中 言 明 無 明 者 由 妄 明 故 便 有 無 明 或 以 
X13n0285_004:0285b18	初一明字指彼觀因緣智亦可非今所重不須辨	初 一 明 字 指 彼 觀 因 緣 智 亦 可 非 今 所 重 不 須 辨 
X13n0285_004:0285b19	之。二明隨緣不變如實不空義。	之 二 明 隨 緣 不 變 如 實 不 空 義 
X13n0285_004:0285b20	以是俱非世出世故即如來藏元明心妙即心即空	以 是 俱 非 世 出 世 故 即 如 來 藏 元 明 心 妙 即 心 即 空 
X13n0285_004:0285b21	即地即水即風即火即眼即耳鼻舌身意即色即聲	即 地 即 水 即 風 即 火 即 眼 即 耳 鼻 舌 身 意 即 色 即 聲 
X13n0285_004:0285b22	香味觸法即眼識界如是乃至即意識界即明無明	香 味 觸 法 即 眼 識 界 如 是 乃 至 即 意 識 界 即 明 無 明 
X13n0285_004:0285b23	明無明盡如是乃至即老即死即老死盡即苦即集	明 無 明 盡 如 是 乃 至 即 老 即 死 即 老 死 盡 即 苦 即 集 
X13n0285_004:0285b24	即滅即道即智即得即檀那即尸羅即毗梨耶即羼	即 滅 即 道 即 智 即 得 即 檀 那 即 尸 羅 即 毗 梨 耶 即 羼 
X13n0285_004:0285c01	提即禪那即般剌若即波羅蜜多如是乃至即怛闥	提 即 禪 那 即 般 剌 若 即 波羅蜜多 如 是 乃 至 即 怛 闥 
X13n0285_004:0285c02	阿竭即阿羅訶三耶三菩即大涅槃即常即樂即我	阿 竭 即 阿 羅 訶 三 耶 三 菩 即 大 涅 槃 即 常 即 樂 即 我 
X13n0285_004:0285c03	即淨。	即 淨 
X13n0285_004:0285c04	此顯十界染淨諸法隨拈一法無不皆是圓融俗	此 顯 十 界 染 淨 諸 法 隨 拈 一 法 無 不 皆 是 圓 融 俗 
X13n0285_004:0285c05	諦一切俱即即藏性如實不空義正隨緣而常不	諦 一 切 俱 即 即 藏 性 如 實 不 空 義 正 隨 緣 而 常 不 
X13n0285_004:0285c06	變也以是俱非世出世故結上起下非六凡故非	變 也 以 是 俱 非 世 出 世 故 結 上 起 下 非 六 凡 故 非 
X13n0285_004:0285c07	世非四聖故非出世由其一切俱非所以一切俱	世 非 四 聖 故 非 出 世 由 其 一 切 俱 非 所 以 一 切 俱 
X13n0285_004:0285c08	即故此句宜屬此也元明心妙重一妙字為顯性	即 故 此 句 宜 屬 此 也 元 明 心 妙 重 一 妙 字 為 顯 性 
X13n0285_004:0285c09	具心佛眾生一即一切即又三諦俱即所謂一假	具 心 佛 眾 生 一 即 一 切 即 又 三 諦 俱 即 所 謂 一 假 
X13n0285_004:0285c10	一切假空中皆假不思議大俗諦也。三明隨緣	一 切 假 空 中 皆 假 不 思 議 大 俗 諦 也 三 明 隨 緣 
X13n0285_004:0285c11	不變遮照同時義。	不 變 遮 照 同 時 義 
X13n0285_004:0285c12	以是俱即世出世故即如來藏妙明心元離即離非	以 是 俱 即 世 出 世 故 即 如 來 藏 妙 明 心 元 離 即 離 非 
X13n0285_004:0285c13	是即非即。	是 即 非 即 
X13n0285_004:0285c14	此顯十界染淨諸法隨拈一法無不皆是圓融中	此 顯 十 界 染 淨 諸 法 隨 拈 一 法 無 不 皆 是 圓 融 中 
X13n0285_004:0285c15	諦一切雙遮雙照即藏性遮照同時義正隨緣而	諦 一 切 雙 遮 雙 照 即 藏 性 遮 照 同 時 義 正 隨 緣 而 
X13n0285_004:0285c16	常不變也以是俱即句亦是結上起下由此俱非	常 不 變 也 以 是 俱 即 句 亦 是 結 上 起 下 由 此 俱 非 
X13n0285_004:0285c17	而又俱即所以即是妙明心元此句重一元字為	而 又 俱 即 所 以 即 是 妙 明 心 元 此 句 重 一 元 字 為 
X13n0285_004:0285c18	顯性體心佛眾生一遮照一切遮照又三諦俱遮	顯 性 體 心 佛 眾 生 一 遮 照 一 切 遮 照 又 三 諦 俱 遮 
X13n0285_004:0285c19	俱照即所謂一中一切中空假俱中不思議大中	俱 照 即 所 謂 一 中 一 切 中 空 假 俱 中 不 思 議 大 中 
X13n0285_004:0285c20	諦也離即離非者雙遣上文俱非俱即二義是即	諦 也 離 即 離 非 者 雙 遣 上 文 俱 非 俱 即 二 義 是 即 
X13n0285_004:0285c21	非即者雙收上文俱非俱即二義仍須略約心佛	非 即 者 雙 收 上 文 俱 非 俱 即 二 義 仍 須 略 約 心 佛 
X13n0285_004:0285c22	眾生三法廣約十界三諦以辨其相所謂離即心	眾 生 三 法 廣 約 十 界 三 諦 以 辨 其 相 所 謂 離 即 心 
X13n0285_004:0285c23	離非心是即心是非心離即空離非空是即空是	離 非 心 是 即 心 是 非 心 離 即 空 離 非 空 是 即 空 是 
X13n0285_004:0285c24	非空乃至離即淨離非淨是即淨是非淨等可以	非 空 乃 至 離 即 淨 離 非 淨 是 即 淨 是 非 淨 等 可 以 
X13n0285_004:0286a01	意知不能繁述然此圓融藏性一體三義徧在十	意 知 不 能 繁 述 然 此 圓 融 藏 性 一 體 三 義 徧 在 十 
X13n0285_004:0286a02	界三諦及心佛眾生三法之中無不各各圓融若	界 三 諦 及 心 佛 眾 生 三 法 之 中 無 不 各 各 圓 融 若 
X13n0285_004:0286a03	不再為點示仍恐讀者封文失旨請稍陳之如來	不 再 為 點 示 仍 恐 讀 者 封 文 失 旨 請 稍 陳 之 如 來 
X13n0285_004:0286a04	既指陰入處界七大等法全是藏性須就此法以	既 指 陰 入 處 界 七 大 等 法 全 是 藏 性 須 就 此 法 以 
X13n0285_004:0286a05	觀藏性且如佛法之中舉一如來名號此如來名	觀 藏 性 且 如 佛 法 之 中 舉 一 如 來 名 號 此 如 來 名 
X13n0285_004:0286a06	非心非空非地非水乃至非我非淨此如來名即	非 心 非 空 非 地 非 水 乃 至 非 我 非 淨 此 如 來 名 即 
X13n0285_004:0286a07	心即空乃至即我即淨此如來名離即離非是即	心 即 空 乃 至 即 我 即 淨 此 如 來 名 離 即 離 非 是 即 
X13n0285_004:0286a08	非即其餘一切佛法亦復如是又如眾生法中舉	非 即 其 餘 一切佛法 亦復如是 又 如 眾 生 法 中 舉 
X13n0285_004:0286a09	一地大此地非心非空非地非水乃至非我非淨	一 地 大 此 地 非 心 非 空 非 地 非 水 乃 至 非 我 非 淨 
X13n0285_004:0286a10	此地即心即空即地即水乃至即我即淨此地離	此 地 即 心 即 空 即 地 即 水 乃 至 即 我 即 淨 此 地 離 
X13n0285_004:0286a11	即離非是即非即其餘一切眾生依正亦復如是	即 離 非 是 即 非 即 其 餘 一 切 眾 生 依 正 亦復如是 
X13n0285_004:0286a12	又如心法之中舉此現前一念介爾之心此介爾	又 如 心 法 之 中 舉 此 現 前 一 念 介 爾 之 心 此 介 爾 
X13n0285_004:0286a13	心非心非空乃至非我非淨此介爾心即心即空	心 非 心 非 空 乃 至 非 我 非 淨 此 介 爾 心 即 心 即 空 
X13n0285_004:0286a14	乃至即我即淨此介爾心離即離非是即非即其	乃 至 即 我 即 淨 此 介 爾 心 離 即 離 非 是 即 非 即 其 
X13n0285_004:0286a15	餘一切諸心心所亦復如是由此即事之理具足	餘 一 切 諸 心 心 所 亦復如是 由 此 即 事 之 理 具 足 
X13n0285_004:0286a16	即理之事方成事事無礙法界否則諸佛所證非	即 理 之 事 方 成 事 事 無 礙 法 界 否 則 諸 佛 所 證 非 
X13n0285_004:0286a17	即眾生所有何名三無差別思之思之又復應知	即 眾 生 所 有 何 名 三無差別 思 之 思 之 又 復 應 知 
X13n0285_004:0286a18	此中所顯圓融藏性即是前三卷中所明更非別	此 中 所 顯 圓 融 藏 性 即 是 前 三 卷 中 所 明 更 非 別 
X13n0285_004:0286a19	義蓋一切俱非即周徧法界義由其性量廓徹故	義 蓋 一 切 俱 非 即 周 徧 法 界 義 由 其 性 量 廓 徹 故 
X13n0285_004:0286a20	不可喚作一物也一切俱即即性色真空性空真	不 可 喚 作 一 物 也 一 切 俱 即 即 性 色 真 空 性 空 真 
X13n0285_004:0286a21	色義及循業發現義由其性具諸法故法法皆是	色 義 及 循 業 發 現 義 由 其 性 具 諸 法 故 法 法 皆 是 
X13n0285_004:0286a22	也離即離非是即非即即清淨本然義由其性體	也 離 即 離 非 是 即 非 即 即 清 淨 本 然 義 由 其 性 體 
X13n0285_004:0286a23	妙絕故遮照同時也又一切俱非即性真常中求	妙 絕 故 遮 照 同 時 也 又 一 切 俱 非 即 性 真 常 中 求 
X13n0285_004:0286a24	於去來迷悟生死了無所得義一切俱即即幻妄	於 去 來 迷 悟 生 死 了 無 所 得 義 一 切 俱 即 即 幻 妄 
X13n0285_004:0286b01	稱相義離即離非是即非即即其性真為妙覺明	稱 相 義 離 即 離 非 是 即 非 即 即 其 性 真 為 妙 覺 明 
X13n0285_004:0286b02	體義又一切俱非即是離一切相一切俱即即是	體 義 又 一 切 俱 非 即 是 離一切相 一 切 俱 即 即 是 
X13n0285_004:0286b03	即一切法離即離非是即非即即雙收二句又一	即 一 切 法 離 即 離 非 是 即 非 即 即 雙 收 二 句 又 一 
X13n0285_004:0286b04	切俱非故指皆是物無是見者一切俱即故微細	切 俱 非 故 指 皆 是 物 無 是 見 者 一 切 俱 即 故 微 細 
X13n0285_004:0286b05	發明無非見者離即離非是即非即故曰元是菩	發 明 無 非 見 者 離 即 離 非 是 即 非 即 故 曰 元 是 菩 
X13n0285_004:0286b06	提妙淨明體云何於中有是非是又一切俱非故	提 妙 淨 明 體 云 何 於 中 有 是 非 是 又 一 切 俱 非 故 
X13n0285_004:0286b07	正破七處非心一切俱即故密顯七處咸徧離即	正 破 七 處 非 心 一 切 俱 即 故 密 顯 七 處 咸 徧 離 即 
X13n0285_004:0286b08	離非是即非即故名大佛頂首楞嚴王三昧又一	離 非 是 即 非 即 故 名 大 佛 頂 首 楞 嚴 王 三 昧 又 一 
X13n0285_004:0286b09	切俱非故性明一切俱即故性淨離即離非是即	切 俱 非 故 性 明 一 切 俱 即 故 性 淨 離 即 離 非 是 即 
X13n0285_004:0286b10	非即故名常住真心性淨明體前云勝義中真勝	非 即 故 名 常 住 真 心 性 淨 明 體 前 云 勝 義 中 真 勝 
X13n0285_004:0286b11	義性此之謂也。三結責迷情。	義 性 此 之 謂 也 三 結 責 迷 情 
X13n0285_004:0286b12	如何世間三有眾生及出世間聲聞緣覺以所知心	如 何 世 間 三 有 眾 生 及 出 世 間 聲 聞 緣 覺 以 所 知 心 
X13n0285_004:0286b13	測度如來無上菩提用世語言入佛知見譬如琴瑟	測 度 如 來 無上菩提 用 世 語 言 入 佛 知 見 譬 如 琴 瑟 
X13n0285_004:0286b14	箜篌琵琶雖有妙音若無妙指終不能發汝與眾生	箜 篌 琵 琶 雖 有 妙 音 若 無 妙 指 終 不 能 發 汝 與 眾 生 
X13n0285_004:0286b15	亦復如是寶覺真心各各圓滿如我按指海印發光	亦復如是 寶 覺 真 心 各 各 圓 滿 如 我 按 指 海 印 發 光 
X13n0285_004:0286b16	汝暫舉心塵勞先起由不勤求無上覺道愛念小乘	汝 暫 舉 心 塵 勞 先 起 由 不 勤 求 無 上 覺 道 愛 念 小 乘 
X13n0285_004:0286b17	得少為足。	得 少 為 足 
X13n0285_004:0286b18	三諦圓融之本理名為如來無上菩提三觀圓明	三 諦 圓 融 之 本 理 名 為 如 來 無上菩提 三 觀 圓 明 
X13n0285_004:0286b19	之智眼名為佛之知見豈凡夫滯有二乘滯空之	之 智 眼 名 為 佛 之 知 見 豈 凡 夫 滯 有 二 乘 滯 空 之 
X13n0285_004:0286b20	心所能測度豈世間因緣自然種種語言所能得	心 所 能 測 度 豈 世 間 因 緣 自 然 種 種 語 言 所 能 得 
X13n0285_004:0286b21	入哉次以琴瑟等物喻現前陰入處界大等以妙	入 哉 次 以 琴 瑟 等 物 喻 現 前 陰 入 處 界 大 等 以 妙 
X13n0285_004:0286b22	音喻藏性妙理以妙指喻了義修證以汝與眾生	音 喻 藏 性 妙 理 以 妙 指 喻 了 義 修 證 以 汝 與 眾 生 
X13n0285_004:0286b23	合琴瑟等喻以寶覺真心各各圓滿合各有妙音	合 琴 瑟 等 喻 以 寶 覺 真 心 各 各 圓 滿 合 各 有 妙 音 
X13n0285_004:0286b24	喻以按指合喻中妙指義以海印發光合喻中妙	喻 以 按 指 合 喻 中 妙 指 義 以 海 印 發 光 合 喻 中 妙 
X13n0285_004:0286c01	音發義以汝暫舉心合無妙指喻以塵勞先起合	音 發 義 以 汝 暫 舉 心 合 無 妙 指 喻 以 塵 勞 先 起 合 
X13n0285_004:0286c02	不發妙音喻海印者三昧之名得此三昧炳現世	不 發 妙 音 喻 海 印 者 三 昧 之 名 得 此 三 昧 炳 現 世 
X13n0285_004:0286c03	出世間一切諸法猶如大海閻浮提影悉於中現	出 世 間 一切諸法 猶 如 大 海 閻 浮 提 影 悉 於 中 現 
X13n0285_004:0286c04	也由不勤求等者出其無有妙指之由由於愛念	也 由 不 勤 求 等 者 出 其 無 有 妙 指 之 由 由 於 愛 念 
X13n0285_004:0286c05	小乘所以迷理無明全在舉心便屬塵勞不得大	小 乘 所 以 迷 理 無 明 全 在 舉 心 便 屬 塵 勞 不 得 大 
X13n0285_004:0286c06	用現前也。二明迷悟因緣無性前文既舉寶覺	用 現 前 也 二 明 迷 悟 因 緣 無 性 前 文 既 舉 寶 覺 
X13n0285_004:0286c07	真心各各圓滿但由迷悟不同致使大用不現又	真 心 各 各 圓 滿 但 由 迷 悟 不 同 致 使 大 用 不 現 又 
X13n0285_004:0286c08	恐愚者以迷悟因緣為有實法今故重明其無性	恐 愚 者 以 迷 悟 因 緣 為 有 實 法 今 故 重 明 其 無 性 
X13n0285_004:0286c09	也文分為二初答滿慈重徵妄因二答阿難再執	也 文 分 為 二 初 答 滿 慈 重 徵 妄 因 二 答 阿 難 再 執 
X13n0285_004:0286c10	緣起。初中二初問二答。今初。	緣 起 初 中 二 初 問 二 答 今 初 
X13n0285_004:0286c11	富樓那言我與如來寶覺圓明真妙淨心無二圓滿	富 樓 那 言 我 與 如 來 寶 覺 圓 明 真 妙 淨 心 無 二 圓 滿 
X13n0285_004:0286c12	而我昔遭無始妄想乃在輪迴今得聖乘猶未究竟	而 我 昔 遭 無 始 妄 想 乃 在 輪 迴 今 得 聖 乘 猶 未 究 竟 
X13n0285_004:0286c13	世尊諸妄一切圓滅獨妙真常敢問如來一切眾生	世 尊 諸 妄 一 切 圓 滅 獨 妙 真 常 敢 問 如 來 一 切 眾 生 
X13n0285_004:0286c14	何因有妄自蔽妙明受此淪溺。	何 因 有 妄 自 蔽 妙 明 受 此 淪 溺 
X13n0285_004:0286c15	前文是問山河大地諸有為相生續之因故明迷	前 文 是 問 山 河 大 地 諸 有 為 相 生 續 之 因 故 明 迷 
X13n0285_004:0286c16	真成妄咎在無明今文更問無明以何為因故曰	真 成 妄 咎 在 無 明 今 文 更 問 無 明 以 何 為 因 故 曰 
X13n0285_004:0286c17	何因有妄也幽溪云雖問生妄之因正欲顯息妄	何 因 有 妄 也 幽 溪 云 雖 問 生 妄 之 因 正 欲 顯 息 妄 
X13n0285_004:0286c18	之因故佛隨以真亦無得答之。答中二初明妄	之 因 故 佛 隨 以 真 亦 無 得 答 之 答 中 二 初 明 妄 
X13n0285_004:0286c19	本無因二明真亦無得。初又三初立喻二顯法	本 無 因 二 明 真 亦 無 得 初 又 三 初 立 喻 二 顯 法 
X13n0285_004:0286c20	三結合。今初。	三 結 合 今 初 
X13n0285_004:0286c21	佛告富樓那汝雖除疑餘惑未盡我以世間現前諸	佛 告 富 樓 那 汝 雖 除 疑 餘 惑 未 盡 我 以 世 間 現 前 諸 
X13n0285_004:0286c22	事今復問汝汝豈不聞室羅城中演若達多忽於晨	事 今 復 問 汝 汝 豈 不 聞 室 羅 城 中 演 若 達 多 忽 於 晨 
X13n0285_004:0286c23	朝以鏡照面愛鏡中頭眉目可見瞋責己頭不見面	朝 以 鏡 照 面 愛 鏡 中 頭 眉 目 可 見 瞋 責 己 頭 不 見 面 
X13n0285_004:0286c24	目以為魑魅無狀狂走於意云何此人何因無故狂	目 以 為 魑 魅 無 狀 狂 走 於意云何 此 人 何 因 無 故 狂 
X13n0285_004:0287a01	走富樓那言是人心狂更無他故。	走 富 樓 那 言 是 人 心 狂 更 無 他 故 
X13n0285_004:0287a02	除疑者事理性相已無疑也餘惑未盡者迷悟情	除 疑 者 事 理 性 相 已 無 疑 也 餘 惑 未 盡 者 迷 悟 情 
X13n0285_004:0287a03	量猶未捨也演若達多此云祠授愛鏡中頭眉目	量 猶 未 捨 也 演 若 達 多 此 云 祠 授 愛 鏡 中 頭 眉 目 
X13n0285_004:0287a04	可見喻妄取幻境瞋責己頭不見面目喻迷背真	可 見 喻 妄 取 幻 境 瞋 責 己 頭 不 見 面 目 喻 迷 背 真 
X13n0285_004:0287a05	性當知凡夫愛妄有而不見真空二乘愛偏空而	性 當 知 凡 夫 愛 妄 有 而 不 見 真 空 二 乘 愛 偏 空 而 
X13n0285_004:0287a06	不見妙有菩薩愛萬行而不見中道別教愛但中	不 見 妙 有 菩 薩 愛 萬 行 而 不 見 中 道 別 教 愛 但 中 
X13n0285_004:0287a07	而不見法界皆狂走也答言是人心狂更無他故	而 不 見 法 界 皆 狂 走 也 答 言 是 人 心 狂 更 無 他 故 
X13n0285_004:0287a08	則知妄本無因矣。二顯法。	則 知 妄 本 無 因 矣 二 顯 法 
X13n0285_004:0287a09	佛言妙覺明圓本圓明妙既稱為妄云何有因若有	佛 言 妙 覺 明 圓 本 圓 明 妙 既 稱 為 妄 云 何 有 因 若 有 
X13n0285_004:0287a10	所因云何名妄自諸妄想展轉相因從迷積迷以歷	所 因 云 何 名 妄 自 諸 妄 想 展 轉 相 因 從 迷 積 迷 以 歷 
X13n0285_004:0287a11	塵劫雖佛發明猶不能返如是迷因因迷自有識迷	塵 劫 雖 佛 發 明 猶 不 能 返 如 是 迷 因 因 迷 自 有 識 迷 
X13n0285_004:0287a12	無因妄無所依尚無有生欲何為滅得菩提者如寤	無 因 妄 無 所 依 尚 無 有 生 欲 何 為 滅 得 菩 提 者 如 寤 
X13n0285_004:0287a13	時人說夢中事心縱精明欲何因緣取夢中物。	時 人 說 夢 中 事 心 縱 精 明 欲 何 因 緣 取 夢 中 物 
X13n0285_004:0287a14	妙覺明圓指眾生所具之理性也本圓明妙言其	妙 覺 明 圓 指 眾 生 所 具 之 理 性 也 本 圓 明 妙 言 其 
X13n0285_004:0287a15	不假修成也真本無妄則妄性本空安得有因有	不 假 修 成 也 真 本 無 妄 則 妄 性 本 空 安 得 有 因 有 
X13n0285_004:0287a16	因便非妄矣如是迷因二句不是說其因迷生迷	因 便 非 妄 矣 如 是 迷 因 二 句 不 是 說 其 因 迷 生 迷 
X13n0285_004:0287a17	葢因迷因悟上文已曾雙破今言如是迷因正因	葢 因 迷 因 悟 上 文 已 曾 雙 破 今 言 如 是 迷 因 正 因 
X13n0285_004:0287a18	迷惑不達無因所以非有而常自有也若識得迷	迷 惑 不 達 無 因 所 以 非 有 而 常 自 有 也 若 識 得 迷 
X13n0285_004:0287a19	本無因則便知妄想無性更何所依最初尚無有	本 無 因 則 便 知 妄 想 無 性 更 何 所 依 最 初 尚 無 有 
X13n0285_004:0287a20	生却後將何為滅直如夢中之物醒後安可取哉。	生 却 後 將 何 為 滅 直 如 夢 中 之 物 醒 後 安 可 取 哉 
X13n0285_004:0287a21	三結合。	三 結 合 
X13n0285_004:0287a22	況復無因本無所有如彼城中演若達多豈有因緣	況 復 無 因 本 無 所 有 如 彼 城 中 演 若 達 多 豈 有 因 緣 
X13n0285_004:0287a23	自怖頭走忽然狂歇頭非外得縱未歇狂亦何遺失	自 怖 頭 走 忽 然 狂 歇 頭 非 外 得 縱 未 歇 狂 亦 何 遺 失 
X13n0285_004:0287a24	富樓那妄性如是因何為在。	富 樓 那 妄 性 如 是 因 何 為 在 
X13n0285_004:0287b01	承上文言夢中之物醒時了不可取況復此妄一	承 上 文 言 夢 中 之 物 醒 時 了 不 可 取 況 復 此 妄 一 
X13n0285_004:0287b02	總無因本無所有直如達多狂走終不可言照鏡	總 無 因 本 無 所 有 直 如 達 多 狂 走 終 不 可 言 照 鏡 
X13n0285_004:0287b03	是其因緣以人皆照鏡不狂走故故知忽然狂歇	是 其 因 緣 以 人 皆 照 鏡 不 狂 走 故 故 知 忽 然 狂 歇 
X13n0285_004:0287b04	頭非外得可喻如來之妙覺明圓縱未歇狂亦何	頭 非 外 得 可 喻 如 來 之 妙 覺 明 圓 縱 未 歇 狂 亦 何 
X13n0285_004:0287b05	遺失可喻眾生之本圓明妙矣結妄無因可知。	遺 失 可 喻 眾 生 之 本 圓 明 妙 矣 結 妄 無 因 可 知 
X13n0285_004:0287b06	二明真亦無得二初法二喻。今初。	二 明 真 亦 無 得 二 初 法 二 喻 今 初 
X13n0285_004:0287b07	汝但不隨分別世間業果眾生三種相續三緣斷故	汝 但 不 隨 分 別 世 間 業 果 眾 生 三 種 相 續 三 緣 斷 故 
X13n0285_004:0287b08	三因不生則汝心中演若達多狂性自歇歇即菩提	三 因 不 生 則 汝 心 中 演 若 達 多 狂 性 自 歇 歇 即 菩 提 
X13n0285_004:0287b09	勝淨明心本周法界不從人得何藉劬勞肯綮修證。	勝 淨 明 心 本 周 法 界 不 從 人 得 何 藉 劬 勞 肯 綮 修 證 
X13n0285_004:0287b10	富樓那等既證無漏已斷三緣秪因法執未破不	富 樓 那 等 既 證 無 漏 已 斷 三 緣 秪 因 法 執 未 破 不 
X13n0285_004:0287b11	知世間業果眾生三種相續全無實性是故隨此	知 世 間 業 果 眾 生 三 種 相 續 全 無 實 性 是 故 隨 此 
X13n0285_004:0287b12	虗妄分別便謂有三界可出有涅槃可證還似達	虗 妄 分 別 便 謂 有 三 界 可 出 有 涅 槃 可 證 還 似 達 
X13n0285_004:0287b13	多怖頭狂走今但須不隨此虗妄分別則三緣業	多 怖 頭 狂 走 今 但 須 不 隨 此 虗 妄 分 別 則 三 緣 業 
X13n0285_004:0287b14	已先斷三種相續妄因亦復不生而狂性自歇歇	已 先 斷 三 種 相 續 妄 因 亦 復 不 生 而 狂 性 自 歇 歇 
X13n0285_004:0287b15	即菩提矣肯綮者筋脉聚會之處何藉劬勞肯綮	即 菩 提 矣 肯 綮 者 筋 脉 聚 會 之 處 何 藉 劬 勞 肯 綮 
X13n0285_004:0287b16	修證言不待勞筋苦骨也此為滿慈輩已斷煩惱	修 證 言 不 待 勞 筋 苦 骨 也 此 為 滿 慈 輩 已 斷 煩 惱 
X13n0285_004:0287b17	者言之若統論修證要途則不隨分別是從理以	者 言 之 若 統 論 修 證 要 途 則 不 隨 分 別 是 從 理 以 
X13n0285_004:0287b18	開圓解三緣斷故是從事以起實修事理雙進方	開 圓 解 三 緣 斷 故 是 從 事 以 起 實 修 事 理 雙 進 方 
X13n0285_004:0287b19	能直下了當蓋雖斷三緣而仍隨分別則成人天	能 直 下 了 當 蓋 雖 斷 三 緣 而 仍 隨 分 別 則 成 人 天 
X13n0285_004:0287b20	二乘偽果不斷三緣而駕言於不隨分別則墮善	二 乘 偽 果 不 斷 三 緣 而 駕 言 於 不 隨 分 別 則 墮 善 
X13n0285_004:0287b21	星比丘覆轍故須事理並進也又三緣斷故三因	星 比 丘 覆 轍 故 須 事 理 並 進 也 又 三 緣 斷 故 三 因 
X13n0285_004:0287b22	不生者由無殺盜婬之業果則無眾生無眾生則	不 生 者 由 無 殺 盜 婬 之 業 果 則 無 眾 生 無 眾 生 則 
X13n0285_004:0287b23	無世界如塞源者先竭其流如破竹者先部其尾。	無 世 界 如 塞 源 者 先 竭 其 流 如 破 竹 者 先 部 其 尾 
X13n0285_004:0287b24	二喻。	二 喻 
X13n0285_004:0287c01	譬如有人於自衣中繫如意珠不自覺知窮露他方	譬 如 有 人 於 自 衣 中 繫 如 意 珠 不 自 覺 知 窮 露 他 方 
X13n0285_004:0287c02	乞食馳走雖實貧窮珠不曾失忽有智者指示其珠	乞 食 馳 走 雖 實 貧 窮 珠 不 曾 失 忽 有 智 者 指 示 其 珠 
X13n0285_004:0287c03	所願從心致大饒富方悟神珠非從外得。	所 願 從 心 致 大 饒 富 方 悟 神 珠 非 從 外 得 
X13n0285_004:0287c04	此與法華珠喻不同彼喻十六王子結緣繫了因	此 與 法 華 珠 喻 不 同 彼 喻 十 六 王 子 結 緣 繫 了 因 
X13n0285_004:0287c05	珠此喻各各自具正因珠也智者指示其珠喻如	珠 此 喻 各 各 自 具 正 因 珠 也 智 者 指 示 其 珠 喻 如 
X13n0285_004:0287c06	來開示藏性。二答阿難再執緣起二初疑問二	來 開 示 藏 性 二 答 阿 難 再 執 緣 起 二 初 疑 問 二 
X13n0285_004:0287c07	示答。今初。	示 答 今 初 
X13n0285_004:0287c08	即時阿難在大眾中頂禮佛足起立白佛世尊現說	即 時 阿 難 在 大 眾 中 頂禮佛足 起 立 白 佛 世 尊 現 說 
X13n0285_004:0287c09	殺盜婬業三緣斷故三因不生心中達多狂性自歇	殺 盜 婬 業 三 緣 斷 故 三 因 不 生 心 中 達 多 狂 性 自 歇 
X13n0285_004:0287c10	歇則菩提不從人得斯則因緣皎然明白云何如來	歇 則 菩 提 不 從 人 得 斯 則 因 緣 皎 然 明 白 云 何 如 來 
X13n0285_004:0287c11	頓棄因緣我(却)從因緣(而)心得開悟世尊此義何獨	頓 棄 因 緣 我 却 從 因 緣 而 心 得 開 悟 世 尊 此 義 何 獨 
X13n0285_004:0287c12	我等年少有學聲聞今此會中大目犍連及舍利弗	我 等 年 少 有 學 聲 聞 今 此 會 中 大 目 犍 連 及 舍 利 弗 
X13n0285_004:0287c13	須菩提等從老梵志聞佛因緣發心開悟得成無漏	須 菩 提 等 從 老 梵 志 聞 佛 因 緣 發 心 開 悟 得 成 無 漏 
X13n0285_004:0287c14	今說菩提不從因緣則王舍城拘舍梨等所說自然	今 說 菩 提 不 從 因 緣 則 王 舍 城 拘 舍 梨 等 所 說 自 然 
X13n0285_004:0287c15	成第一義惟垂大悲開發迷悶。	成 第 一 義 惟 垂 大 悲 開 發 迷 悶 
X13n0285_004:0287c16	此執如來現說因緣之言而翻難前文排擯因緣	此 執 如 來 現 說 因 緣 之 言 而 翻 難 前 文 排 擯 因 緣 
X13n0285_004:0287c17	之義所以曲為末世眾生釋疑滯也。二示答二	之 義 所 以 曲 為 末 世 眾 生 釋 疑 滯 也 二 示 答 二 
X13n0285_004:0287c18	初破疑二誡勸。初中二初即喻推破二合法結	初 破 疑 二 誡 勸 初 中 二 初 即 喻 推 破 二 合 法 結 
X13n0285_004:0287c19	顯。初又二初立二執二破二執。今初。	顯 初 又 二 初 立 二 執 二 破 二 執 今 初 
X13n0285_004:0287c20	佛告阿難即如城中演若達多狂性因緣若得滅除	佛 告 阿 難 即 如 城 中 演 若 達 多 狂 性 因 緣 若 得 滅 除 
X13n0285_004:0287c21	則不狂性自然而出因緣自然理窮於是。	則 不 狂 性 自 然 而 出 因 緣 自 然 理 窮 於 是 
X13n0285_004:0287c22	阿難本執下文法喻成難今即以彼法喻而答釋	阿 難 本 執 下 文 法 喻 成 難 今 即 以 彼 法 喻 而 答 釋 
X13n0285_004:0287c23	之理窮於是者言汝所執因緣自然之理極盡於	之 理 窮 於 是 者 言 汝 所 執 因 緣 自 然 之 理 極 盡 於 
X13n0285_004:0287c24	此而已下乃破其無實理也。二破二執又二初	此 而 已 下 乃 破 其 無 實 理 也 二 破 二 執 又 二 初 
X13n0285_004:0288a01	正破二執二悟本俱非。初又二初約頭破二約	正 破 二 執 二 悟 本 俱 非 初 又 二 初 約 頭 破 二 約 
X13n0285_004:0288a02	狂破。今初。	狂 破 今 初 
X13n0285_004:0288a03	阿難演若達多頭本自然本自其然無然非自何因	阿 難 演 若 達 多 頭 本 自 然 本 自 其 然 無 然 非 自 何 因 
X13n0285_004:0288a04	緣故怖頭狂走若自然頭因緣故狂何不自然因緣	緣 故 怖 頭 狂 走 若 自 然 頭 因 緣 故 狂 何 不 自 然 因 緣 
X13n0285_004:0288a05	故失本頭不失狂怖妄出曾無變易何藉因緣。	故 失 本 頭 不 失 狂 怖 妄 出 曾 無 變 易 何 藉 因 緣 
X13n0285_004:0288a06	此明頭非自然因緣以喻真體非自然因緣也先	此 明 頭 非 自 然 因 緣 以 喻 真 體 非 自 然 因 緣 也 先 
X13n0285_004:0288a07	明頭非自然故云設使達多頭本自然則本自其	明 頭 非 自 然 故 云 設 使 達 多 頭 本 自 然 則 本 自 其 
X13n0285_004:0288a08	然無然而非自矣何因緣故而又怖頭狂走耶次	然 無 然 而 非 自 矣 何 因 緣 故 而 又 怖 頭 狂 走 耶 次 
X13n0285_004:0288a09	明頭非因緣故云若使自然之頭實以因緣故狂	明 頭 非 因 緣 故 云 若 使 自 然 之 頭 實 以 因 緣 故 狂 
X13n0285_004:0288a10	何不使此自然之頭隨於因緣故失今即本頭不	何 不 使 此 自 然 之 頭 隨 於 因 緣 故 失 今 即 本 頭 不 
X13n0285_004:0288a11	失而狂怖虗妄出生其頭曾無變易何藉於因緣	失 而 狂 怖 虗 妄 出 生 其 頭 曾 無 變 易 何 藉 於 因 緣 
X13n0285_004:0288a12	耶是真體上決無自然因緣之理可得矣。二約	耶 是 真 體 上 決 無 自 然 因 緣 之 理 可 得 矣 二 約 
X13n0285_004:0288a13	狂破。	狂 破 
X13n0285_004:0288a14	本狂自然本有狂怖未狂之際狂何所潛不狂自然	本 狂 自 然 本 有 狂 怖 未 狂 之 際 狂 何 所 潛 不 狂 自 然 
X13n0285_004:0288a15	頭本無妄何為狂走。	頭 本 無 妄 何 為 狂 走 
X13n0285_004:0288a16	此明狂非自然因緣以喻妄亦非自然因緣也先	此 明 狂 非 自 然 因 緣 以 喻 妄 亦 非 自 然 因 緣 也 先 
X13n0285_004:0288a17	明狂非自然故云設使本狂自然則是本有在怖	明 狂 非 自 然 故 云 設 使 本 狂 自 然 則 是 本 有 在 怖 
X13n0285_004:0288a18	矣未狂之際狂於何所潛耶次明狂非因緣故云	矣 未 狂 之 際 狂 於 何 所 潛 耶 次 明 狂 非 因 緣 故 云 
X13n0285_004:0288a19	設使不狂自然則狂必藉因緣今頭本無妄何為	設 使 不 狂 自 然 則 狂 必 藉 因 緣 今 頭 本 無 妄 何 為 
X13n0285_004:0288a20	狂走狂豈有因緣耶是妄法上亦決無自然因緣	狂 走 狂 豈 有 因 緣 耶 是 妄 法 上 亦 決 無 自 然 因 緣 
X13n0285_004:0288a21	之理可得矣夫真妄二處求自然因緣之理俱不	之 理 可 得 矣 夫 真 妄 二 處 求 自 然 因 緣 之 理 俱 不 
X13n0285_004:0288a22	可得則其理不已窮乎。二悟本俱非。	可 得 則 其 理 不 已 窮 乎 二 悟 本 俱 非 
X13n0285_004:0288a23	若悟本頭識知狂走因緣自然俱為戲論。	若 悟 本 頭 識 知 狂 走 因 緣 自 然 俱 為 戲 論 
X13n0285_004:0288a24	悟本頭者知此頭不變隨緣故有狂走狂歇之不	悟 本 頭 者 知 此 頭 不 變 隨 緣 故 有 狂 走 狂 歇 之 不 
X13n0285_004:0288b01	同故非自然知此頭隨緣不變不因狂走狂歇為	同 故 非 自 然 知 此 頭 隨 緣 不 變 不 因 狂 走 狂 歇 為 
X13n0285_004:0288b02	有無故非因緣識知狂走者知狂無體性故非自	有 無 故 非 因 緣 識 知 狂 走 者 知 狂 無 體 性 故 非 自 
X13n0285_004:0288b03	然知狂無來歷故非因緣也。二合法結顯三初	然 知 狂 無 來 歷 故 非 因 緣 也 二 合 法 結 顯 三 初 
X13n0285_004:0288b04	直結法二重簡非三正指是。今初。	直 結 法 二 重 簡 非 三 正 指 是 今 初 
X13n0285_004:0288b05	是故我言三緣斷故即菩提心。	是 故 我 言 三 緣 斷 故 即 菩 提 心 
X13n0285_004:0288b06	此語超略具足應云三緣斷故三因不生狂性自	此 語 超 略 具 足 應 云 三 緣 斷 故 三 因 不 生 狂 性 自 
X13n0285_004:0288b07	歇歇即菩提也夫言三緣斷故三因不生則有似	歇 歇 即 菩 提 也 夫 言 三 緣 斷 故 三 因 不 生 則 有 似 
X13n0285_004:0288b08	因緣矣而復云即菩提心則喻如頭非外得豈因	因 緣 矣 而 復 云 即 菩 提 心 則 喻 如 頭 非 外 得 豈 因 
X13n0285_004:0288b09	緣乎又即菩提心則有似自然矣而必以三緣斷	緣 乎 又 即 菩 提 心 則 有 似 自 然 矣 而 必 以 三 緣 斷 
X13n0285_004:0288b10	故方為歇即菩提則喻如狂歇方悟本頭豈自然	故 方 為 歇 即 菩 提 則 喻 如 狂 歇 方 悟 本 頭 豈 自 然 
X13n0285_004:0288b11	乎全性成修全修顯性此真無戲論法也。二重	乎 全 性 成 修 全 修 顯 性 此 真 無 戲 論 法 也 二 重 
X13n0285_004:0288b12	簡非。	簡 非 
X13n0285_004:0288b13	菩提心生生滅心滅此但生滅滅生俱盡無功用道	菩 提 心 生 生 滅 心 滅 此 但 生 滅 滅 生 俱 盡 無 功 用 道 
X13n0285_004:0288b14	若有自然如是則明自然心生生滅心滅此亦生滅	若 有 自 然 如 是 則 明 自 然 心 生 生 滅 心 滅 此 亦 生 滅 
X13n0285_004:0288b15	無生滅者名為自然猶如世間諸相雜和成一體者	無 生 滅 者 名 為 自 然 猶 如 世 間 諸 相 雜 和 成 一 體 者 
X13n0285_004:0288b16	名和合性非和合者稱本然性。	名 和 合 性 非 和 合 者 稱 本 然 性 
X13n0285_004:0288b17	此恐生滅情計未忘還於無戲論法而起戲論故	此 恐 生 滅 情 計 未 忘 還 於 無 戲 論 法 而 起 戲 論 故 
X13n0285_004:0288b18	須重重簡拂之也意謂我所言三緣斷故即菩提	須 重 重 簡 拂 之 也 意 謂 我 所 言 三 緣 斷 故 即 菩 提 
X13n0285_004:0288b19	心者非謂有三緣可滅有菩提始生也若逐語生	心 者 非 謂 有 三 緣 可 滅 有 菩 提 始 生 也 若 逐 語 生 
X13n0285_004:0288b20	解妄計有菩提心生生滅心滅此則但成生滅戲	解 妄 計 有 菩 提 心 生 生 滅 心 滅 此 則 但 成 生 滅 戲 
X13n0285_004:0288b21	論矣惟滅生俱盡方為無功用道方是無戲論法	論 矣 惟 滅 生 俱 盡 方 為 無 功 用 道 方 是 無 戲 論 法 
X13n0285_004:0288b22	而所謂無功用道亦非自然也若又計無功用為	而 所 謂 無 功 用 道 亦 非 自 然 也 若 又 計 無 功 用 為 
X13n0285_004:0288b23	有自然如是則又發明自然心生生滅心滅此亦	有 自 然 如 是 則 又 發 明 自 然 心 生 生 滅 心 滅 此 亦 
X13n0285_004:0288b24	但成生滅戲論矣然此無生滅法即是無戲論法	但 成 生 滅 戲 論 矣 然 此 無 生 滅 法 即 是 無 戲 論 法 
X13n0285_004:0288c01	而亦非自然也若又以無生滅者名為自然猶如	而 亦 非 自 然 也 若 又 以 無 生 滅 者 名 為 自 然 猶 如 
X13n0285_004:0288c02	世間諸相雜和成一體者名和合性非和合者稱	世 間 諸 相 雜 和 成 一 體 者 名 和 合 性 非 和 合 者 稱 
X13n0285_004:0288c03	本然性總是妄立對待名字皆戲論耳。三正指	本 然 性 總 是 妄 立 對 待 名 字 皆 戲 論 耳 三 正 指 
X13n0285_004:0288c04	是。	是 
X13n0285_004:0288c05	本然非然和合非合合然俱離離合俱非此句方名	本 然 非 然 和 合 非 合 合 然 俱 離 離 合 俱 非 此 句 方 名 
X13n0285_004:0288c06	無戲論法。	無 戲 論 法 
X13n0285_004:0288c07	此承上文簡拂一切戲論而示之曰詎知本然之	此 承 上 文 簡 拂 一 切 戲 論 而 示 之 曰 詎 知 本 然 之 
X13n0285_004:0288c08	性雖不變而舉體隨緣故非自然和合之相雖隨	性 雖 不 變 而 舉 體 隨 緣 故 非 自 然 和 合 之 相 雖 隨 
X13n0285_004:0288c09	緣而全體不變故非和合是故和合自然二俱遠	緣 而 全 體 不 變 故 非 和 合 是 故 和 合 自 然 二 俱 遠 
X13n0285_004:0288c10	離離之與合亦復俱非此句方名無戲論法耳離	離 離 之 與 合 亦 復 俱 非 此 句 方 名 無 戲 論 法 耳 離 
X13n0285_004:0288c11	者非和合非自然雙遮句也合者亦和合亦自然	者 非 和 合 非 自 然 雙 遮 句 也 合 者 亦 和 合 亦 自 然 
X13n0285_004:0288c12	雙照句也遮照俱非故云離合俱非。二誡勸二	雙 照 句 也 遮 照 俱 非 故 云 離 合 俱 非 二 誡 勸 二 
X13n0285_004:0288c13	初誡徒聞無功二勸真修有益。今初。	初 誡 徒 聞 無 功 二 勸 真 修 有 益 今 初 
X13n0285_004:0288c14	菩提涅槃尚在遙遠非汝歷劫辛勤修證雖復憶持	菩 提 涅 槃 尚 在 遙 遠 非 汝 歷 劫 辛 勤 修 證 雖 復 憶 持 
X13n0285_004:0288c15	十方如來十二部經清淨妙理如恒河沙秪益戲論	十 方 如 來 十二部經 清 淨 妙 理 如 恒 河 沙 秪 益 戲 論 
X13n0285_004:0288c16	汝雖談說因緣自然決定明了人間稱汝多聞第一	汝 雖 談 說 因 緣 自 然 決 定 明 了 人 間 稱 汝 多 聞 第 一 
X13n0285_004:0288c17	以此積劫多聞熏習不能免離摩登伽難何須待我	以 此 積 劫 多 聞 熏 習 不 能 免 離 摩 登 伽 難 何 須 待 我 
X13n0285_004:0288c18	佛頂神呪摩登伽心婬火頓歇得阿那含於我法中	佛 頂 神 呪 摩 登 伽 心 婬 火 頓 歇 得 阿 那 含 於 我 法 中 
X13n0285_004:0288c19	成精進林愛河乾枯令汝解脫。	成 精 進 林 愛 河 乾 枯 令 汝 解 脫 
X13n0285_004:0288c20	二勸真修有益。	二 勸 真 修 有 益 
X13n0285_004:0288c21	是故阿難汝雖歷劫憶持如來祕密妙嚴不如一日	是 故 阿 難 汝 雖 歷 劫 憶 持 如 來 祕 密 妙 嚴 不 如 一 日 
X13n0285_004:0288c22	修無漏業遠離世間憎愛二苦如摩登伽宿為婬女	修 無 漏 業 遠 離 世 間 憎 愛 二 苦 如 摩 登 伽 宿 為 婬 女 
X13n0285_004:0288c23	由神呪力銷其愛欲法中今名性比丘尼與羅睺母	由 神 呪 力 銷 其 愛 欲 法 中 今 名 性 比 丘 尼 與 羅 睺 母 
X13n0285_004:0288c24	耶輸陀羅同悟宿因知歷世因貪愛為苦(彼二人者皆以)一	耶 輸 陀 羅 同 悟 宿 因 知 歷 世 因 貪 愛 為 苦 彼 二 人 者 皆 以 一 
X13n0285_004:0289a01	念熏修無漏善故或得(證三果而)出纏或(證四果而)蒙授(第一尊)	念 熏 修 無 漏 善 故 或 得 證 三 果 而 出 纏 或 證 四 果 而 蒙 授 第 一 尊 
X13n0285_004:0289a02	記云何(汝乃)自欺尚留觀聽。	記 云 何 汝 乃 自 欺 尚 留 觀 聽 
X13n0285_004:0289a03	問曰前云何藉劬勞肯綮修證此云非汝歷劫辛	問 曰 前 云 何 藉 劬 勞 肯 綮 修 證 此 云 非 汝 歷 劫 辛 
X13n0285_004:0289a04	勤修證等何相反耶答曰滿慈已盡諸漏但紆疑	勤 修 證 等 何 相 反 耶 答 曰 滿 慈 已 盡 諸 漏 但 紆 疑 
X13n0285_004:0289a05	悔故疑悔一除直下了當阿難雖已開悟習漏未	悔 故 疑 悔 一 除 直 下 了 當 阿 難 雖 已 開 悟 習 漏 未 
X13n0285_004:0289a06	除欲證真智真斷須修無漏勝業然無漏業亦只	除 欲 證 真 智 真 斷 須 修 無 漏 勝 業 然 無 漏 業 亦 只 
X13n0285_004:0289a07	是不隨分別三種相續所謂即以所悟真因淨除	是 不 隨 分 別 三 種 相 續 所 謂 即 以 所 悟 真 因 淨 除 
X13n0285_004:0289a08	現業而已非別有法可修也修即無修故云歇即	現 業 而 已 非 別 有 法 可 修 也 修 即 無 修 故 云 歇 即 
X13n0285_004:0289a09	菩提無修非是不修故云不如一日修無漏業所	菩 提 無 修 非 是 不 修 故 云 不 如 一 日 修 無 漏 業 所 
X13n0285_004:0289a10	謂性修交成性修不二恰恰相成安得相反耶夫	謂 性 修 交 成 性 修 不 二 恰 恰 相 成 安 得 相 反 耶 夫 
X13n0285_004:0289a11	修則一念亦勝一日亦勝何況歷劫不修則積劫	修 則 一 念 亦 勝 一 日 亦 勝 何 況 歷 劫 不 修 則 積 劫 
X13n0285_004:0289a12	多聞尚無實益何況無聞此正勗修以啟下文言	多 聞 尚 無 實 益 何 況 無 聞 此 正 勗 修 以 啟 下 文 言 
X13n0285_004:0289a13	尚留觀聽者責其不能反見見自性反聞聞自性	尚 留 觀 聽 者 責 其 不 能 反 見 見 自 性 反 聞 聞 自 性 
X13n0285_004:0289a14	而猶逐妄緣也從初卷正宗分起至此是顯如來	而 猶 逐 妄 緣 也 從 初 卷 正 宗 分 起 至 此 是 顯 如 來 
X13n0285_004:0289a15	藏妙真如性圓三諦理一大科竟。二示不生滅	藏 妙 真 如 性 圓 三 諦 理 一 大 科 竟 二 示 不 生 滅 
X13n0285_004:0289a16	為本修因妙三觀門有二初為當機示圓通本根	為 本 修 因 妙 三 觀 門 有 二 初 為 當 機 示 圓 通 本 根 
X13n0285_004:0289a17	二為末世示道場方法。初中二初歎領述請二	二 為 末 世 示 道 場 方 法 初 中 二 初 歎 領 述 請 二 
X13n0285_004:0289a18	宣示法義。今初。	宣 示 法 義 今 初 
X13n0285_004:0289a19	阿難及諸大眾聞佛示誨疑惑銷除心悟實相身意	阿 難 及 諸 大 眾 聞 佛 示 誨 疑 惑 銷 除 心 悟 實 相 身 意 
X13n0285_004:0289a20	輕安得未曾有重復悲淚頂禮佛足長跪合掌而白	輕 安 得未曾有 重 復 悲 淚 頂禮佛足 長 跪 合 掌 而 白 
X13n0285_004:0289a21	佛言無上大悲清淨寶王善開我心能以如是種種	佛 言 無 上 大 悲 清 淨 寶 王 善 開 我 心 能 以 如 是 種 種 
X13n0285_004:0289a22	因緣方便提獎引諸沉冥出於苦海世尊我今雖承	因 緣 方 便 提 獎 引 諸 沉 冥 出 於 苦 海 世 尊 我 今 雖 承 
X13n0285_004:0289a23	如是法音知如來藏妙覺明心徧十方界含育如來	如 是 法 音 知 如 來 藏 妙 覺 明 心 徧 十 方 界 含 育 如 來 
X13n0285_004:0289a24	十方國土清淨寶嚴妙覺王剎如來復責多聞無功	十 方 國 土 清 淨 寶 嚴 妙 覺 王 剎 如 來 復 責 多 聞 無 功 
X13n0285_004:0289b01	不逮修習我今猶如旅泊之人忽蒙天王賜與華屋	不 逮 修 習 我 今 猶 如 旅 泊 之 人 忽 蒙 天 王 賜 與 華 屋 
X13n0285_004:0289b02	雖獲大宅要因門入惟願如來不捨大悲示我在會	雖 獲 大 宅 要 因 門 入 惟 願 如 來 不 捨 大 悲 示 我 在 會 
X13n0285_004:0289b03	諸蒙暗者捐捨小乘畢獲如來無餘涅槃本發心路	諸 蒙 暗 者 捐 捨 小 乘 畢 獲 如 來 無餘涅槃 本 發 心 路 
X13n0285_004:0289b04	令有覺者從何攝伏疇昔攀緣得陀羅尼入佛知見	令 有 覺 者 從 何 攝 伏 疇 昔 攀 緣 得陀羅尼 入 佛 知 見 
X13n0285_004:0289b05	作是語已五體投地在會一心佇佛慈旨。	作是語已 五體投地 在 會 一 心 佇 佛 慈 旨 
X13n0285_004:0289b06	此文三節初是經家敘相次無上大悲下是當機	此 文 三 節 初 是 經 家 敘 相 次 無 上 大 悲 下 是 當 機 
X13n0285_004:0289b07	陳白三作是語已下是大眾佇誨也初文疑惑銷	陳 白 三 作是語已 下 是 大 眾 佇 誨 也 初 文 疑 惑 銷 
X13n0285_004:0289b08	除者因緣自然名言習氣已簡拂故心悟實相者	除 者 因 緣 自 然 名 言 習 氣 已 簡 拂 故 心 悟 實 相 者 
X13n0285_004:0289b09	法身真解倍增明故身意輕安者能伏麤重障故	法 身 真 解 倍 增 明 故 身 意 輕 安 者 能 伏 麤 重 障 故 
X13n0285_004:0289b10	次當機陳白又為二初無上大悲至出於苦海是	次 當 機 陳 白 又 為 二 初 無 上 大 悲 至 出 於 苦 海 是 
X13n0285_004:0289b11	歎領二世尊我今下是述請也含育猶上文所謂	歎 領 二 世 尊 我 今 下 是 述 請 也 含 育 猶 上 文 所 謂 
X13n0285_004:0289b12	含吐以十方依正皆是妙心中物故名為含皆即	含 吐 以 十 方 依 正 皆 是 妙 心 中 物 故 名 為 含 皆 即 
X13n0285_004:0289b13	妙心所現故名為育旅泊喻久背真性天王喻如	妙 心 所 現 故 名 為 育 旅 泊 喻 久 背 真 性 天 王 喻 如 
X13n0285_004:0289b14	來法王華屋喻如來所證三德祕藏三德祕藏雖	來 法 王 華 屋 喻 如 來 所 證 三 德 祕 藏 三 德 祕 藏 雖 
X13n0285_004:0289b15	吾故宅迷久不知知由佛示義如佛賜也門者行	吾 故 宅 迷 久 不 知 知 由 佛 示 義 如 佛 賜 也 門 者 行 
X13n0285_004:0289b16	為理門即所謂妙奢摩他三摩禪那上文開圓頓	為 理 門 即 所 謂 妙 奢 摩 他 三 摩 禪 那 上 文 開 圓 頓 
X13n0285_004:0289b17	解已知最初方便今直請入華屋之方便門也如	解 已 知 最 初 方 便 今 直 請 入 華 屋 之 方 便 門 也 如 
X13n0285_004:0289b18	來無餘涅槃者圓極之果顯非二乘所證無餘涅	來 無餘涅槃 者 圓 極 之 果 顯 非 二 乘 所 證 無 餘 涅 
X13n0285_004:0289b19	槃本發心路者圓行之因得陀羅尼入佛知見者	槃 本 發 心 路 者 圓 行 之 因 得陀羅尼 入 佛 知 見 者 
X13n0285_004:0289b20	以一心三觀大總持門入一心三智妙覺佛位也。	以 一 心 三 觀 大 總 持 門 入 一 心 三 智 妙 覺 佛 位 也 
X13n0285_004:0289b21	二宣示法義二初經家敘意二如來正說。今	二 宣 示 法 義 二 初 經 家 敘 意 二 如 來 正 說 今 
X13n0285_004:0289b22	初。	初 
X13n0285_004:0289b23	爾時世尊哀愍會中緣覺聲聞於菩提心未自在者	爾 時 世 尊 哀 愍 會 中 緣 覺 聲 聞 於 菩 提 心 未 自 在 者 
X13n0285_004:0289b24	及為當來佛滅度後末法眾生發菩提心(者)開無上	及 為 當 來 佛 滅 度 後 末 法 眾 生 發菩提心 者 開 無 上 
X13n0285_004:0289c01	乘妙修行路宣示阿難及諸大眾。	乘 妙 修 行 路 宣 示 阿 難 及 諸 大 眾 
X13n0285_004:0289c02	攀緣未伏故雖悟菩提而未得自在今乃示以攝	攀 緣 未 伏 故 雖 悟 菩 提 而 未 得 自 在 今 乃 示 以 攝 
X13n0285_004:0289c03	伏攀緣之正行也此行通於現在滅後無不依之	伏 攀 緣 之 正 行 也 此 行 通 於 現 在 滅 後 無 不 依 之 
X13n0285_004:0289c04	而證菩提。二如來正說二初總示因心二別顯	而 證 菩 提 二 如 來 正 說 二 初 總 示 因 心 二 別 顯 
X13n0285_004:0289c05	修證。初中二初正明二義二決通疑滯。初又	修 證 初 中 二 初 正 明 二 義 二 決 通 疑 滯 初 又 
X13n0285_004:0289c06	二初總徵二別釋。今初。	二 初 總 徵 二 別 釋 今 初 
X13n0285_004:0289c07	汝等決定發菩提心於佛如來妙三摩提不生疲倦	汝 等 決 定 發菩提心 於 佛 如 來 妙 三 摩 提 不 生 疲 倦 
X13n0285_004:0289c08	應當先明發覺初心二決定義云何初心二義決定。	應 當 先 明 發 覺 初 心 二 決 定 義 云 何 初 心 二 義 決 定 
X13n0285_004:0289c09	妙三摩提者即大佛頂首楞嚴王三昧全性起修	妙 三 摩 提 者 即 大 佛 頂 首 楞 嚴 王 三 昧 全 性 起 修 
X13n0285_004:0289c10	全修在性故名為妙修德有功性德方顯故須不	全 修 在 性 故 名 為 妙 修 德 有 功 性 德 方 顯 故 須 不 
X13n0285_004:0289c11	生疲倦從本覺而發始覺故名發覺初心決者決	生 疲 倦 從 本 覺 而 發 始 覺 故 名 發 覺 初 心 決 者 決 
X13n0285_004:0289c12	擇定者一定此等一定不易之理初發心時急須	擇 定 者 一 定 此 等 一 定 不 易 之 理 初 發 心 時 急 須 
X13n0285_004:0289c13	決擇否則不入修行正定聚中是則義雖本定要	決 擇 否 則 不 入 修 行 正 定 聚 中 是 則 義 雖 本 定 要 
X13n0285_004:0289c14	由決擇方知故名決定義也。二別釋二初應審	由 決 擇 方 知 故 名 決 定 義 也 二 別 釋 二 初 應 審 
X13n0285_004:0289c15	觀因地發心二應審詳煩惱根本。初中二初總	觀 因 地 發 心 二 應 審 詳 煩惱根本 初 中 二 初 總 
X13n0285_004:0289c16	勸審觀二正示審觀。今初。	勸 審 觀 二 正 示 審 觀 今 初 
X13n0285_004:0289c17	阿難第一義者汝等若欲捐捨聲聞修菩薩乘入佛	阿 難 第 一 義 者 汝 等 若 欲 捐 捨 聲 聞 修 菩 薩 乘 入 佛 
X13n0285_004:0289c18	知見應當審觀因地發心與果地覺為同為異阿難	知 見 應 當 審 觀 因 地 發 心 與 果 地 覺 為 同 為 異 阿 難 
X13n0285_004:0289c19	若於因地以生滅心為本修因而求佛乘不生不滅	若 於 因 地 以 生 滅 心 為 本 修 因 而 求 佛 乘 不生不滅 
X13n0285_004:0289c20	無有是處。	無 有 是 處 
X13n0285_004:0289c21	此正顯示因心須同果覺則因真果正故必須以	此 正 顯 示 因 心 須 同 果 覺 則 因 真 果 正 故 必 須 以 
X13n0285_004:0289c22	不生不滅為本修因也然不生不滅之性全在生	不生不滅 為 本 修 因 也 然 不生不滅 之 性 全 在 生 
X13n0285_004:0289c23	滅之中如虗空全在器世間中清水全在濁水之	滅 之 中 如 虗 空 全 在 器 世 間 中 清 水 全 在 濁 水 之 
X13n0285_004:0289c24	中故須審觀而決擇之。二正示審觀二初立喻	中 故 須 審 觀 而 決 擇 之 二 正 示 審 觀 二 初 立 喻 
X13n0285_004:0290a01	二示法。今初。	二 示 法 今 初 
X13n0285_004:0290a02	以是義故汝當照明諸器世間可作之法皆從變滅	以是義故 汝 當 照 明 諸 器 世 間 可 作 之 法 皆 從 變 滅 
X13n0285_004:0290a03	阿難汝觀世間可作之法誰為不壞然終不聞爛壞	阿 難 汝 觀 世 間 可 作 之 法 誰 為 不 壞 然 終 不 聞 爛 壞 
X13n0285_004:0290a04	虗空何以故空非可作由是始終無壞滅故。	虗 空 何 以 故 空 非 可 作 由 是 始 終 無 壞 滅 故 
X13n0285_004:0290a05	此借器世間法以喻眾生世間法也以器世間一	此 借 器 世 間 法 以 喻 眾 生 世 間 法 也 以 器 世 間 一 
X13n0285_004:0290a06	切可作之法喻眾生身中根塵諸法以器世間虗	切 可 作 之 法 喻 眾 生 身 中 根 塵 諸 法 以 器 世 間 虗 
X13n0285_004:0290a07	空喻眾生根塵識等本然之性。二示法二初簡	空 喻 眾 生 根 塵 識 等 本 然 之 性 二 示 法 二 初 簡 
X13n0285_004:0290a08	妄生滅相合可作喻二依無生滅性合虗空喻。	妄 生 滅 相 合 可 作 喻 二 依 無 生 滅 性 合 虗 空 喻 
X13n0285_004:0290a09	初中二初指妄總標二約義別釋。今初。	初 中 二 初 指 妄 總 標 二 約 義 別 釋 今 初 
X13n0285_004:0290a10	則汝身中堅相為地潤濕為水煖觸為火動搖為風	則 汝 身 中 堅 相 為 地 潤 濕 為 水 煖 觸 為 火 動 搖 為 風 
X13n0285_004:0290a11	由此四纏分汝湛圓妙覺明心為視為聽為覺為察	由 此 四 纏 分 汝 湛 圓 妙 覺 明 心 為 視 為 聽 為 覺 為 察 
X13n0285_004:0290a12	從始入終五疊渾濁。	從 始 入 終 五 疊 渾 濁 
X13n0285_004:0290a13	身中四大及視聽覺察喻如可作之法湛圓如覺	身 中 四 大 及 視 聽 覺 察 喻 如 可 作 之 法 湛 圓 如 覺 
X13n0285_004:0290a14	明心喻如虗空由此四纏分為視聽等者正前文	明 心 喻 如 虗 空 由 此 四 纏 分 為 視 聽 等 者 正 前 文 
X13n0285_004:0290a15	所謂所妄既立明理不踰也夫以四纏分隔妙心	所 謂 所 妄 既 立 明 理 不 踰 也 夫 以 四 纏 分 隔 妙 心 
X13n0285_004:0290a16	猶之以器世間分隔虗空也四纏變壞而妙心終	猶 之 以 器 世 間 分 隔 虗 空 也 四 纏 變 壞 而 妙 心 終 
X13n0285_004:0290a17	不可壞猶之器世間可壞而虗空不可壞也然器	不 可 壞 猶 之 器 世 間 可 壞 而 虗 空 不 可 壞 也 然 器 
X13n0285_004:0290a18	世間總不在虗空之外則知四纏亦總不在妙心	世 間 總 不 在 虗 空 之 外 則 知 四 纏 亦 總 不 在 妙 心 
X13n0285_004:0290a19	之外矣若知空性本無分隔分隔全是虗妄則不	之 外 矣 若 知 空 性 本 無 分 隔 分 隔 全 是 虗 妄 則 不 
X13n0285_004:0290a20	惟四纏可壞而視聽覺察亦可壞矣若知性色真	惟 四 纏 可 壞 而 視 聽 覺 察 亦 可 壞 矣 若 知 性 色 真 
X13n0285_004:0290a21	空性空真色等義則不惟視聽覺察之性即是湛	空 性 空 真 色 等 義 則 不 惟 視 聽 覺 察 之 性 即 是 湛 
X13n0285_004:0290a22	圓妙覺明心而不可壞即身中四纏之性亦即是	圓 妙 覺 明 心 而 不 可 壞 即 身 中 四 纏 之 性 亦 即 是 
X13n0285_004:0290a23	湛圓妙覺明心而不可壞矣是故十八界相皆可	湛 圓 妙 覺 明 心 而 不 可 壞 矣 是 故 十 八 界 相 皆 可 
X13n0285_004:0290a24	作法皆從變壞十八界性皆如虗空皆不可壞也	作 法 皆 從 變 壞 十 八 界 性 皆 如 虗 空 皆 不 可 壞 也 
X13n0285_004:0290b01	從始入終五疊渾濁者約無始生相無明假名為	從 始 入 終 五 疊 渾 濁 者 約 無 始 生 相 無 明 假 名 為 
X13n0285_004:0290b02	始約妙覺究竟斷德假名為終妙覺以前一分生	始 約 妙 覺 究 竟 斷 德 假 名 為 終 妙 覺 以 前 一 分 生 
X13n0285_004:0290b03	相無明未斷則一分微細五濁之相亦未全除故	相 無 明 未 斷 則 一 分 微 細 五 濁 之 相 亦 未 全 除 故 
X13n0285_004:0290b04	也葢本是湛圓妙覺明心妄為相見二分相分名	也 葢 本 是 湛 圓 妙 覺 明 心 妄 為 相 見 二 分 相 分 名 
X13n0285_004:0290b05	為色法見分名為心法色法即是色陰而離心無	為 色 法 見 分 名 為 心 法 色 法 即 是 色 陰 而 離 心 無 
X13n0285_004:0290b06	色心法即是受想行識而離色無心是故心色二	色 心 法 即 是 受 想 行 識 而 離 色 無 心 是 故 心 色 二 
X13n0285_004:0290b07	法決不相離則從無始以來乃至妙覺以前念念	法 決 不 相 離 則 從 無 始 以 來 乃 至 妙 覺 以 前 念 念 
X13n0285_004:0290b08	之間無不具足五疊渾濁也。二約義別釋二初	之 間 無 不 具 足 五 疊 渾 濁 也 二 約 義 別 釋 二 初 
X13n0285_004:0290b09	通示濁義二別解濁名。今初。	通 示 濁 義 二 別 解 濁 名 今 初 
X13n0285_004:0290b10	云何為濁阿難譬如清水清潔本然即彼塵土灰沙	云 何 為 濁 阿 難 譬 如 清 水 清 潔 本 然 即 彼 塵 土 灰 沙 
X13n0285_004:0290b11	之倫本質留礙二體法爾性不相循有世間人取彼	之 倫 本 質 留 礙 二 體 法 爾 性 不 相 循 有 世 間 人 取 彼 
X13n0285_004:0290b12	土塵投於淨水土失留礙水亡清潔容貌汩然名之	土 塵 投 於 淨 水 土 失 留 礙 水 亡 清 潔 容 貌 汩 然 名 之 
X13n0285_004:0290b13	為濁汝濁五重亦復如是。	為 濁 汝 濁 五 重 亦復如是 
X13n0285_004:0290b14	前示生滅不生滅性故借虗空與羣器為喻今示	前 示 生 滅 不 生 滅 性 故 借 虗 空 與 羣 器 為 喻 今 示 
X13n0285_004:0290b15	清淨及渾濁相故借水土為喻應知佛界法性五	清 淨 及 渾 濁 相 故 借 水 土 為 喻 應 知 佛 界 法 性 五 
X13n0285_004:0290b16	陰喻如清水九界虗妄五陰喻如塵土灰沙相雜	陰 喻 如 清 水 九 界 虗 妄 五 陰 喻 如 塵 土 灰 沙 相 雜 
X13n0285_004:0290b17	也然於一妙心中具有相見二分喻如一太虗中	也 然 於 一 妙 心 中 具 有 相 見 二 分 喻 如 一 太 虗 中 
X13n0285_004:0290b18	具有水土二物若達性水真空性空真水性土真	具 有 水 土 二 物 若 達 性 水 真 空 性 空 真 水 性 土 真 
X13n0285_004:0290b19	空性空真土則不必滅於水土而後顯太虗空若	空 性 空 真 土 則 不 必 滅 於 水 土 而 後 顯 太 虗 空 若 
X13n0285_004:0290b20	達此見及緣元是菩提妙淨明體則不必滅於相	達 此 見 及 緣 元 是 菩 提 妙 淨 明 體 則 不 必 滅 於 相 
X13n0285_004:0290b21	見二分而後顯一妙心惟其不達相見即是妙心	見 二 分 而 後 顯 一 妙 心 惟 其 不 達 相 見 即 是 妙 心 
X13n0285_004:0290b22	故取妄相投於妄見遂成五陰渾濁猶如不達水	故 取 妄 相 投 於 妄 見 遂 成 五 陰 渾 濁 猶 如 不 達 水 
X13n0285_004:0290b23	土即是空性故取妄土投於妄水遂成汩然容貌	土 即 是 空 性 故 取 妄 土 投 於 妄 水 遂 成 汩 然 容 貌 
X13n0285_004:0290b24	也故下文澄濁就清但令見相二分不織則見聞	也 故 下 文 澄 濁 就 清 但 令 見 相 二 分 不 織 則 見 聞 
X13n0285_004:0290c01	覺知即契如來常樂我淨譬如去泥純水則明相	覺 知 即 契 如 來 常樂我淨 譬 如 去 泥 純 水 則 明 相 
X13n0285_004:0290c02	精純即合性水真空義矣不可執上喻而難下喻	精 純 即 合 性 水 真 空 義 矣 不 可 執 上 喻 而 難 下 喻 
X13n0285_004:0290c03	謂清水猶屬可作之法應須除去也又此下將示	謂 清 水 猶 屬 可 作 之 法 應 須 除 去 也 又 此 下 將 示 
X13n0285_004:0290c04	阿難依聞性而修道故以水喻見聞等性以土喻	阿 難 依 聞 性 而 修 道 故 以 水 喻 見 聞 等 性 以 土 喻 
X13n0285_004:0290c05	塵識若應觀六塵境者亦可以水喻塵性土喻根	塵 識 若 應 觀 六 塵 境 者 亦 可 以 水 喻 塵 性 土 喻 根 
X13n0285_004:0290c06	識若應觀六識境者又可以水喻識性土喻根塵	識 若 應 觀 六 識 境 者 又 可 以 水 喻 識 性 土 喻 根 塵 
X13n0285_004:0290c07	矣不可不知。二別解濁名五初劫濁(至)五命濁。	矣 不 可 不 知 二 別 解 濁 名 五 初 劫 濁 至 五 命 濁 
X13n0285_004:0290c08	今初。	今 初 
X13n0285_004:0290c09	阿難汝見虗空徧十方界空見不分有空無體有見	阿 難 汝 見 虗 空 徧 十 方 界 空 見 不 分 有 空 無 體 有 見 
X13n0285_004:0290c10	無覺相織妄成是第一重名為劫濁。	無 覺 相 織 妄 成 是 第 一 重 名 為 劫 濁 
X13n0285_004:0290c11	此直指九界色陰為劫濁也見字攝於聞覺知等	此 直 指 九 界 色 陰 為 劫 濁 也 見 字 攝 於 聞 覺 知 等 
X13n0285_004:0290c12	即是自心見分喻如清水虗空攝於四大六塵即	即 是 自 心 見 分 喻 如 清 水 虗 空 攝 於 四 大 六 塵 即 
X13n0285_004:0290c13	是自心相分喻於塵土灰沙汝見虗空徧十方界	是 自 心 相 分 喻 於 塵 土 灰 沙 汝 見 虗 空 徧 十 方 界 
X13n0285_004:0290c14	而空之與見不可分其邊畔喻於水土相和也設	而 空 之 與 見 不 可 分 其 邊 畔 喻 於 水 土 相 和 也 設 
X13n0285_004:0290c15	但有空無見則空亦無體設但有見無空則見亦	但 有 空 無 見 則 空 亦 無 體 設 但 有 見 無 空 則 見 亦 
X13n0285_004:0290c16	無覺今以虗妄相見二分相織妄成十方三世種	無 覺 今 以 虗 妄 相 見 二 分 相 織 妄 成 十 方 三 世 種 
X13n0285_004:0290c17	種分位不同遂於真如實際之中而有實報方便	種 分 位 不 同 遂 於 真 如 實 際 之 中 而 有 實 報 方 便 
X13n0285_004:0290c18	同居三土差別名為劫濁此劫濁稱第一重者其	同 居 三 土 差 別 名 為 劫 濁 此 劫 濁 稱 第 一 重 者 其 
X13n0285_004:0290c19	相最麤而易見故。二見濁。	相 最 麤 而 易 見 故 二 見 濁 
X13n0285_004:0290c20	汝身現搏四大為體見聞覺知壅令留礙水火風土	汝 身 現 搏 四 大 為 體 見聞覺知 壅 令 留 礙 水 火 風 土 
X13n0285_004:0290c21	旋令覺知相織妄成是第二重名為見濁。	旋 令 覺 知 相 織 妄 成 是 第 二 重 名 為 見 濁 
X13n0285_004:0290c22	此直指九界受陰為見濁也言汝身現搏四大為	此 直 指 九 界 受 陰 為 見 濁 也 言 汝 身 現 搏 四 大 為 
X13n0285_004:0290c23	體且指同居分段之身而言須知方便實報法性	體 且 指 同 居 分 段 之 身 而 言 須 知 方 便 實 報 法 性 
X13n0285_004:0290c24	之身雖無麤重四大亦有微妙色法亦得稱為界	之 身 雖 無 麤 重 四 大 亦 有 微 妙 色 法 亦 得 稱 為 界 
X13n0285_004:0291a01	外四大也見聞覺知性本虗通今則壅令留礙喻	外 四 大 也 見聞覺知 性 本 虗 通 今 則 壅 令 留 礙 喻 
X13n0285_004:0291a02	如水亡清潔水火風土本無情覺今則旋令覺知	如 水 亡 清 潔 水 火 風 土 本 無 情 覺 今 則 旋 令 覺 知 
X13n0285_004:0291a03	喻如土失留礙因此虗妄相見二分相織妄成六	喻 如 土 失 留 礙 因 此 虗 妄 相 見 二 分 相 織 妄 成 六 
X13n0285_004:0291a04	受用根領納前塵遂於非我非無我性而有同居	受 用 根 領 納 前 塵 遂 於 非 我 非 無 我 性 而 有 同 居 
X13n0285_004:0291a05	我見方便無我見實報亦我亦無我見名為見濁	我 見 方 便 無 我 見 實 報 亦 我 亦 無 我 見 名 為 見 濁 
X13n0285_004:0291a06	此濁為第二重者其相亦易知故。三煩惱濁。	此 濁 為 第 二 重 者 其 相 亦 易 知 故 三 煩 惱 濁 
X13n0285_004:0291a07	又汝心中憶識誦習性發知見容現六塵離塵無相	又 汝 心 中 憶 識 誦 習 性 發 知 見 容 現 六 塵 離 塵 無 相 
X13n0285_004:0291a08	離覺無性相織妄成是第三重名煩惱濁。	離 覺 無 性 相 織 妄 成 是 第 三 重 名 煩 惱 濁 
X13n0285_004:0291a09	此直指九界想陰為煩惱濁也謂汝心中憶過去	此 直 指 九 界 想 陰 為 煩 惱 濁 也 謂 汝 心 中 憶 過 去 
X13n0285_004:0291a10	事識現在事誦習未來諸事性中既發能取之知	事 識 現 在 事 誦 習 未 來 諸 事 性 中 既 發 能 取 之 知 
X13n0285_004:0291a11	見容貌隨現所取之六塵離塵則知見無相離覺	見 容 貌 隨 現 所 取 之 六 塵 離 塵 則 知 見 無 相 離 覺 
X13n0285_004:0291a12	則六塵無性塵是相分覺是見分亦因此虗妄見	則 六 塵 無 性 塵 是 相 分 覺 是 見 分 亦 因 此 虗 妄 見 
X13n0285_004:0291a13	相二分相織妄成種種想心起同居土中憎愛名	相 二 分 相 織 妄 成 種 種 想 心 起 同 居 土 中 憎 愛 名 
X13n0285_004:0291a14	為見思煩惱起方便土中憎愛名為塵沙煩惱起	為 見 思 煩 惱 起 方 便 土 中 憎 愛 名 為 塵 沙 煩 惱 起 
X13n0285_004:0291a15	實報土中憎愛名為無明煩惱故稱煩惱濁也此	實 報 土 中 憎 愛 名 為 無 明 煩 惱 故 稱 煩 惱 濁 也 此 
X13n0285_004:0291a16	為第三重者比前二相為融通故。四眾生濁。	為 第 三 重 者 比 前 二 相 為 融 通 故 四 眾 生 濁 
X13n0285_004:0291a17	又汝朝夕生滅不停知見每欲留於世間業運每常	又 汝 朝 夕 生 滅 不 停 知 見 每 欲 留 於 世 間 業 運 每 常 
X13n0285_004:0291a18	遷於國土相織妄成是第四重名眾生濁。	遷 於 國 土 相 織 妄 成 是 第 四 重 名 眾 生 濁 
X13n0285_004:0291a19	此直指九界行陰為眾生濁也朝夕生滅不停者	此 直 指 九 界 行 陰 為 眾 生 濁 也 朝 夕 生 滅 不 停 者 
X13n0285_004:0291a20	同居分段生死相方便實報變易生死相無不爾	同 居 分段生死 相 方 便 實 報 變易生死 相 無 不 爾 
X13n0285_004:0291a21	也知見每欲留於世間者凡夫貪戀三界二乘沉	也 知 見 每 欲 留 於 世 間 者 凡 夫 貪 戀 三 界 二 乘 沉 
X13n0285_004:0291a22	滯空寂菩薩樂著果報也業運每常遷於國土者	滯 空 寂 菩 薩 樂 著 果 報 也 業 運 每 常 遷 於 國 土 者 
X13n0285_004:0291a23	凡夫被善惡業遷二乘被無漏業遷菩薩被二邊	凡 夫 被 善 惡 業 遷 二 乘 被 無 漏 業 遷 菩 薩 被 二 邊 
X13n0285_004:0291a24	業遷也此以知見喻水業運喻土相織妄成九界	業 遷 也 此 以 知 見 喻 水 業 運 喻 土 相 織 妄 成 九 界 
X13n0285_004:0291b01	二死名眾生濁此稱第四重者比前為幽隱故。	二 死 名 眾 生 濁 此 稱 第 四 重 者 比 前 為 幽 隱 故 
X13n0285_004:0291b02	五命濁。	五 命 濁 
X13n0285_004:0291b03	汝等見聞元無異性眾塵隔越無狀異生性中相知	汝 等 見 聞 元 無 異 性 眾 塵 隔 越 無 狀 異 生 性 中 相 知 
X13n0285_004:0291b04	用中相背同異失準相織妄成是第五重名為命濁。	用 中 相 背 同 異 失 準 相 織 妄 成 是 第 五 重 名 為 命 濁 
X13n0285_004:0291b05	此直指九界識陰為命濁也汝等見聞元無異性	此 直 指 九 界 識 陰 為 命 濁 也 汝 等 見 聞 元 無 異 性 
X13n0285_004:0291b06	者譬如空無內外亦如水本清潔也由於眾塵隔	者 譬 如 空 無 內 外 亦 如 水 本 清 潔 也 由 於 眾 塵 隔 
X13n0285_004:0291b07	越遂令無狀異生者譬如取頻伽瓶塞其兩孔遂	越 遂 令 無 狀 異 生 者 譬 如 取 頻 伽 瓶 塞 其 兩 孔 遂 
X13n0285_004:0291b08	令內外相隔亦如土塵投水亡其清潔也是故性	令 內 外 相 隔 亦 如 土 塵 投 水 亡 其 清 潔 也 是 故 性 
X13n0285_004:0291b09	中則仍相知如耳根聞法身欽口問不可謂六根	中 則 仍 相 知 如 耳 根 聞 法 身 欽 口 問 不 可 謂 六 根 
X13n0285_004:0291b10	是異而用中則咸相背如耳不見色目不聞聲不	是 異 而 用 中 則 咸 相 背 如 耳 不 見 色 目 不 聞 聲 不 
X13n0285_004:0291b11	可謂六根是同同異皆失其準亦秪由見聞之見	可 謂 六 根 是 同 同 異 皆 失 其 準 亦 秪 由 見 聞 之 見 
X13n0285_004:0291b12	分與眾塵之相分相織妄成九界識心遂有各各	分 與 眾 塵 之 相 分 相 織 妄 成 九 界 識 心 遂 有 各 各 
X13n0285_004:0291b13	執受軀命不同名為命濁此稱第五重者極微細	執 受 軀 命 不 同 名 為 命 濁 此 稱 第 五 重 者 極 微 細 
X13n0285_004:0291b14	故。二依無生滅性合虗空喻二初棄濁就清二	故 二 依 無 生 滅 性 合 虗 空 喻 二 初 棄 濁 就 清 二 
X13n0285_004:0291b15	以喻合法。今初。	以 喻 合 法 今 初 
X13n0285_004:0291b16	阿難汝今欲令見聞覺知遠契如來常樂我淨應當	阿 難 汝 今 欲 令 見聞覺知 遠 契 如 來 常樂我淨 應 當 
X13n0285_004:0291b17	先擇生死根本依不生滅圓湛性成以湛旋其虗妄	先 擇 生 死 根 本 依 不 生 滅 圓 湛 性 成 以 湛 旋 其 虗 妄 
X13n0285_004:0291b18	滅生復還元覺得元明覺無生滅性為因地心然後	滅 生 復 還 元 覺 得 元 明 覺 無 生 滅 性 為 因 地 心 然 後 
X13n0285_004:0291b19	圓成果地修證。	圓 成 果 地 修 證 
X13n0285_004:0291b20	十八界相無非濁水十八界性皆如來藏無非濁	十 八 界 相 無 非 濁 水 十 八 界 性 皆 如 來 藏 無 非 濁 
X13n0285_004:0291b21	水中清水之性今欲令阿難就耳門修證故獨指	水 中 清 水 之 性 今 欲 令 阿 難 就 耳 門 修 證 故 獨 指 
X13n0285_004:0291b22	見聞覺知之性為濁水中清水性也言汝欲令現	見聞覺知 之 性 為 濁 水 中 清 水 性 也 言 汝 欲 令 現 
X13n0285_004:0291b23	前日用之見聞覺知即遠契於如來果地之常樂	前 日 用 之 見聞覺知 即 遠 契 於 如 來 果 地 之 常 樂 
X13n0285_004:0291b24	我淨則於名字位中應當先擇去其五重相織之	我 淨 則 於 名 字 位 中 應 當 先 擇 去 其 五 重 相 織 之 
X13n0285_004:0291c01	生死根本依取本不生滅本圓本湛之性以成觀	生 死 根 本 依 取 本 不 生 滅 本 圓 本 湛 之 性 以 成 觀 
X13n0285_004:0291c02	行之功即以此本湛之性旋其虗妄滅生使麤惑	行 之 功 即 以 此 本 湛 之 性 旋 其 虗 妄 滅 生 使 麤 惑 
X13n0285_004:0291c03	任運先落而復還元覺得元明覺無生滅性以為	任 運 先 落 而 復 還 元 覺 得 元 明 覺 無 生 滅 性 以 為 
X13n0285_004:0291c04	圓初住位真因地心然後圓成果地修證極至妙	圓 初 住 位 真 因 地 心 然 後 圓 成 果 地 修 證 極 至 妙 
X13n0285_004:0291c05	覺是則名為因心果覺始終理同矣此中見聞覺	覺 是 則 名 為 因 心 果 覺 始 終 理 同 矣 此 中 見 聞 覺 
X13n0285_004:0291c06	知不生滅圓湛性合前虗空不可爛壞之喻五重	知 不 生 滅 圓 湛 性 合 前 虗 空 不 可 爛 壞 之 喻 五 重 
X13n0285_004:0291c07	相織生死根本徧指虗妄十八界相合前可作法	相 織 生 死 根 本 徧 指 虗 妄 十 八 界 相 合 前 可 作 法 
X13n0285_004:0291c08	之喻也。二以喻合法。	之 喻 也 二 以 喻 合 法 
X13n0285_004:0291c09	如澄濁水貯於靜器靜深不動沙土自沉清水現前	如 澄 濁 水 貯 於 靜 器 靜 深 不 動 沙 土 自 沉 清 水 現 前 
X13n0285_004:0291c10	名為初伏客塵煩惱去泥純水名為永斷根本無明	名 為 初 伏 客塵煩惱 去 泥 純 水 名 為 永 斷 根本無明 
X13n0285_004:0291c11	明相精純一切變現不為煩惱皆合涅槃清淨妙德。	明 相 精 純 一 切 變 現 不 為 煩 惱 皆 合 涅 槃 清 淨 妙 德 
X13n0285_004:0291c12	前既以投土於水而喻濁相故今還以澄濁得清	前 既 以 投 土 於 水 而 喻 濁 相 故 今 還 以 澄 濁 得 清 
X13n0285_004:0291c13	而喻修證之相靜器者即喻本不生滅圓湛之性	而 喻 修 證 之 相 靜 器 者 即 喻 本 不 生 滅 圓 湛 之 性 
X13n0285_004:0291c14	如澄濁水須貯靜器欲破五陰須觀陰入處界本	如 澄 濁 水 須 貯 靜 器 欲 破 五 陰 須 觀 陰 入 處 界 本 
X13n0285_004:0291c15	如來藏也靜深不動喻觀行力深也沙土自澄喻	如 來 藏 也 靜 深 不 動 喻 觀 行 力 深 也 沙 土 自 澄 喻 
X13n0285_004:0291c16	相見二分不復相織圓伏五住煩惱而麤垢任運	相 見 二 分 不 復 相 織 圓 伏 五 住 煩 惱 而 麤 垢 任 運 
X13n0285_004:0291c17	先落也清水現前喻真諦理明亦復相似見三諦	先 落 也 清 水 現 前 喻 真 諦 理 明 亦 復 相 似 見 三 諦 
X13n0285_004:0291c18	理也初伏客塵煩惱正明斷界內見思伏界外無	理 也 初 伏 客塵煩惱 正 明 斷 界 內 見 思 伏 界 外 無 
X13n0285_004:0291c19	明也去泥純水喻斷界外別惑從圓初住分斷乃	明 也 去 泥 純 水 喻 斷 界 外 別 惑 從 圓 初 住 分 斷 乃 
X13n0285_004:0291c20	至妙覺究竟斷盡故曰名為永斷根本無明也若	至 妙 覺 究 竟 斷 盡 故 曰 名 為 永 斷 根本無明 也 若 
X13n0285_004:0291c21	至明相精純則成佛界無上法性五陰雖復同流	至 明 相 精 純 則 成 佛 界 無 上 法 性 五 陰 雖 復 同 流 
X13n0285_004:0291c22	九界變現一切善惡無記有漏無漏諸五陰法而	九 界 變 現 一 切 善 惡 無 記 有漏無漏 諸 五 陰 法 而 
X13n0285_004:0291c23	皆是巧用性惡法門不被惡法所用故云不為煩	皆 是 巧 用 性 惡 法 門 不 被 惡 法 所 用 故 云 不 為 煩 
X13n0285_004:0291c24	惱了知性惡即是性善全用即體十界無非常樂	惱 了 知 性 惡 即 是 性 善 全 用 即 體 十 界 無 非 常 樂 
X13n0285_004:0292a01	我淨故云皆合涅槃清淨妙德也蓋佛法界具有	我 淨 故 云 皆 合 涅 槃 清 淨 妙 德 也 蓋 佛 法 界 具 有 
X13n0285_004:0292a02	權實法性五陰實五陰者即佛界真善妙色乃至	權 實 法 性 五 陰 實 五 陰 者 即 佛 界 真 善 妙 色 乃 至 
X13n0285_004:0292a03	菴摩羅識等權五陰者即示同九界色受想行識	菴摩羅識 等 權 五 陰 者 即 示 同 九 界 色 受 想 行 識 
X13n0285_004:0292a04	也若實若權皆清非濁實則名為明相精純權則	也 若 實 若 權 皆 清 非 濁 實 則 名 為 明 相 精 純 權 則 
X13n0285_004:0292a05	名為一切變現此則喻如了達性水真空性空真	名 為 一 切 變 現 此 則 喻 如 了 達 性 水 真 空 性 空 真 
X13n0285_004:0292a06	水從令騰波鼓浪乃至現濁現清別現作地火風	水 從 令 騰 波 鼓 浪 乃 至 現 濁 現 清 別 現 作 地 火 風 
X13n0285_004:0292a07	等而水性終無奪矣故此直以濁相可澄合上作	等 而 水 性 終 無 奪 矣 故 此 直 以 濁 相 可 澄 合 上 作 
X13n0285_004:0292a08	法可壞而以明相精純合上虗空不壞良由第三	法 可 壞 而 以 明 相 精 純 合 上 虗 空 不 壞 良 由 第 三 
X13n0285_004:0292a09	卷中已明空水皆性皆真故也又復應知吾人現	卷 中 已 明 空 水 皆 性 皆 真 故 也 又 復 應 知 吾 人 現 
X13n0285_004:0292a10	前見聞覺知全體是妄亦全體是真緣見因明妄	前 見聞覺知 全 體 是 妄 亦 全 體 是 真 緣 見 因 明 妄 
X13n0285_004:0292a11	也不動不遷不還不見等真也如泥與水和在一	也 不 動 不 遷 不 還 不 見 等 真 也 如 泥 與 水 和 在 一 
X13n0285_004:0292a12	處先須識此濁水之中有清水性然後方便去濁	處 先 須 識 此 濁 水 之 中 有 清 水 性 然 後 方 便 去 濁 
X13n0285_004:0292a13	就清固不得捨濁水而別覔清水尤不得認濁水	就 清 固 不 得 捨 濁 水 而 別 覔 清 水 尤 不 得 認 濁 水 
X13n0285_004:0292a14	而以為清水也。二應審詳煩惱根本二初總勸	而 以 為 清 水 也 二 應 審 詳 煩惱根本 二 初 總 勸 
X13n0285_004:0292a15	審詳二正示審詳。今初。	審 詳 二 正 示 審 詳 今 初 
X13n0285_004:0292a16	第二義者汝等必欲發菩提心於菩薩乘生大勇猛	第 二 義 者 汝 等 必 欲 發菩提心 於 菩 薩 乘 生 大 勇 猛 
X13n0285_004:0292a17	決定棄捐諸有為相應當審詳煩惱根本此無始來	決 定 棄 捐 諸 有 為 相 應 當 審 詳 煩惱根本 此 無 始 來 
X13n0285_004:0292a18	發業潤生誰作誰受阿難汝修菩提若不審詳煩惱	發 業 潤 生 誰 作 誰 受 阿 難 汝 修 菩 提 若 不 審 詳 煩 惱 
X13n0285_004:0292a19	根本則不能知虗妄根塵何處顛倒處尚不知云何	根 本 則 不 能 知 虗 妄 根 塵 何 處 顛 倒 處 尚 不 知 云 何 
X13n0285_004:0292a20	降伏取如來位。	降 伏 取 如 來 位 
X13n0285_004:0292a21	前第一義中所言五濁是明全真起妄必須棄妄	前 第 一 義 中 所 言 五 濁 是 明 全 真 起 妄 必 須 棄 妄 
X13n0285_004:0292a22	而復真今第二義中所言六根意明全妄含真必	而 復 真 今 第 二 義 中 所 言 六 根 意 明 全 妄 含 真 必 
X13n0285_004:0292a23	須悟真而融妄也發業無明即是業因潤生無明	須 悟 真 而 融 妄 也 發 業 無 明 即 是 業 因 潤 生 無 明 
X13n0285_004:0292a24	即是業緣此二通於界內界外總名煩惱誰作誰	即 是 業 緣 此 二 通 於 界 內 界 外 總 名 煩 惱 誰 作 誰 
X13n0285_004:0292b01	受正是審其根本意顯作亦六根受亦六根除却	受 正 是 審 其 根 本 意 顯 作 亦 六 根 受 亦 六 根 除 却 
X13n0285_004:0292b02	現前六根更無煩惱根本故須拔脫其黏也。二	現 前 六 根 更 無 煩惱根本 故 須 拔 脫 其 黏 也 二 
X13n0285_004:0292b03	正示審詳二初立喻二示法。今初。	正 示 審 詳 二 初 立 喻 二 示 法 今 初 
X13n0285_004:0292b04	阿難汝觀世間解結之人不見所結云何知解不聞	阿 難 汝 觀 世 間 解 結 之 人 不 見 所 結 云 何 知 解 不 聞 
X13n0285_004:0292b05	虗空被汝隳裂何以故空無形相無結解故。	虗 空 被 汝 隳 裂 何 以 故 空 無 形 相 無 結 解 故 
X13n0285_004:0292b06	此以結喻根塵識妄黏之相而以虗空喻根塵識	此 以 結 喻 根 塵 識 妄 黏 之 相 而 以 虗 空 喻 根 塵 識 
X13n0285_004:0292b07	本藏性也。二示法二初委示顛倒處所合所結	本 藏 性 也 二 示 法 二 初 委 示 顛 倒 處 所 合 所 結 
X13n0285_004:0292b08	喻二正勸詳擇降伏合知解喻。初中二初總示	喻 二 正 勸 詳 擇 降 伏 合 知 解 喻 初 中 二 初 總 示 
X13n0285_004:0292b09	結根二別示結相。今初。	結 根 二 別 示 結 相 今 初 
X13n0285_004:0292b10	則汝現前眼耳鼻舌及與身心六為賊媒自劫家寶	則 汝 現 前 眼 耳 鼻 舌 及 與 身 心 六 為 賊 媒 自 劫 家 寶 
X13n0285_004:0292b11	由此無始眾生世界生纏縛故於器世間不能超越。	由 此 無 始 眾 生 世 界 生 纏 縛 故 於 器 世 間 不 能 超 越 
X13n0285_004:0292b12	謂由汝現前六根為六塵外賊之媒反自劫其家	謂 由 汝 現 前 六 根 為 六 塵 外 賊 之 媒 反 自 劫 其 家 
X13n0285_004:0292b13	寶由此無始以來六凡眾生世界生纏縛故於同	寶 由 此 無 始 以 來 六 凡 眾 生 世 界 生 纏 縛 故 於 同 
X13n0285_004:0292b14	居世間不能超越乃至二乘眾生世界生纏縛故	居 世 間 不 能 超 越 乃 至 二 乘 眾 生 世 界 生 纏 縛 故 
X13n0285_004:0292b15	於方便世間不能超越菩薩眾生世界生纏縛故	於 方 便 世 間 不 能 超 越 菩 薩 眾 生 世 界 生 纏 縛 故 
X13n0285_004:0292b16	於果報世間不能超越也下文云何況此中生住	於 果 報 世 間 不 能 超 越 也 下 文 云 何 況 此 中 生 住 
X13n0285_004:0292b17	異滅分劑頭數此中者仍指六根之中生住異滅	異 滅 分 劑 頭 數 此 中 者 仍 指 六 根 之 中 生住異滅 
X13n0285_004:0292b18	分劑頭數者即指無明別惑故知六根結相通於	分 劑 頭 數 者 即 指 無 明 別 惑 故 知 六 根 結 相 通 於 
X13n0285_004:0292b19	九界直至妙覺方能解盡同於虗空不可隳裂耳	九 界 直 至 妙 覺 方 能 解 盡 同 於 虗 空 不 可 隳 裂 耳 
X13n0285_004:0292b20	問曰舊以六識為賊今何指為六塵答曰惟其六	問 曰 舊 以 六 識 為 賊 今 何 指 為 六 塵 答 曰 惟 其 六 
X13n0285_004:0292b21	塵為賊故云眼被色劫耳被聲劫等又名此六塵	塵 為 賊 故 云 眼 被 色 劫 耳 被 聲 劫 等 又 名 此 六 塵 
X13n0285_004:0292b22	以為六衰言其能為衰害也總而言之迷則六根	以 為 六 衰 言 其 能 為 衰 害 也 總 而 言 之 迷 則 六 根 
X13n0285_004:0292b23	為內賊六塵為外賊六識為內外賊以互相為媒	為 內 賊 六 塵 為 外 賊 六 識 為 內 外 賊 以 互 相 為 媒 
X13n0285_004:0292b24	故若不相黏則一一皆良民矣。二別示結相二	故 若 不 相 黏 則 一 一 皆 良 民 矣 二 別 示 結 相 二 
X13n0285_004:0292c01	初約眾生世界以明妄數二約世界妄數以歷六	初 約 眾 生 世 界 以 明 妄 數 二 約 世 界 妄 數 以 歷 六 
X13n0285_004:0292c02	根。今初。	根 今 初 
X13n0285_004:0292c03	阿難云何名為眾生世界世為遷流界為方位汝今	阿 難 云 何 名 為 眾 生 世 界 世 為 遷 流 界 為 方 位 汝 今 
X13n0285_004:0292c04	當知東西南北東南西南東北西北上下為界過去	當 知 東 西 南 北 東 南 西 南 東 北 西 北 上 下 為 界 過 去 
X13n0285_004:0292c05	未來現在為世方位有十流數有三一切眾生織妄	未來現在 為 世 方 位 有 十 流 數 有 三 一 切 眾 生 織 妄 
X13n0285_004:0292c06	相成身中貿遷世界相涉而此界性設雖十方定位	相 成 身 中 貿 遷 世 界 相 涉 而 此 界 性 設 雖 十 方 定 位 
X13n0285_004:0292c07	可明世間秪目東西南北上下無位中無定方四數	可 明 世 間 秪 目 東 西 南 北 上 下 無 位 中 無 定 方 四 數 
X13n0285_004:0292c08	必明與世相涉三四四三宛轉二十流變三疊一十	必 明 與 世 相 涉 三 四 四 三 宛 轉 二 十 流 變 三 疊 一 十 
X13n0285_004:0292c09	百千。	百 千 
X13n0285_004:0292c10	所言眾生世界者只此現在身中所有遷流即名	所 言 眾 生 世 界 者 只 此 現 在 身 中 所 有 遷 流 即 名 
X13n0285_004:0292c11	為世所有方位即名為界方位有十流數有三眾	為 世 所 有 方 位 即 名 為 界 方 位 有 十 流 數 有 三 眾 
X13n0285_004:0292c12	生無始以來織妄相成於一身中貿易遷流遂令	生 無 始 以 來 織 妄 相 成 於 一 身 中 貿 易 遷 流 遂 令 
X13n0285_004:0292c13	世界互相涉入以此定位之四方涉彼遷流之三	世 界 互 相 涉 入 以 此 定 位 之 四 方 涉 彼 遷 流 之 三 
X13n0285_004:0292c14	世三世各有四方總成十二四方各有三世亦成	世 三 世 各 有 四 方 總 成 十 二 四 方 各 有 三 世 亦 成 
X13n0285_004:0292c15	十二故名宛轉十二也一身而成十二即是流變	十 二 故 名 宛 轉 十 二 也 一 身 而 成 十 二 即 是 流 變 
X13n0285_004:0292c16	一疊而為十二十二之中必各具十即是流變二	一 疊 而 為 十 二 十 二 之 中 必 各 具 十 即 是 流 變 二 
X13n0285_004:0292c17	疊為百二十百二十中又各具十即是流變三疊	疊 為 百 二 十 百 二 十 中 又 各 具 十 即 是 流 變 三 疊 
X13n0285_004:0292c18	為千二百今言一十百千舉大數耳然流變三疊	為 千 二 百 今 言 一 十 百 千 舉 大 數 耳 然 流 變 三 疊 
X13n0285_004:0292c19	古無的解幽溪之釋似為近理今節錄之幽溪云	古 無 的 解 幽 溪 之 釋 似 為 近 理 今 節 錄 之 幽 溪 云 
X13n0285_004:0292c20	第一疊約四方各論三世三四共成十二第二疊	第 一 疊 約 四 方 各 論 三 世 三 四 共 成 十 二 第 二 疊 
X13n0285_004:0292c21	於東方三世變一為十者約剎那九世言之如根	於 東 方 三 世 變 一 為 十 者 約 剎 那 九 世 言 之 如 根 
X13n0285_004:0292c22	本中過去一世既變三世矣各各又成三世三三	本 中 過 去 一 世 既 變 三 世 矣 各 各 又 成 三 世 三 三 
X13n0285_004:0292c23	九世所謂過去過去過去現在過去未來現在過	九 世 所 謂 過 去 過 去 過去現在 過去未來現在 過 
X13n0285_004:0292c24	去現在平等現在未來未來過去未來現在未來	去 現 在 平 等 現在未來 未 來 過去未來現在 未 來 
X13n0285_004:0293a01	無盡加前根本中一世故成十世所謂十世古今	無 盡 加 前 根 本 中 一 世 故 成 十 世 所 謂 十 世 古 今 
X13n0285_004:0293a02	始終不離於當念也現在未來二世各具十世亦	始 終 不 離 於 當 念 也 現在未來 二 世 各 具 十 世 亦 
X13n0285_004:0293a03	然共三十世第三疊於東方三十世一一變十共	然 共 三 十 世 第 三 疊 於 東 方 三 十 世 一 一 變 十 共 
X13n0285_004:0293a04	成三百四方總千二百佛意蓋言眾生世界必有	成 三 百 四 方 總 千 二 百 佛 意 蓋 言 眾 生 世 界 必 有 
X13n0285_004:0293a05	方位遷流方方有世世世有方一念十方剎那九	方 位 遷 流 方 方 有 世 世 世 有 方 一 念 十 方 剎 那 九 
X13n0285_004:0293a06	世世位生滅法爾如斯此約一剎那頃功德之數	世 世 位 生 滅 法 爾 如 斯 此 約 一 剎 那 頃 功 德 之 數 
X13n0285_004:0293a07	如此若一時一日豈有涯哉謂之功德者功言力	如 此 若 一 時 一 日 豈 有 涯 哉 謂 之 功 德 者 功 言 力 
X13n0285_004:0293a08	德言用謂六根各有竪窮橫徧之力用也正顯界	德 言 用 謂 六 根 各 有 竪 窮 橫 徧 之 力 用 也 正 顯 界 
X13n0285_004:0293a09	雖貿變世雖遷流而有不變不遷者在即飛光驗	雖 貿 變 世 雖 遷 流 而 有 不 變 不 遷 者 在 即 飛 光 驗 
X13n0285_004:0293a10	其不動十科顯其周圓又下擊鐘驗常莫非其事	其 不 動 十 科 顯 其 周 圓 又 下 擊 鐘 驗 常 莫 非 其 事 
X13n0285_004:0293a11	此為選圓通本根極喫緊事也私謂更有一釋言	此 為 選 圓 通 本 根 極 喫 緊 事 也 私 謂 更 有 一 釋 言 
X13n0285_004:0293a12	流變三疊者一疊即三四四三成十二也二疊即	流 變 三 疊 者 一 疊 即 三 四 四 三 成 十 二 也 二 疊 即 
X13n0285_004:0293a13	方方世世中各具十界則十二成百二十也三疊	方 方 世 世 中 各 具 十 界 則 十 二 成 百 二 十 也 三 疊 
X13n0285_004:0293a14	即界界又各互具十界則百二十成千二百也故	即 界 界 又 各 互 具 十 界 則 百 二 十 成 千 二 百 也 故 
X13n0285_004:0293a15	下文意根中云默容十方三世一切世出世法。	下 文 意 根 中 云 默 容 十 方 三 世 一 切 世 出 世 法 
X13n0285_004:0293a16	二約世界妄數以歷六根二初明性本圓融二明	二 約 世 界 妄 數 以 歷 六 根 二 初 明 性 本 圓 融 二 明 
X13n0285_004:0293a17	用分優劣。今初。	用 分 優 劣 今 初 
X13n0285_004:0293a18	總括始終六根之中各各功德有千二百。	總 括 始 終 六 根 之 中 各 各 功 德 有 千 二 百 
X13n0285_004:0293a19	一疊為十二名數之始百二十疊為千二百名數	一 疊 為 十 二 名 數 之 始 百 二 十 疊 為 千 二 百 名 數 
X13n0285_004:0293a20	之終此雖是一身總數而六根亦復各得其全譬	之 終 此 雖 是 一 身 總 數 而 六 根 亦 復 各 得 其 全 譬 
X13n0285_004:0293a21	如六人同觀一月各得月之全體此在妄恒真之	如 六 人 同 觀 一 月 各 得 月 之 全 體 此 在 妄 恒 真 之 
X13n0285_004:0293a22	性法爾如斯者也。二明用分優劣但約此方眾	性 法 爾 如 斯 者 也 二 明 用 分 優 劣 但 約 此 方 眾 
X13n0285_004:0293a23	生沉迷顛倒用中相背故於本無優劣性中而妄	生 沉 迷 顛 倒 用 中 相 背 故 於 本 無 優 劣 性 中 而 妄 
X13n0285_004:0293a24	成優劣相也文分為二初總明二別示。今初。	成 優 劣 相 也 文 分 為 二 初 總 明 二 別 示 今 初 
X13n0285_004:0293b01	阿難汝復於中克定優劣。	阿 難 汝 復 於 中 克 定 優 劣 
X13n0285_004:0293b02	二別示六初明眼根相(至)六明意根相。今初。	二 別 示 六 初 明 眼 根 相 至 六 明 意 根 相 今 初 
X13n0285_004:0293b03	如眼觀見後暗前明前方全明後方全暗左右旁觀	如 眼 觀 見 後 暗 前 明 前 方 全 明 後 方 全 暗 左 右 旁 觀 
X13n0285_004:0293b04	三分之二統論所作功德不全三分言功一分無德	三 分 之 二 統 論 所 作 功 德 不 全 三 分 言 功 一 分 無 德 
X13n0285_004:0293b05	當知眼唯八百功德。	當 知 眼 唯 八 百 功 德 
X13n0285_004:0293b06	四方各二百四隅各一百共千二百前方全明指	四 方 各 二 百 四 隅 各 一 百 共 千 二 百 前 方 全 明 指 
X13n0285_004:0293b07	正方及二隅共四百也後方全暗亦指正方并二	正 方 及 二 隅 共 四 百 也 後 方 全 暗 亦 指 正 方 并 二 
X13n0285_004:0293b08	隅四百也左右旁觀句言左右正方各二百亦皆	隅 四 百 也 左 右 旁 觀 句 言 左 右 正 方 各 二 百 亦 皆 
X13n0285_004:0293b09	見也三分之二句總筭見八百而不見四百也三	見 也 三 分 之 二 句 總 筭 見 八 百 而 不 見 四 百 也 三 
X13n0285_004:0293b10	分言功者性本具也一分無德者用徧局也。二	分 言 功 者 性 本 具 也 一 分 無 德 者 用 徧 局 也 二 
X13n0285_004:0293b11	明耳根相。	明 耳 根 相 
X13n0285_004:0293b12	如耳周聽十方無遺動若邇遙靜無邊際當知耳根	如 耳 周 聽 十 方 無 遺 動 若 邇 遙 靜 無 邊 際 當 知 耳 根 
X13n0285_004:0293b13	圓滿一千二百功德。	圓 滿 一 千 二 百 功 德 
X13n0285_004:0293b14	言聞動之時似有邇遙此特循業發現之妄情聞	言 聞 動 之 時 似 有 邇 遙 此 特 循 業 發 現 之 妄 情 聞 
X13n0285_004:0293b15	靜之時元無邊際此乃在妄恒真之體性也。三	靜 之 時 元 無 邊 際 此 乃 在 妄 恒 真 之 體 性 也 三 
X13n0285_004:0293b16	明鼻根相。	明 鼻 根 相 
X13n0285_004:0293b17	如鼻齅聞通出入息有出有入而闕中交驗於鼻根	如 鼻 齅 聞 通 出 入 息 有 出 有 入 而 闕 中 交 驗 於 鼻 根 
X13n0285_004:0293b18	三分闕一當知鼻唯八百功德。	三 分 闕 一 當 知 鼻 唯 八 百 功 德 
X13n0285_004:0293b19	出則取香入則聞香兩停之際則無功能故云三	出 則 取 香 入 則 聞 香 兩 停 之 際 則 無 功 能 故 云 三 
X13n0285_004:0293b20	分闕一。四明舌根相。	分 闕 一 四 明 舌 根 相 
X13n0285_004:0293b21	如舌宣揚盡諸世間出世間智言有方分理無窮盡	如 舌 宣 揚 盡 諸 世間出世間 智 言 有 方 分 理 無 窮 盡 
X13n0285_004:0293b22	當知舌根圓滿一千二百功德。	當 知 舌 根 圓 滿 一 千 二 百 功 德 
X13n0285_004:0293b23	舌有二用一者知味二者言譚若約知味其功則	舌 有 二 用 一 者 知 味 二 者 言 譚 若 約 知 味 其 功 則 
X13n0285_004:0293b24	劣今約言譚其功則勝幽溪云但舉宣揚顯舌之	劣 今 約 言 譚 其 功 則 勝 幽 溪 云 但 舉 宣 揚 顯 舌 之 
X13n0285_004:0293c01	能非謂不宣揚時便不具德也言有方分者世出	能 非 謂 不 宣 揚 時 便 不 具 德 也 言 有 方 分 者 世 出 
X13n0285_004:0293c02	世法不同故理無窮盡者麤言細語皆第一義故。	世 法 不 同 故 理 無 窮 盡 者 麤 言 細 語 皆 第 一 義 故 
X13n0285_004:0293c03	五明身根相。	五 明 身 根 相 
X13n0285_004:0293c04	如身覺觸識於違順合時能覺離中不知離一合雙	如 身 覺 觸 識 於 違 順 合 時 能 覺 離 中 不 知 離 一 合 雙 
X13n0285_004:0293c05	驗於身根三分闕一當知身唯八百功德。	驗 於 身 根 三 分 闕 一 當 知 身 唯 八 百 功 德 
X13n0285_004:0293c06	離時一總不知故為一合時兼識違順故為雙也。	離 時 一 總 不 知 故 為 一 合 時 兼 識 違 順 故 為 雙 也 
X13n0285_004:0293c07	六明意根相。	六 明 意 根 相 
X13n0285_004:0293c08	如意默容十方三世一切世間出世間法唯聖與凡	如 意 默 容 十 方 三 世 一切世間 出世間法 唯 聖 與 凡 
X13n0285_004:0293c09	無不包容盡其涯際當知意根圓滿一千二百功德。	無 不 包 容 盡 其 涯 際 當 知 意 根 圓 滿 一 千 二 百 功 德 
X13n0285_004:0293c10	諸法所生唯心所現現前一念介爾之心本自豎	諸 法 所 生 唯 心 所 現 現 前 一 念 介 爾 之 心 本 自 豎 
X13n0285_004:0293c11	窮橫徧縱令昏迷倒惑其體無變故曰默容一切	窮 橫 徧 縱 令 昏 迷 倒 惑 其 體 無 變 故 曰 默 容 一 切 
X13n0285_004:0293c12	諸法。二正勸詳擇降伏合知解喻二初勸簡略	諸 法 二 正 勸 詳 擇 降 伏 合 知 解 喻 二 初 勸 簡 略 
X13n0285_004:0293c13	明二因疑廣示。今初。	明 二 因 疑 廣 示 今 初 
X13n0285_004:0293c14	阿難汝今欲逆生死欲流返窮流根至不生滅當驗	阿 難 汝 今 欲 逆 生 死 欲 流 返 窮 流 根 至 不 生 滅 當 驗 
X13n0285_004:0293c15	此等六受用根誰合誰離誰深誰淺誰為圓通誰不	此 等 六 受 用 根 誰 合 誰 離 誰 深 誰 淺 誰 為 圓 通 誰 不 
X13n0285_004:0293c16	圓滿若能於此悟圓通根逆彼無始織妄業流得循	圓 滿 若 能 於 此 悟 圓 通 根 逆 彼 無 始 織 妄 業 流 得 循 
X13n0285_004:0293c17	圓通與不圓根日劫相倍我今備顯六湛圓明本所	圓 通 與 不 圓 根 日 劫 相 倍 我 今 備 顯 六 湛 圓 明 本 所 
X13n0285_004:0293c18	功德數量如是隨汝詳擇其可入者吾當發明令汝	功 德 數 量 如 是 隨 汝 詳 擇 其 可 入 者 吾 當 發 明 令 汝 
X13n0285_004:0293c19	增進十方如來於十八界一一修行皆得圓滿無上	增 進 十 方 如 來 於 十 八 界 一 一 修 行 皆 得 圓 滿 無 上 
X13n0285_004:0293c20	菩提於其中間亦無優劣但汝下劣未能於中圓自	菩 提 於其中間 亦 無 優 劣 但 汝 下 劣 未 能 於 中 圓 自 
X13n0285_004:0293c21	在慧故我宣揚令汝但於一門深入入一無妄彼六	在 慧 故 我 宣 揚 令 汝 但 於 一 門 深 入 入 一 無 妄 彼 六 
X13n0285_004:0293c22	知根一時清淨。	知 根 一 時 清 淨 
X13n0285_004:0293c23	夫六根優劣不同可謂全體虗妄而仍各具竪窮	夫 六 根 優 劣 不 同 可 謂 全 體 虗 妄 而 仍 各 具 竪 窮 
X13n0285_004:0293c24	橫徧功德則又全妄含真故須從此返妄歸真而	橫 徧 功 德 則 又 全 妄 含 真 故 須 從 此 返 妄 歸 真 而 
X13n0285_004:0294a01	以真融妄也生死欲流者通指二種生死皆因於	以 真 融 妄 也 生 死 欲 流 者 通 指 二 種 生 死 皆 因 於 
X13n0285_004:0294a02	法有所取著總名欲流返窮流根等者追斷生滅	法 有 所 取 著 總 名 欲 流 返 窮 流 根 等 者 追 斷 生 滅 
X13n0285_004:0294a03	根元以契無生滅性也當騐此等虗妄六根誰合	根 元 以 契 無 生 滅 性 也 當 騐 此 等 虗 妄 六 根 誰 合 
X13n0285_004:0294a04	於性誰離於性誰合而深誰離而淺誰合且深而	於 性 誰 離 於 性 誰 合 而 深 誰 離 而 淺 誰 合 且 深 而 
X13n0285_004:0294a05	為圓通誰離且淺而不圓滿從此定境修觀則遲	為 圓 通 誰 離 且 淺 而 不 圓 滿 從 此 定 境 修 觀 則 遲 
X13n0285_004:0294a06	速永殊故須詳擇也無始織妄業流即下文所明	速 永 殊 故 須 詳 擇 也 無 始 織 妄 業 流 即 下 文 所 明 
X13n0285_004:0294a07	六根生起之相由其皆是織妄所成故一一根中	六 根 生 起 之 相 由 其 皆 是 織 妄 所 成 故 一 一 根 中 
X13n0285_004:0294a08	皆具五疊渾濁必須逆而澄之餘文可知。二因	皆 具 五 疊 渾 濁 必 須 逆 而 澄 之 餘 文 可 知 二 因 
X13n0285_004:0294a09	疑廣示二初疑請二廣示。今初。	疑 廣 示 二 初 疑 請 二 廣 示 今 初 
X13n0285_004:0294a10	阿難白佛言世尊云何逆流深入一門能令六根一	阿 難 白 佛 言 世 尊 云 何 逆 流 深 入 一 門 能 令 六 根 一 
X13n0285_004:0294a11	時清淨。	時 清 淨 
X13n0285_004:0294a12	意謂根既有六云何止須一門深入此躡近文而	意 謂 根 既 有 六 云 何 止 須 一 門 深 入 此 躡 近 文 而 
X13n0285_004:0294a13	起疑也。二廣示二初約研破總示二約行相別	起 疑 也 二 廣 示 二 初 約 研 破 總 示 二 約 行 相 別 
X13n0285_004:0294a14	示。初中三初就法研破二借喻顯理三以法合	示 初 中 三 初 就 法 研 破 二 借 喻 顯 理 三 以 法 合 
X13n0285_004:0294a15	喻。今初。	喻 今 初 
X13n0285_004:0294a16	佛告阿難汝今已得須陀洹果已滅三界眾生世間	佛 告 阿 難 汝 今 已 得 須陀洹果 已 滅 三 界 眾 生 世 間 
X13n0285_004:0294a17	見(道)所斷之惑然猶未知根中積生無始虗習彼習	見 道 所 斷 之 惑 然 猶 未 知 根 中 積 生 無 始 虗 習 彼 習 
X13n0285_004:0294a18	要因修(道之)所斷得何況此中生住異滅分齊頭數今	要 因 修 道 之 所 斷 得 何 況 此 中 生住異滅 分 齊 頭 數 今 
X13n0285_004:0294a19	汝且觀現前六根為一為六阿難若言一者耳何不	汝 且 觀 現 前 六 根 為 一 為 六 阿 難 若 言 一 者 耳 何 不 
X13n0285_004:0294a20	見目何不聞頭奚不履足奚無語若此六根決定成	見 目 何 不 聞 頭 奚 不 履 足 奚 無 語 若 此 六 根 決 定 成 
X13n0285_004:0294a21	六如我今會與汝宣揚微妙法門汝之六根誰來領	六 如 我 今 會 與 汝 宣 揚 微 妙 法 門 汝 之 六 根 誰 來 領 
X13n0285_004:0294a22	受阿難言我用耳聞佛言汝耳自聞何關身口口來	受 阿 難 言 我 用 耳 聞 佛 言 汝 耳 自 聞 何 關 身 口 口 來 
X13n0285_004:0294a23	問義身起欽承是故應知非一(則)終(是)六非六(則)終	問 義 身 起 欽 承 是 故 應 知 非 一 則 終 是 六 非 六 則 終 
X13n0285_004:0294a24	(是)一終不汝根元一元六阿難當知是根(其實)非一非	 是 一 終 不 汝 根 元 一 元 六 阿 難 當 知 是 根 其 實 非 一 非 
X13n0285_004:0294b01	六由無始來顛倒淪替故於圓湛(性中妄有)一六義生汝	六 由 無 始 來 顛 倒 淪 替 故 於 圓 湛 性 中 妄 有 一 六 義 生 汝 
X13n0285_004:0294b02	須陀洹雖得六銷猶未亡一。	須 陀 洹 雖 得 六 銷 猶 未 亡 一 
X13n0285_004:0294b03	須陀洹此云入流初果之名積生無始虗習指思	須 陀 洹 此 云 入 流 初 果 之 名 積 生 無 始 虗 習 指 思 
X13n0285_004:0294b04	惑此中者指六根之中生住異滅分齊頭數者指	惑 此 中 者 指 六 根 之 中 生住異滅 分 齊 頭 數 者 指 
X13n0285_004:0294b05	無明別惑得六銷者不入色聲香味觸法故未亡	無 明 別 惑 得 六 銷 者 不 入 色聲香味觸 法 故 未 亡 
X13n0285_004:0294b06	一者未知根結之元故由未亡一故仍於根結作	一 者 未 知 根 結 之 元 故 由 未 亡 一 故 仍 於 根 結 作 
X13n0285_004:0294b07	定六之見不信一門深入六根同淨之法也。二	定 六 之 見 不 信 一 門 深 入 六 根 同 淨 之 法 也 二 
X13n0285_004:0294b08	借喻顯理。	借 喻 顯 理 
X13n0285_004:0294b09	如太虗空參合羣器由器形異名之異空除器觀空	如 太 虗 空 參 合 羣 器 由 器 形 異 名 之 異 空 除 器 觀 空 
X13n0285_004:0294b10	說空為一彼太虗空云何為汝成同不同何況更名	說 空 為 一 彼 太 虗 空 云 何 為 汝 成 同 不 同 何 況 更 名 
X13n0285_004:0294b11	是一非一。	是 一 非 一 
X13n0285_004:0294b12	太虗空以喻真性羣器以喻六塵由器形異名之	太 虗 空 以 喻 真 性 羣 器 以 喻 六 塵 由 器 形 異 名 之 
X13n0285_004:0294b13	異空者以喻由彼虗妄六塵分圓湛性而為視聽	異 空 者 以 喻 由 彼 虗 妄 六 塵 分 圓 湛 性 而 為 視 聽 
X13n0285_004:0294b14	覺察之不同即上文所謂一六義生亦下文所謂	覺 察 之 不 同 即 上 文 所 謂 一 六 義 生 亦 下 文 所 謂 
X13n0285_004:0294b15	從真起妄六用偏局也除器觀空說空為一以喻	從 真 起 妄 六 用 偏 局 也 除 器 觀 空 說 空 為 一 以 喻 
X13n0285_004:0294b16	六銷未亡一也彼太虗空等者以喻上文非一非	六 銷 未 亡 一 也 彼 太 虗 空 等 者 以 喻 上 文 非 一 非 
X13n0285_004:0294b17	六亦喻下文六根互用無上知覺覺明圓妙也。	六 亦 喻 下 文 六 根 互 用 無 上 知 覺 覺 明 圓 妙 也 
X13n0285_004:0294b18	三以法合喻。	三 以 法 合 喻 
X13n0285_004:0294b19	則汝了知六受用根亦復如是。	則 汝 了 知 六 受 用 根 亦復如是 
X13n0285_004:0294b20	浮根四塵如器根中之性如器中空非六非一也。	浮 根 四 塵 如 器 根 中 之 性 如 器 中 空 非 六 非 一 也 
X13n0285_004:0294b21	二約行相別示二初明從真起妄六用偏局二	二 約 行 相 別 示 二 初 明 從 真 起 妄 六 用 偏 局 二 
X13n0285_004:0294b22	明返妄歸真六根互用。初中二初別示生起之	明 返 妄 歸 真 六 根 互 用 初 中 二 初 別 示 生 起 之 
X13n0285_004:0294b23	由二總結偏局之相。初中六初示眼根結相(至)	由 二 總 結 偏 局 之 相 初 中 六 初 示 眼 根 結 相 至 
X13n0285_004:0294b24	六示意根結相。今初。	六 示 意 根 結 相 今 初 
X13n0285_004:0294c01	由明暗等二種相形於妙圓中黏湛發見見精暎色	由 明 暗 等 二 種 相 形 於 妙 圓 中 黏 湛 發 見 見 精 暎 色 
X13n0285_004:0294c02	結色成根根元目為清淨四大因名眼體如蒲萄朵	結 色 成 根 根 元 目 為 清 淨 四 大 因 名 眼 體 如 蒲 萄 朵 
X13n0285_004:0294c03	浮根四塵流逸奔色。	浮 根 四 塵 流 逸 奔 色 
X13n0285_004:0294c04	此正顯示所結之相令人知所解也蓋自妄為明	此 正 顯 示 所 結 之 相 令 人 知 所 解 也 蓋 自 妄 為 明 
X13n0285_004:0294c05	覺因明立所法爾便有明暗二種相形由是於妙	覺 因 明 立 所 法 爾 便 有 明 暗 二 種 相 形 由 是 於 妙 
X13n0285_004:0294c06	圓性中黏彼明湛而發見精見精暎於明暗等色	圓 性 中 黏 彼 明 湛 而 發 見 精 見 精 暎 於 明 暗 等 色 
X13n0285_004:0294c07	結色成勝義根此惟天眼能見肉眼所不能見故	結 色 成 勝 義 根 此 惟 天 眼 能 見 肉 眼 所 不 能 見 故 
X13n0285_004:0294c08	名清淨四大因名眼體如蒲萄朵者指勝義根虗	名 清 淨 四 大 因 名 眼 體 如 蒲 萄 朵 者 指 勝 義 根 虗 
X13n0285_004:0294c09	妄相也既有勝義便有浮塵眼根以麤濁四大為	妄 相 也 既 有 勝 義 便 有 浮 塵 眼 根 以 麤 濁 四 大 為 
X13n0285_004:0294c10	體常流逸而奔色是謂迷真成妄故有眼根也此	體 常 流 逸 而 奔 色 是 謂 迷 真 成 妄 故 有 眼 根 也 此 
X13n0285_004:0294c11	中明暗即自心相分湛即自心見分黏字暎字正	中 明 暗 即 自 心 相 分 湛 即 自 心 見 分 黏 字 暎 字 正 
X13n0285_004:0294c12	與前文相織妄成織字義同所以舉根必具塵識	與 前 文 相 織 妄 成 織 字 義 同 所 以 舉 根 必 具 塵 識 
X13n0285_004:0294c13	舉塵必具根識舉識必具根塵而一一法中皆有	舉 塵 必 具 根 識 舉 識 必 具 根 塵 而 一 一 法 中 皆 有 
X13n0285_004:0294c14	五疊渾濁也。二示耳根結相。	五 疊 渾 濁 也 二 示 耳 根 結 相 
X13n0285_004:0294c15	由動靜等二種相擊於妙圓中黏湛發聽聽精暎聲	由 動 靜 等 二 種 相 擊 於 妙 圓 中 黏 湛 發 聽 聽 精 暎 聲 
X13n0285_004:0294c16	卷聲成根根元目為清淨四大因名耳體如新卷葉	卷 聲 成 根 根 元 目 為 清 淨 四 大 因 名 耳 體 如 新 卷 葉 
X13n0285_004:0294c17	浮根四塵流逸奔聲。	浮 根 四 塵 流 逸 奔 聲 
X13n0285_004:0294c18	妄為明覺即是無明初動之相乃至相待生搖堅	妄 為 明 覺 即 是 無 明 初 動 之 相 乃 至 相 待 生 搖 堅 
X13n0285_004:0294c19	明立礙名為動靜二種相擊亦即自心之相分也	明 立 礙 名 為 動 靜 二 種 相 擊 亦 即 自 心 之 相 分 也 
X13n0285_004:0294c20	餘例前釋可知。三示鼻根結相。	餘 例 前 釋 可 知 三 示 鼻 根 結 相 
X13n0285_004:0294c21	由通塞等二種相發於妙圓中黏湛發齅齅精暎香	由 通 塞 等 二 種 相 發 於 妙 圓 中 黏 湛 發 齅 齅 精 暎 香 
X13n0285_004:0294c22	納香成根根元目為清淨四大因名鼻體如雙垂爪	納 香 成 根 根 元 目 為 清 淨 四 大 因 名 鼻 體 如 雙 垂 爪 
X13n0285_004:0294c23	浮根四塵流逸奔香。	浮 根 四 塵 流 逸 奔 香 
X13n0285_004:0294c24	晦昧為空便有通相結暗為色便有塞相故名二	晦 昧 為 空 便 有 通 相 結 暗 為 色 便 有 塞 相 故 名 二 
X13n0285_004:0295a01	種相發亦自心之相分也。四示舌根結相。	種 相 發 亦 自 心 之 相 分 也 四 示 舌 根 結 相 
X13n0285_004:0295a02	由恬變等二種相參於妙圓中黏湛發嘗嘗精暎味	由 恬 變 等 二 種 相 參 於 妙 圓 中 黏 湛 發 嘗 嘗 精 暎 味 
X13n0285_004:0295a03	絞味成根根元目為清淨四大因名舌體如初偃月	絞 味 成 根 根 元 目 為 清 淨 四 大 因 名 舌 體 如 初 偃 月 
X13n0285_004:0295a04	浮根四塵流逸奔味。	浮 根 四 塵 流 逸 奔 味 
X13n0285_004:0295a05	熾然成異便有變相因異立同便有恬相恬者淡	熾 然 成 異 便 有 變 相 因 異 立 同 便 有 恬 相 恬 者 淡 
X13n0285_004:0295a06	也非甘也此二種相參亦是自心相分。五示身	也 非 甘 也 此 二 種 相 參 亦 是 自 心 相 分 五 示 身 
X13n0285_004:0295a07	根結相。	根 結 相 
X13n0285_004:0295a08	由離合等二種相摩於妙圓中黏湛發覺覺精暎觸	由 離 合 等 二 種 相 摩 於 妙 圓 中 黏 湛 發 覺 覺 精 暎 觸 
X13n0285_004:0295a09	摶觸成根根元目為清淨四大因名身體如腰鼓顙	摶 觸 成 根 根 元 目 為 清 淨 四 大 因 名 身 體 如 腰 鼓 顙 
X13n0285_004:0295a10	浮根四塵流逸奔觸。	浮 根 四 塵 流 逸 奔 觸 
X13n0285_004:0295a11	既有能所便有合離此二相摩亦是自心相分。	既 有 能 所 便 有 合 離 此 二 相 摩 亦 是 自 心 相 分 
X13n0285_004:0295a12	六示意根結相。	六 示 意 根 結 相 
X13n0285_004:0295a13	由生滅等二種相續於妙圓中黏湛發知知精暎法	由 生 滅 等 二 種 相 續 於 妙 圓 中 黏 湛 發 知 知 精 暎 法 
X13n0285_004:0295a14	攬法成根根元目為清淨四大因名意思如幽室見	攬 法 成 根 根 元 目 為 清 淨 四 大 因 名 意 思 如 幽 室 見 
X13n0285_004:0295a15	浮根四塵流逸奔法。	浮 根 四 塵 流 逸 奔 法 
X13n0285_004:0295a16	無明初動既非生妄見有生諸法變遷亦非滅妄	無 明 初 動 既 非 生 妄 見 有 生 諸 法 變 遷 亦 非 滅 妄 
X13n0285_004:0295a17	稱為滅此二相續亦是自心相分如幽室見者眾	稱 為 滅 此 二 相 續 亦 是 自 心 相 分 如 幽 室 見 者 眾 
X13n0285_004:0295a18	生所計六塵緣影為自心相也浮根四塵約肉團	生 所 計 六 塵 緣 影 為 自 心 相 也 浮 根 四 塵 約 肉 團 
X13n0285_004:0295a19	心而言。二總結偏局之相。	心 而 言 二 總 結 偏 局 之 相 
X13n0285_004:0295a20	阿難如是六根由彼覺明有明明覺失彼精了黏妄	阿 難 如 是 六 根 由 彼 覺 明 有 明 明 覺 失 彼 精 了 黏 妄 
X13n0285_004:0295a21	發光是以汝今離暗離明無有見體離動離靜元無	發 光 是 以 汝 今 離 暗 離 明 無 有 見 體 離 動 離 靜 元 無 
X13n0285_004:0295a22	聽質無通無塞齅性不生非變非恬嘗無所出不離	聽 質 無 通 無 塞 齅 性 不 生 非 變 非 恬 嘗 無 所 出 不 離 
X13n0285_004:0295a23	不合覺觸本無無滅無生了知安寄。	不 合 覺 觸 本 無 無 滅 無 生 了 知 安 寄 
X13n0285_004:0295a24	言六根虗妄結相別無他因秪由覺明真性有妄	言 六 根 虗 妄 結 相 別 無 他 因 秪 由 覺 明 真 性 有 妄 
X13n0285_004:0295b01	明之明覺遂失彼精了之體黏彼妄塵以發妄光	明 之 明 覺 遂 失 彼 精 了 之 體 黏 彼 妄 塵 以 發 妄 光 
X13n0285_004:0295b02	假名為視為聽為覺為察也前云黏湛約所黏能	假 名 為 視 為 聽 為 覺 為 察 也 前 云 黏 湛 約 所 黏 能 
X13n0285_004:0295b03	今云黏妄約能黏所能所雖殊虗妄則一是以汝	今 云 黏 妄 約 能 黏 所 能 所 雖 殊 虗 妄 則 一 是 以 汝 
X13n0285_004:0295b04	今等者意顯因於迷妄故成偏局與前文聽不出	今 等 者 意 顯 因 於 迷 妄 故 成 偏 局 與 前 文 聽 不 出 
X13n0285_004:0295b05	聲見不超色義同非謂六根一總無性也。二明	聲 見 不 超 色 義 同 非 謂 六 根 一 總 無 性 也 二 明 
X13n0285_004:0295b06	返妄歸真六根互用二初明返妄圓拔二明歸真	返 妄 歸 真 六 根 互 用 二 初 明 返 妄 圓 拔 二 明 歸 真 
X13n0285_004:0295b07	互用返妄如除器互用如太空也。今初。	互 用 返 妄 如 除 器 互 用 如 太 空 也 今 初 
X13n0285_004:0295b08	汝但不循動靜合離恬變通塞生滅明暗如是十二	汝 但 不 循 動 靜 合 離 恬 變 通 塞 生 滅 明 暗 如 是 十 二 
X13n0285_004:0295b09	諸有為相隨拔一根脫黏內伏伏歸元真發本明曜	諸 有 為 相 隨 拔 一 根 脫 黏 內 伏 伏 歸 元 真 發 本 明 曜 
X13n0285_004:0295b10	(但得)曜性發明(則)諸餘五黏(皆)應拔(而)圓脫。	 但 得 曜 性 發 明 則 諸 餘 五 黏 皆 應 拔 而 圓 脫 
X13n0285_004:0295b11	不循二字即是下手親切工夫猶上文不隨分別	不 循 二 字 即 是 下 手 親 切 工 夫 猶 上 文 不 隨 分 別 
X13n0285_004:0295b12	之不隨二字二卷中遠離諸和合緣及不和合之	之 不 隨 二 字 二 卷 中 遠 離 諸 和 合 緣 及 不 和 合 之 
X13n0285_004:0295b13	遠離二字亦猶下文棄生滅之棄字知見無見之	遠 離 二 字 亦 猶 下 文 棄 生 滅 之 棄 字 知 見 無 見 之 
X13n0285_004:0295b14	無字不取無非幻之不取二字乃至旋流獲無妄	無 字 不 取 無 非 幻 之 不 取 二 字 乃 至 旋 流 獲 無 妄 
X13n0285_004:0295b15	之旋字也一脫一切脫未有耳既不黏動靜而餘	之 旋 字 也 一 脫 一 切 脫 未 有 耳 既 不 黏 動 靜 而 餘 
X13n0285_004:0295b16	根尚黏合離等者故名圓脫但初拔時須向一根	根 尚 黏 合 離 等 者 故 名 圓 脫 但 初 拔 時 須 向 一 根 
X13n0285_004:0295b17	下手耳。二明歸真互用二初證互用之相二明	下 手 耳 二 明 歸 真 互 用 二 初 證 互 用 之 相 二 明 
X13n0285_004:0295b18	互用所以。今初。	互 用 所 以 今 初 
X13n0285_004:0295b19	不由前塵所起知見(則本)明不循(六)根(不過)寄(六)根(而)明	不 由 前 塵 所 起 知 見 則 本 明 不 循 六 根 不 過 寄 六 根 而 明 
X13n0285_004:0295b20	發由是六根(遂能)互相為用阿難汝豈不知今此會中	發 由 是 六 根 遂 能 互 相 為 用 阿 難 汝 豈 不 知 今 此 會 中 
X13n0285_004:0295b21	阿那律陀無目而見跋難陀龍無耳而聽殑伽神女	阿 那 律 陀 無 目 而 見 跋 難 陀 龍 無 耳 而 聽 殑 伽 神 女 
X13n0285_004:0295b22	非鼻聞香驕梵鉢提異舌知味舜若多神無身覺觸	非 鼻 聞 香 驕 梵 鉢 提 異 舌 知 味 舜 若 多 神 無 身 覺 觸 
X13n0285_004:0295b23	如來光中暎令暫現既為風質其體元無諸滅盡定	如 來 光 中 暎 令 暫 現 既 為 風 質 其 體 元 無 諸 滅 盡 定 
X13n0285_004:0295b24	得寂聲聞如此會中摩訶迦葉久滅意根圓明了知	得 寂 聲 聞 如 此 會 中 摩 訶 迦 葉 久 滅 意 根 圓 明 了 知 
X13n0285_004:0295c01	不因心念。	不 因 心 念 
X13n0285_004:0295c02	跋難陀此云賢喜殑伽河名驕梵鉢提此云牛呞	跋 難 陀 此 云 賢 喜 殑 伽 河 名 驕 梵 鉢 提 此 云 牛 呞 
X13n0285_004:0295c03	異舌者不與尋常舌根同也久滅意根者斷盡俱	異 舌 者 不 與 尋 常 舌 根 同 也 久 滅 意 根 者 斷 盡 俱 
X13n0285_004:0295c04	生我執無復如幽室見之相可得也歷引諸證雖	生 我 執 無 復 如 幽 室 見 之 相 可 得 也 歷 引 諸 證 雖 
X13n0285_004:0295c05	或是業果或由得道其為明不循根則一而已。	或 是 業 果 或 由 得 道 其 為 明 不 循 根 則 一 而 已 
X13n0285_004:0295c06	二示互用所以又三初示妄體本真二指現量為	二 示 互 用 所 以 又 三 初 示 妄 體 本 真 二 指 現 量 為 
X13n0285_004:0295c07	證三示以修顯性。今初。	證 三 示 以 修 顯 性 今 初 
X13n0285_004:0295c08	阿難今汝諸根若圓拔已內瑩發光如是浮塵及器	阿 難 今 汝 諸 根 若 圓 拔 已 內 瑩 發 光 如 是 浮 塵 及 器 
X13n0285_004:0295c09	世間諸變化相如湯消氷應念化成無上知覺。	世 間 諸 變 化 相 如 湯 消 氷 應 念 化 成 無 上 知 覺 
X13n0285_004:0295c10	浮塵諸變化相本即無上知覺所謂此見及緣元	浮 塵 諸 變 化 相 本 即 無 上 知 覺 所 謂 此 見 及 緣 元 
X13n0285_004:0295c11	是菩提妙淨明體也隨無明染緣如水成冰用智	是 菩 提 妙 淨 明 體 也 隨 無 明 染 緣 如 水 成 冰 用 智 
X13n0285_004:0295c12	慧淨緣是冰化水而云湯消冰者湯之與氷同一	慧 淨 緣 是 冰 化 水 而 云 湯 消 冰 者 湯 之 與 氷 同 一 
X13n0285_004:0295c13	水性但智慧火能融無明堅執喻之以湯此約修	水 性 但 智 慧 火 能 融 無 明 堅 執 喻 之 以 湯 此 約 修 
X13n0285_004:0295c14	德顯示翻迷歸悟故名曰化若約性德無減無增	德 顯 示 翻 迷 歸 悟 故 名 曰 化 若 約 性 德 無 減 無 增 
X13n0285_004:0295c15	更非二物則曰煩惱即菩提生死即涅槃矣。二	更 非 二 物 則 曰 煩 惱 即 菩 提 生 死 即 涅 槃 矣 二 
X13n0285_004:0295c16	指現量為證。	指 現 量 為 證 
X13n0285_004:0295c17	阿難如彼世人聚見於眼若令急合暗相現前六根	阿 難 如 彼 世 人 聚 見 於 眼 若 令 急 合 暗 相 現 前 六 根 
X13n0285_004:0295c18	黯然頭足相類彼人以手循體外繞彼雖不見頭足	黯 然 頭 足 相 類 彼 人 以 手 循 體 外 繞 彼 雖 不 見 頭 足 
X13n0285_004:0295c19	一辨知覺是同。	一 辨 知 覺 是 同 
X13n0285_004:0295c20	上雖拈示六根互用若事若理皆已彰明猶恐執	上 雖 拈 示 六 根 互 用 若 事 若 理 皆 已 彰 明 猶 恐 執 
X13n0285_004:0295c21	迷之人謂是由修所成不關性具故更舉世人現	迷 之 人 謂 是 由 修 所 成 不 關 性 具 故 更 舉 世 人 現 
X13n0285_004:0295c22	量為證也世人所有妄見僅僅聚在眼根設令急	量 為 證 也 世 人 所 有 妄 見 僅 僅 聚 在 眼 根 設 令 急 
X13n0285_004:0295c23	合暗相現前則他人雖在其前六根黯然頭足相	合 暗 相 現 前 則 他 人 雖 在 其 前 六 根 黯 然 頭 足 相 
X13n0285_004:0295c24	類然使彼合眼人以手循他人體外繞一匝則眼	類 然 使 彼 合 眼 人 以 手 循 他 人 體 外 繞 一 匝 則 眼 
X13n0285_004:0296a01	雖不見而頭足一辨知覺是同豈非明不循根之	雖 不 見 而 頭 足 一 辨 知 覺 是 同 豈 非 明 不 循 根 之 
X13n0285_004:0296a02	一證乎古人有以夜中摸著枕子為大悲千手眼	一 證 乎 古 人 有 以 夜 中 摸 著 枕 子 為 大 悲 千 手 眼 
X13n0285_004:0296a03	者亦是此意。三示以修顯性。	者 亦 是 此 意 三 示 以 修 顯 性 
X13n0285_004:0296a04	緣見因明暗成無見不明自發則諸暗相永不能昏	緣 見 因 明 暗 成 無 見 不 明 自 發 則 諸 暗 相 永 不 能 昏 
X13n0285_004:0296a05	根塵既銷云何覺明不成圓妙。	根 塵 既 銷 云 何 覺 明 不 成 圓 妙 
X13n0285_004:0296a06	承上指示眾生知覺之性本不藉於眼根但彼一	承 上 指 示 眾 生 知 覺 之 性 本 不 藉 於 眼 根 但 彼 一 
X13n0285_004:0296a07	向緣塵之見因於明相故暗時便成無見若能稱	向 緣 塵 之 見 因 於 明 相 故 暗 時 便 成 無 見 若 能 稱 
X13n0285_004:0296a08	性起修發本明曜使曜性不藉明緣而能自發則	性 起 修 發 本 明 曜 使 曜 性 不 藉 明 緣 而 能 自 發 則 
X13n0285_004:0296a09	諸暗相永不能昏由是根塵之妄既銷云何覺明	諸 暗 相 永 不 能 昏 由 是 根 塵 之 妄 既 銷 云 何 覺 明 
X13n0285_004:0296a10	本性不成圓妙極果乎正明二義竟。二決通疑	本 性 不 成 圓 妙 極 果 乎 正 明 二 義 竟 二 決 通 疑 
X13n0285_004:0296a11	滯二初明因果俱常決通初義二明結解無二決	滯 二 初 明 因 果 俱 常 決 通 初 義 二 明 結 解 無 二 決 
X13n0285_004:0296a12	通次義。初中二初疑問二示答。今初。	通 次 義 初 中 二 初 疑 問 二 示 答 今 初 
X13n0285_004:0296a13	阿難白佛言世尊如佛說言因地覺心欲求常住要	阿 難 白 佛 言 世 尊 如 佛 說 言 因 地 覺 心 欲 求 常 住 要 
X13n0285_004:0296a14	與果位名目相應世尊如果位中菩提涅槃真如佛	與 果 位 名 目 相 應 世 尊 如 果 位 中 菩 提 涅 槃 真 如 佛 
X13n0285_004:0296a15	性菴摩羅識空如來藏大圓鏡智是七種名稱謂雖	性 菴摩羅識 空 如 來 藏 大圓鏡智 是 七 種 名 稱 謂 雖 
X13n0285_004:0296a16	別清淨圓滿體性堅凝如金剛王常住不壞若此見	別 清 淨 圓 滿 體 性 堅 凝 如 金 剛 王 常 住 不 壞 若 此 見 
X13n0285_004:0296a17	聽離於明暗動靜通塞畢竟無體猶如念心離於前	聽 離 於 明 暗 動 靜 通 塞 畢 竟 無 體 猶 如 念 心 離 於 前 
X13n0285_004:0296a18	塵本無所有云何將此畢竟斷滅以為修因欲獲如	塵 本 無 所 有 云 何 將 此 畢 竟 斷 滅 以 為 修 因 欲 獲 如 
X13n0285_004:0296a19	來七常住果世尊若離明暗見畢竟空如無前塵念	來 七 常 住 果 世 尊 若 離 明 暗 見 畢 竟 空 如 無 前 塵 念 
X13n0285_004:0296a20	自性滅進退循環微細推求本無我心及我心所將	自 性 滅 進 退 循 環 微 細 推 求 本 無 我 心 及 我 心 所 將 
X13n0285_004:0296a21	誰立因求無上覺如來先說湛精圓常違越誠言終	誰 立 因 求 無 上 覺 如 來 先 說 湛 精 圓 常 違 越 誠 言 終 
X13n0285_004:0296a22	成戲論云何如來真實語者惟垂大慈開我蒙恡。	成 戲 論 云 何 如 來 真 實 語 者 惟 垂 大 慈 開 我 蒙 恡 
X13n0285_004:0296a23	智德無二障名為菩提斷德無二死名為涅槃不	智 德 無 二 障 名 為 菩 提 斷 德 無 二 死 名 為 涅 槃 不 
X13n0285_004:0296a24	妄名真不異名如不壞不變名為佛性分別一切	妄 名 真 不 異 名 如 不 壞 不 變 名 為 佛 性 分 別 一 切 
X13n0285_004:0296b01	而無染著名菴摩羅識惟一真心更非他物名空	而 無 染 著 名 菴摩羅識 惟 一 真 心 更 非 他 物 名 空 
X13n0285_004:0296b02	如來藏洞照萬法而無分別名大圓鏡智若此見	如 來 藏 洞 照 萬 法 而 無 分 別 名 大圓鏡智 若 此 見 
X13n0285_004:0296b03	聽下因前所示迷妄偏局之相而翻疑真性為斷	聽 下 因 前 所 示 迷 妄 偏 局 之 相 而 翻 疑 真 性 為 斷 
X13n0285_004:0296b04	滅也言此見聽等六根離明暗等六塵畢竟無體	滅 也 言 此 見 聽 等 六 根 離 明 暗 等 六 塵 畢 竟 無 體 
X13n0285_004:0296b05	猶如初卷中所徵念心離於前塵本無所有云何	猶 如 初 卷 中 所 徵 念 心 離 於 前 塵 本 無 所 有 云 何 
X13n0285_004:0296b06	將此畢竟斷滅為因而求不生不滅果耶蒙恡者	將 此 畢 竟 斷 滅 為 因 而 求 不生不滅 果 耶 蒙 恡 者 
X13n0285_004:0296b07	由蒙昧故執著也餘文可知。二示答三初斥迷	由 蒙 昧 故 執 著 也 餘 文 可 知 二 示 答 三 初 斥 迷 
X13n0285_004:0296b08	許說二指事除疑三會通結示。今初。	許 說 二 指 事 除 疑 三 會 通 結 示 今 初 
X13n0285_004:0296b09	佛告阿難汝學多聞未盡諸漏心中徒知顛倒所因	佛 告 阿 難 汝 學 多 聞 未 盡 諸 漏 心 中 徒 知 顛 倒 所 因 
X13n0285_004:0296b10	顛倒現前實未能識。	顛 倒 現 前 實 未 能 識 
X13n0285_004:0296b11	但知六根全體是妄不知全妄之中真性不滅也。	但 知 六 根 全 體 是 妄 不 知 全 妄 之 中 真 性 不 滅 也 
X13n0285_004:0296b12	二指事除疑又二初詰根塵顯迷倒二就聞性	二 指 事 除 疑 又 二 初 詰 根 塵 顯 迷 倒 二 就 聞 性 
X13n0285_004:0296b13	示因常。今初。	示 因 常 今 初 
X13n0285_004:0296b14	恐汝識心猶未信伏吾今試將塵俗諸事當除汝疑	恐 汝 識 心 猶 未 信 伏 吾 今 試 將 塵 俗 諸 事 當 除 汝 疑 
X13n0285_004:0296b15	即時如來敕羅睺羅擊鐘一聲問阿難言汝今聞不	即 時 如 來 敕 羅 睺 羅 擊 鐘 一 聲 問 阿 難 言 汝 今 聞 不 
X13n0285_004:0296b16	阿難大眾俱言我聞鐘歇無聲佛又聞言汝今聞不	阿 難 大 眾 俱 言 我 聞 鐘 歇 無 聲 佛 又 聞 言 汝 今 聞 不 
X13n0285_004:0296b17	阿難大眾俱言不聞時羅睺羅又擊一聲佛又問言	阿 難 大 眾 俱 言 不 聞 時 羅 睺 羅 又 擊 一 聲 佛 又 問 言 
X13n0285_004:0296b18	汝今聞不阿難大眾又言俱聞佛問阿難汝云何聞	汝 今 聞 不 阿 難 大 眾 又 言 俱 聞 佛 問 阿 難 汝 云 何 聞 
X13n0285_004:0296b19	云何不聞阿難大眾俱白佛言鐘聲若擊則我得聞	云 何 不 聞 阿 難 大 眾 俱 白 佛 言 鐘 聲 若 擊 則 我 得 聞 
X13n0285_004:0296b20	擊久聲銷音響雙絕則名無聞如來又敕羅睺擊鐘	擊 久 聲 銷 音 響 雙 絕 則 名 無 聞 如 來 又 敕 羅 睺 擊 鐘 
X13n0285_004:0296b21	問阿難言爾今聲不阿難大眾俱言有聲少選聲銷	問 阿 難 言 爾 今 聲 不 阿 難 大 眾 俱 言 有 聲 少 選 聲 銷 
X13n0285_004:0296b22	佛又問言爾今聲不阿難大眾答言無聲有頃羅睺	佛 又 問 言 爾 今 聲 不 阿 難 大 眾 答 言 無 聲 有 頃 羅 睺 
X13n0285_004:0296b23	更來撞鐘佛又問言爾今聲不阿難大眾俱言有聲	更 來 撞 鐘 佛 又 問 言 爾 今 聲 不 阿 難 大 眾 俱 言 有 聲 
X13n0285_004:0296b24	佛問阿難汝云何聲云何無聲阿難大眾俱白佛言	佛 問 阿 難 汝 云 何 聲 云 何 無 聲 阿 難 大 眾 俱 白 佛 言 
X13n0285_004:0296c01	鐘聲若擊則名有聲擊久聲銷音響雙絕則名無聲	鐘 聲 若 擊 則 名 有 聲 擊 久 聲 銷 音 響 雙 絕 則 名 無 聲 
X13n0285_004:0296c02	佛語阿難及諸大眾汝今云何自語矯亂大眾阿難	佛 語 阿 難 及 諸 大 眾 汝 今 云 何 自 語 矯 亂 大 眾 阿 難 
X13n0285_004:0296c03	俱時問佛我今云何名為矯亂佛言我問汝聞汝則	俱 時 問 佛 我 今 云 何 名 為 矯 亂 佛 言 我 問 汝 聞 汝 則 
X13n0285_004:0296c04	言聞又問汝聲汝則言聲惟聞與聲報答無定如是	言 聞 又 問 汝 聲 汝 則 言 聲 惟 聞 與 聲 報 答 無 定 如 是 
X13n0285_004:0296c05	云何不名矯亂。	云 何 不 名 矯 亂 
X13n0285_004:0296c06	初答無聞為非次答無聲為是文並可知。二就	初 答 無 聞 為 非 次 答 無 聲 為 是 文 並 可 知 二 就 
X13n0285_004:0296c07	聞性示因常。	聞 性 示 因 常 
X13n0285_004:0296c08	阿難聲銷無響(之時)汝(便妄)說無聞若實無聞(則)聞性自	阿 難 聲 銷 無 響 之 時 汝 便 妄 說 無 聞 若 實 無 聞 則 聞 性 自 
X13n0285_004:0296c09	滅同於枯木鐘聲更擊汝云何知(當知)知有知無自是	滅 同 於 枯 木 鐘 聲 更 擊 汝 云 何 知 當 知 知 有 知 無 自 是 
X13n0285_004:0296c10	聲塵(之)或有或無(耳)豈彼聞性為汝有無(哉設使)聞實	聲 塵 之 或 有 或 無 耳 豈 彼 聞 性 為 汝 有 無 哉 設 使 聞 實 
X13n0285_004:0296c11	云無(則)誰(為)知無者是故阿難聲(塵)於聞(性)中自有	云 無 則 誰 為 知 無 者 是 故 阿 難 聲 塵 於 聞 性 中 自 有 
X13n0285_004:0296c12	生滅非為汝聞(此)聲(之)生(聞此)聲(之)滅(而)令汝聞性(便)	生 滅 非 為 汝 聞 此 聲 之 生 聞 此 聲 之 滅 而 令 汝 聞 性 便 
X13n0285_004:0296c13	為有為無(也)汝尚顛倒惑聲為聞何怪昏迷以常為	為 有 為 無 也 汝 尚 顛 倒 惑 聲 為 聞 何 怪 昏 迷 以 常 為 
X13n0285_004:0296c14	斷終不應言離諸動靜閉塞開通說聞(畢竟)無性(且)如	斷 終 不 應 言 離 諸 動 靜 閉 塞 開 通 說 聞 畢 竟 無 性 且 如 
X13n0285_004:0296c15	(世間)重睡(之)人眠熟牀枕其家有人於彼睡時擣練舂	 世 間 重 睡 之 人 眠 熟 牀 枕 其 家 有 人 於 彼 睡 時 擣 練 舂 
X13n0285_004:0296c16	米其人夢中聞舂擣聲別作他物或為擊鼓或為撞	米 其 人 夢 中 聞 舂 擣 聲 別 作 他 物 或 為 擊 鼓 或 為 撞 
X13n0285_004:0296c17	鐘即於夢時自怪其鐘為木石響於時忽寤遄知杵	鐘 即 於 夢 時 自 怪 其 鐘 為 木 石 響 於 時 忽 寤 遄 知 杵 
X13n0285_004:0296c18	音自告家人我正夢時惑此舂音將為鼓響阿難是	音 自 告 家 人 我 正 夢 時 惑 此 舂 音 將 為 鼓 響 阿 難 是 
X13n0285_004:0296c19	人夢中豈憶(聲塵之)靜搖(耳根之)開閉通塞(但)其形雖寐	人 夢 中 豈 憶 聲 塵 之 靜 搖 耳 根 之 開 閉 通 塞 但 其 形 雖 寐 
X13n0285_004:0296c20	(而)聞性(決定)不昏(以此為證則知)縱汝形銷命光遷謝此性云	 而 聞 性 決 定 不 昏 以 此 為 證 則 知 縱 汝 形 銷 命 光 遷 謝 此 性 云 
X13n0285_004:0296c21	何為汝銷滅。	何 為 汝 銷 滅 
X13n0285_004:0296c22	此正就虗妄根塵中點出不生滅性以為真正修	此 正 就 虗 妄 根 塵 中 點 出 不 生 滅 性 以 為 真 正 修 
X13n0285_004:0296c23	因也正取能聞舂擣之性不取惑為鐘鼓之情以	因 也 正 取 能 聞 舂 擣 之 性 不 取 惑 為 鐘 鼓 之 情 以 
X13n0285_004:0296c24	惑為鐘鼓是獨頭意識顛倒相故。三會通結示	惑 為 鐘 鼓 是 獨 頭 意 識 顛 倒 相 故 三 會 通 結 示 
X13n0285_004:0297a01	又二初明迷故常即無常二明悟故無常即常。	又 二 初 明 迷 故 常 即 無 常 二 明 悟 故 無 常 即 常 
X13n0285_004:0297a02	今初。	今 初 
X13n0285_004:0297a03	以諸眾生從無始來循諸色聲逐念流轉曾不開悟	以 諸 眾 生 從無始來 循 諸 色 聲 逐 念 流 轉 曾 不 開 悟 
X13n0285_004:0297a04	性淨妙常不循所常逐諸生滅由是生生雜染流轉。	性 淨 妙 常 不 循 所 常 逐 諸 生 滅 由 是 生 生 雜 染 流 轉 
X13n0285_004:0297a05	二明悟故無常即常。	二 明 悟 故 無 常 即 常 
X13n0285_004:0297a06	若棄生滅守於真常常光現前根塵識心應時銷落	若 棄 生 滅 守 於 真 常 常 光 現 前 根 塵 識 心 應 時 銷 落 
X13n0285_004:0297a07	想相為塵識情為垢二俱遠離則汝法眼應時清明	想 相 為 塵 識 情 為 垢 二 俱 遠 離 則 汝 法 眼 應 時 清 明 
X13n0285_004:0297a08	云何不成無上知覺。	云 何 不 成 無 上 知 覺 
X13n0285_004:0297a09	棄生滅者棄其於真常中妄見生滅之情見也守	棄 生 滅 者 棄 其 於 真 常 中 妄 見 生 滅 之 情 見 也 守 
X13n0285_004:0297a10	真常者守其即生滅中本自真常之性體也想相	真 常 者 守 其 即 生 滅 中 本 自 真 常 之 性 體 也 想 相 
X13n0285_004:0297a11	為塵元無實塵識情為垢元無實垢今能了達則	為 塵 元 無 實 塵 識 情 為 垢 元 無 實 垢 今 能 了 達 則 
X13n0285_004:0297a12	當下遠離而法眼自清明矣。	當 下 遠 離 而 法 眼 自 清 明 矣 
X13n0285_005:0297b05	大佛頂如來密因修證了義諸菩薩萬行首楞嚴經	大 佛 頂 如 來 密 因 修 證 了 義 諸 菩 薩 萬 行 首 楞 嚴 經 
X13n0285_005:0297b06	卷第五文句	卷 第 五 文 句 
X13n0285_005:0297b07	唐天竺沙門般剌密諦　譯經	唐 天 竺 沙 門 般 剌 密 諦 譯 經 
X13n0285_005:0297b08	明菩薩沙彌古吳智旭　文句	明 菩 薩 沙 彌 古 吳 智 旭 文 句 
X13n0285_005:0297b09	明菩薩比丘溫陵道昉　參訂	明 菩 薩 比 丘 溫 陵 道 昉 參 訂 
X13n0285_005:0297b10	二明結解無二決通次義二初正明結解無二二	二 明 結 解 無 二 決 通 次 義 二 初 正 明 結 解 無 二 二 
X13n0285_005:0297b11	兼顯六解一亡。初中二初疑請二開示。今初。	兼 顯 六 解 一 亡 初 中 二 初 疑 請 二 開 示 今 初 
X13n0285_005:0297b12	阿難白佛言世尊如來雖說第二義門今觀世間解	阿 難 白 佛 言 世 尊 如 來 雖 說 第 二 義 門 今 觀 世 間 解 
X13n0285_005:0297b13	結之人若不知其所結之元我信是人終不能解世	結 之 人 若 不 知 其 所 結 之 元 我 信 是 人 終 不 能 解 世 
X13n0285_005:0297b14	尊我及會中有學聲聞亦復如是從無始際與諸無	尊 我 及 會 中 有 學 聲 聞 亦復如是 從 無 始 際 與 諸 無 
X13n0285_005:0297b15	明俱滅俱生雖得如是多聞善根名為出家猶隔日	明 俱 滅 俱 生 雖 得 如 是 多 聞 善 根 名 為 出 家 猶 隔 日 
X13n0285_005:0297b16	瘧惟願大慈哀愍沉溺今日身心云何是結從何名	瘧 惟 願 大 慈 哀 愍 沉 溺 今 日 身 心 云 何 是 結 從 何 名 
X13n0285_005:0297b17	解亦令未來苦難眾生得免輪迴不落三有作是語	解 亦 令 未 來 苦 難 眾 生 得 免 輪 迴 不 落 三 有 作 是 語 
X13n0285_005:0297b18	已普及大眾五體投地雨淚翹誠佇佛如來無上開	已 普 及 大 眾 五體投地 雨 淚 翹 誠 佇 佛 如 來 無 上 開 
X13n0285_005:0297b19	示。	示 
X13n0285_005:0297b20	上文所示六根生起之由不惟結相宛然亦且結	上 文 所 示 六 根 生 起 之 由 不 惟 結 相 宛 然 亦 且 結 
X13n0285_005:0297b21	元斯在但由阿難俱生惑覆不達六根即是結元	元 斯 在 但 由 阿 難 俱 生 惑 覆 不 達 六 根 即 是 結 元 
X13n0285_005:0297b22	故重致此請也猶隔日瘧者須陀洹人見惑已斷	故 重 致 此 請 也 猶 隔 日 瘧 者 須 陀 洹 人 見 惑 已 斷 
X13n0285_005:0297b23	思惑未除入無漏觀便如健人出觀之時習染仍	思 惑 未 除 入 無 漏 觀 便 如 健 人 出 觀 之 時 習 染 仍 
X13n0285_005:0297b24	在故也。二開示二初現瑞二正說。今初。	在 故 也 二 開 示 二 初 現 瑞 二 正 說 今 初 
X13n0285_005:0297c01	爾時世尊憐愍阿難及諸會中諸有學者亦為未來	爾 時 世 尊 憐 愍 阿 難 及 諸 會 中 諸 有 學 者 亦 為 未 來 
X13n0285_005:0297c02	一切眾生為出世因作將來眼以閻浮檀紫金光手	一 切 眾 生 為 出 世 因 作 將 來 眼 以 閻 浮 檀 紫 金 光 手 
X13n0285_005:0297c03	摩阿難頂即時十方普佛世界六種震動微塵如來	摩 阿 難 頂 即 時 十 方 普 佛 世 界 六種震動 微 塵 如 來 
X13n0285_005:0297c04	住世界者各有寶光從其頂出其光同時於彼世界	住 世 界 者 各 有 寶 光 從 其 頂 出 其 光 同 時 於 彼 世 界 
X13n0285_005:0297c05	來秪陀林灌如來頂是諸大眾得未曾有。	來 秪 陀 林 灌 如 來 頂 是 諸 大 眾 得未曾有 
X13n0285_005:0297c06	摩阿難頂者欲就阿難現在身中顯出無上大佛	摩 阿 難 頂 者 欲 就 阿 難 現 在 身 中 顯 出 無 上 大 佛 
X13n0285_005:0297c07	頂法也十方如來放頂光同灌佛頂者顯阿難所	頂 法 也 十 方 如 來 放 頂 光 同 灌 佛 頂 者 顯 阿 難 所 
X13n0285_005:0297c08	具大佛頂法即一切佛所證頂法更無差別也。	具 大 佛 頂 法 即 一 切 佛 所 證 頂 法 更 無 差 別 也 
X13n0285_005:0297c09	二正說二初諸佛同宜二釋迦親說。今初。	二 正 說 二 初 諸 佛 同 宜 二 釋 迦 親 說 今 初 
X13n0285_005:0297c10	於是阿難及諸大眾俱聞十方微塵如來異口同音	於 是 阿 難 及 諸 大 眾 俱 聞 十 方 微 塵 如 來 異口同音 
X13n0285_005:0297c11	告阿難言善哉阿難汝欲識知俱生無明使汝輪轉	告 阿 難 言 善 哉 阿 難 汝 欲 識 知 俱 生 無 明 使 汝 輪 轉 
X13n0285_005:0297c12	生死結根唯汝六根更無他物汝復欲知無上菩提	生 死 結 根 唯 汝 六 根 更 無 他 物 汝 復 欲 知 無上菩提 
X13n0285_005:0297c13	令汝速證安樂解脫寂靜妙常亦汝六根更非他物。	令 汝 速 證 安 樂 解 脫 寂 靜 妙 常 亦 汝 六 根 更 非 他 物 
X13n0285_005:0297c14	此由阿難別索結元故直指六根為生死結根更	此 由 阿 難 別 索 結 元 故 直 指 六 根 為 生 死 結 根 更 
X13n0285_005:0297c15	非他物也惟其即是生死結根所以即是菩提常	非 他 物 也 惟 其 即 是 生 死 結 根 所 以 即 是 菩 提 常 
X13n0285_005:0297c16	樂譬如全水成氷所以全氷是水又如全巾成結	樂 譬 如 全 水 成 氷 所 以 全 氷 是 水 又 如 全 巾 成 結 
X13n0285_005:0297c17	所以全結是巾耳又復應知此經阿難輩一類當	所 以 全 結 是 巾 耳 又 復 應 知 此 經 阿 難 輩 一 類 當 
X13n0285_005:0297c18	機積劫多聞不能即於聞中薦取翻咎多聞為失	機 積 劫 多 聞 不 能 即 於 聞 中 薦 取 翻 咎 多 聞 為 失 
X13n0285_005:0297c19	故選觀音耳根圓通以對治之觀音亦是從聞思	故 選 觀 音 耳 根 圓 通 以 對 治 之 觀 音 亦 是 從 聞 思 
X13n0285_005:0297c20	修入三摩地者何嘗廢聞只不循聲流轉耳既借	修 入 三 摩 地 者 何 嘗 廢 聞 只 不 循 聲 流 轉 耳 既 借 
X13n0285_005:0297c21	根性以顯圓通則以根為法界故曰惟汝六根更	根 性 以 顯 圓 通 則 以 根 為 法 界 故 曰 惟 汝 六 根 更 
X13n0285_005:0297c22	非他物若尋常言萬法惟識則又可云惟汝六識	非 他 物 若 尋 常 言 萬 法 惟 識 則 又 可 云 惟 汝 六 識 
X13n0285_005:0297c23	更非他物或惟汝八識更非他物謂隨八識流轉	更 非 他 物 或 惟 汝 八 識 更 非 他 物 謂 隨 八 識 流 轉 
X13n0285_005:0297c24	隨四智成道總無二體故也又約惟色惟香等義	隨 四 智 成 道 總 無 二 體 故 也 又 約 惟 色 惟 香 等 義 
X13n0285_005:0298a01	亦可云惟此六塵更非他物以貪愛則種種生惱	亦 可 云 惟 此 六 塵 更 非 他 物 以 貪 愛 則 種 種 生 惱 
X13n0285_005:0298a02	不著則本自太平故也又言根即攝塵識言識即	不 著 則 本 自 太 平 故 也 又 言 根 即 攝 塵 識 言 識 即 
X13n0285_005:0298a03	攝根塵言塵即攝根識以三法互為緣起不相離	攝 根 塵 言 塵 即 攝 根 識 以 三 法 互 為 緣 起 不 相 離 
X13n0285_005:0298a04	故以三皆同源三皆無性故故曰十方如來於十	故 以 三 皆 同 源 三 皆 無 性 故 故 曰 十 方 如 來 於 十 
X13n0285_005:0298a05	八界一一修行皆得圓滿無上菩提於其中間亦	八 界 一 一 修 行 皆 得 圓 滿 無上菩提 於其中間 亦 
X13n0285_005:0298a06	無優劣故天台於三科中簡去界入於五陰中簡	無 優 劣 故 天 台 於 三 科 中 簡 去 界 入 於 五 陰 中 簡 
X13n0285_005:0298a07	前四陰於識陰中復簡餘七但觀現前六識一念	前 四 陰 於 識 陰 中 復 簡 餘 七 但 觀 現 前 六 識 一 念 
X13n0285_005:0298a08	名為灸病得穴今經於三科中簡去塵識於六根	名 為 灸 病 得 穴 今 經 於 三 科 中 簡 去 塵 識 於 六 根 
X13n0285_005:0298a09	中簡去五根但以耳根為所觀境亦可云灸病得	中 簡 去 五 根 但 以 耳 根 為 所 觀 境 亦 可 云 灸 病 得 
X13n0285_005:0298a10	穴乃至陳那等六人各以一塵為所觀境即塵塵	穴 乃 至 陳 那 等 六 人 各 以 一 塵 為 所 觀 境 即 塵 塵 
X13n0285_005:0298a11	罔非真穴灸之皆可立愈然則十八界七大皆穴	罔 非 真 穴 灸 之 皆 可 立 愈 然 則 十 八 界 七 大 皆 穴 
X13n0285_005:0298a12	也審得何病應灸何穴得其穴則病愈不得其穴	也 審 得 何 病 應 灸 何 穴 得 其 穴 則 病 愈 不 得 其 穴 
X13n0285_005:0298a13	則病莫能愈不可謂此是穴彼非穴也故二十五	則 病 莫 能 愈 不 可 謂 此 是 穴 彼 非 穴 也 故 二 十 五 
X13n0285_005:0298a14	聖各說圓通之後世尊從其五體同放寶光遠灌	聖 各 說 圓 通 之 後 世 尊 從 其 五 體 同 放 寶 光 遠 灌 
X13n0285_005:0298a15	佛菩薩頂彼諸如來亦於五體同放寶光來灌佛	佛 菩 薩 頂 彼 諸 如 來 亦 於 五 體 同 放 寶 光 來 灌 佛 
X13n0285_005:0298a16	及眾會之頂豈非顯於通身是穴通身皆可起病	及 眾 會 之 頂 豈 非 顯 於 通 身 是 穴 通 身 皆 可 起 病 
X13n0285_005:0298a17	二十五門無非大佛頂法也哉。二釋迦親說二	二 十 五 門 無 非 大 佛 頂 法 也 哉 二 釋 迦 親 說 二 
X13n0285_005:0298a18	初疑問二答釋。今初。	初 疑 問 二 答 釋 今 初 
X13n0285_005:0298a19	阿難雖聞如是法音心猶未明稽首白佛云何令我	阿 難 雖 聞 如 是 法 音 心 猶 未 明 稽 首 白 佛 云 何 令 我 
X13n0285_005:0298a20	生死輪迴安樂妙常同是六根更非他物。	生死輪迴 安 樂 妙 常 同 是 六 根 更 非 他 物 
X13n0285_005:0298a21	意謂根塵識三稱十八界迷則皆為生死悟則皆	意 謂 根 塵 識 三 稱 十 八 界 迷 則 皆 為 生 死 悟 則 皆 
X13n0285_005:0298a22	如來藏何故十方如來但言生死安樂惟六根耶。	如 來 藏 何 故 十 方 如 來 但 言 生 死 安 樂 惟 六 根 耶 
X13n0285_005:0298a23	二答釋二初長文二偈頌。今初。	二 答 釋 二 初 長 文 二 偈 頌 今 初 
X13n0285_005:0298a24	佛告阿難根塵同源縛脫無二識性虗妄猶如空華	佛 告 阿 難 根 塵 同 源 縛 脫 無 二 識 性 虗 妄 猶 如 空 華 
X13n0285_005:0298b01	阿難由塵發知因根有相相見無性同於交蘆是故	阿 難 由 塵 發 知 因 根 有 相 相 見 無 性 同 於 交 蘆 是 故 
X13n0285_005:0298b02	汝今知見立知即無明本知見無見斯即涅槃無漏	汝 今 知 見 立 知 即 無 明 本 知 見 無 見 斯 即 涅 槃 無 漏 
X13n0285_005:0298b03	真淨云何是中更容他物。	真 淨 云 何 是 中 更 容 他 物 
X13n0285_005:0298b04	此中初四句顯示根塵識三本不相離故但言六	此 中 初 四 句 顯 示 根 塵 識 三 本 不 相 離 故 但 言 六 
X13n0285_005:0298b05	根便攝塵識也次由塵發知四句即是轉釋根塵	根 便 攝 塵 識 也 次 由 塵 發 知 四 句 即 是 轉 釋 根 塵 
X13n0285_005:0298b06	同源及識性虗妄猶如空華三是故汝今下即是	同 源 及 識 性 虗 妄 猶 如 空 華 三 是 故 汝 今 下 即 是 
X13n0285_005:0298b07	轉釋縛脫無二初言根塵同源者具足應云根塵	轉 釋 縛 脫 無 二 初 言 根 塵 同 源 者 具 足 應 云 根 塵 
X13n0285_005:0298b08	識三同源以同是如來藏性不變隨緣舉體而為	識 三 同 源 以 同 是 如 來 藏 性 不 變 隨 緣 舉 體 而 為 
X13n0285_005:0298b09	根塵識三是故根塵識三隨緣不變仍舉體即是	根 塵 識 三 是 故 根 塵 識 三 隨 緣 不 變 仍 舉 體 即 是 
X13n0285_005:0298b10	如來藏性也縛脫無二者若了達根塵即是藏性	如 來 藏 性 也 縛 脫 無 二 者 若 了 達 根 塵 即 是 藏 性 
X13n0285_005:0298b11	不橫計根為能取塵為所取名之曰脫脫時亦未	不 橫 計 根 為 能 取 塵 為 所 取 名 之 曰 脫 脫 時 亦 未 
X13n0285_005:0298b12	嘗斷滅根塵若不了根塵惟是自心則橫計根為	嘗 斷 滅 根 塵 若 不 了 根 塵 惟 是 自 心 則 橫 計 根 為 
X13n0285_005:0298b13	能取塵為所取乃至浮根四塵流逸奔色等名之	能 取 塵 為 所 取 乃 至 浮 根 四 塵 流 逸 奔 色 等 名 之 
X13n0285_005:0298b14	曰縛縛時亦未嘗實有根塵故無二也識性虗妄	曰 縛 縛 時 亦 未 嘗 實 有 根 塵 故 無 二 也 識 性 虗 妄 
X13n0285_005:0298b15	者具足應云根塵識性一總虗妄與上文互影略	者 具 足 應 云 根 塵 識 性 一 總 虗 妄 與 上 文 互 影 略 
X13n0285_005:0298b16	耳葢根塵識之實性即是如來藏性如來藏性不	耳 葢 根 塵 識 之 實 性 即 是 如 來 藏 性 如 來 藏 性 不 
X13n0285_005:0298b17	變隨緣舉體作根塵識若離根塵識有為之法別	變 隨 緣 舉 體 作 根 塵 識 若 離 根 塵 識 有 為 之 法 別 
X13n0285_005:0298b18	覓如來藏無為之法如離華處別覓虗空故曰猶	覓 如 來 藏 無 為 之 法 如 離 華 處 別 覓 虗 空 故 曰 猶 
X13n0285_005:0298b19	如空華也次文由塵發知則單根不立因根有相	如 空 華 也 次 文 由 塵 發 知 則 單 根 不 立 因 根 有 相 
X13n0285_005:0298b20	則單塵不立相見既無自性同於交蘆則中間所	則 單 塵 不 立 相 見 既 無 自 性 同 於 交 蘆 則 中 間 所 
X13n0285_005:0298b21	發之識如交蘆中空又豈有自性哉是故汝今等	發 之 識 如 交 蘆 中 空 又 豈 有 自 性 哉 是 故 汝 今 等 
X13n0285_005:0298b22	者知見二字指真體言立知二字顯示妄本所謂	者 知 見 二 字 指 真 體 言 立 知 二 字 顯 示 妄 本 所 謂 
X13n0285_005:0298b23	妄為明覺因明立所等也即無明本者即是非縛	妄 為 明 覺 因 明 立 所 等 也 即 無 明 本 者 即 是 非 縛 
X13n0285_005:0298b24	而言縛即是所結即是結元也次知見二字指本	而 言 縛 即 是 所 結 即 是 結 元 也 次 知 見 二 字 指 本 
X13n0285_005:0298c01	性言無見二字顯示妙修所謂不隨分別不循動	性 言 無 見 二 字 顯 示 妙 修 所 謂 不 隨 分 別 不 循 動 
X13n0285_005:0298c02	靜等也斯即涅槃無漏真淨者即是非脫而言脫	靜 等 也 斯 即 涅 槃 無 漏 真 淨 者 即 是 非 脫 而 言 脫 
X13n0285_005:0298c03	即是脫其所結也云何是中更容他物結答云何	即 是 脫 其 所 結 也 云 何 是 中 更 容 他 物 結 答 云 何 
X13n0285_005:0298c04	同是六根之問。	同 是 六 根 之 問 
X13n0285_005:0298c05	二偈頌二初頌說法門二頌歎法門。初中二初	二 偈 頌 二 初 頌 說 法 門 二 頌 歎 法 門 初 中 二 初 
X13n0285_005:0298c06	重頌二孤起頌。初又二初頌近文顯性以為修	重 頌 二 孤 起 頌 初 又 二 初 頌 近 文 顯 性 以 為 修 
X13n0285_005:0298c07	本二頌前文示修以合妙性。今初。	本 二 頌 前 文 示 修 以 合 妙 性 今 初 
X13n0285_005:0298c08	爾時世尊欲重宣此義而說偈言。	爾 時 世 尊 欲 重 宣 此 義 而 說 偈 言 
X13n0285_005:0298c09	真性有為空緣生故如幻無為無起滅不實如空華	真 性 有 為 空 緣 生 故 如 幻 無 為 無 起 滅 不 實 如 空 華 
X13n0285_005:0298c10	言妄顯諸真妄真同二妄猶非真非真云何見所見	言 妄 顯 諸 真 妄 真 同 二 妄 猶 非 真 非 真 云 何 見 所 見 
X13n0285_005:0298c11	中間無實性是故若交蘆結解同所因聖凡無二路	中 間 無 實 性 是 故 若 交 蘆 結 解 同 所 因 聖 凡 無 二 路 
X13n0285_005:0298c12	汝觀交中性空有二俱非迷晦即無明發明便解脫。	汝 觀 交 中 性 空 有 二 俱 非 迷 晦 即 無 明 發 明 便 解 脫 
X13n0285_005:0298c13	此中真性二字先標非真非妄之體即初卷所謂	此 中 真 性 二 字 先 標 非 真 非 妄 之 體 即 初 卷 所 謂 
X13n0285_005:0298c14	常住真心性淨明體第二三卷所謂如來藏妙真	常 住 真 心 性 淨 明 體 第 二 三 卷 所 謂 如 來 藏 妙 真 
X13n0285_005:0298c15	如性第四卷所謂性覺妙明本覺明妙第六卷所	如 性 第 四 卷 所 謂 性 覺 妙 明 本 覺 明 妙 第 六 卷 所 
X13n0285_005:0298c16	謂覺海性澄圓圓澄覺元妙乃至第十卷所謂精	謂 覺 海 性 澄 圓 圓 澄 覺 元 妙 乃 至 第 十 卷 所 謂 精 
X13n0285_005:0298c17	真妙明本覺圓淨也有為指根塵識相有為之法	真 妙 明 本 覺 圓 淨 也 有 為 指 根 塵 識 相 有 為 之 法 
X13n0285_005:0298c18	其體本空以緣生故喻如幻事無為指根塵識性	其 體 本 空 以 緣 生 故 喻 如 幻 事 無 為 指 根 塵 識 性 
X13n0285_005:0298c19	無為之法亦復不實以元無起滅故喻如空華次	無 為 之 法 亦 復 不 實 以 元 無 起 滅 故 喻 如 空 華 次 
X13n0285_005:0298c20	轉釋云何故有為無為皆空而不實耶以言妄顯	轉 釋 云 何 故 有 為 無 為 皆 空 而 不 實 耶 以 言 妄 顯 
X13n0285_005:0298c21	真乃是對待之法故妄既是妄真亦是妄而同為	真 乃 是 對 待 之 法 故 妄 既 是 妄 真 亦 是 妄 而 同 為 
X13n0285_005:0298c22	二妄也所以妙明真性猶非真與非真云何可是	二 妄 也 所 以 妙 明 真 性 猶 非 真 與 非 真 云 何 可 是 
X13n0285_005:0298c23	能見之根及所見之塵耶須知內根外塵及中間	能 見 之 根 及 所 見 之 塵 耶 須 知 內 根 外 塵 及 中 間 
X13n0285_005:0298c24	之識皆無實性是故但若交蘆而已既無實性故	之 識 皆 無 實 性 是 故 但 若 交 蘆 而 已 既 無 實 性 故 
X13n0285_005:0299a01	結解同一所因而聖凡總無二路汝試觀彼交蘆	結 解 同 一 所 因 而 聖 凡 總 無 二 路 汝 試 觀 彼 交 蘆 
X13n0285_005:0299a02	中性謂之曰空則蘆相宛然謂之曰有則中無實	中 性 謂 之 曰 空 則 蘆 相 宛 然 謂 之 曰 有 則 中 無 實 
X13n0285_005:0299a03	體故空有二俱非也但迷晦此俱非之理即為無	體 故 空 有 二 俱 非 也 但 迷 晦 此 俱 非 之 理 即 為 無 
X13n0285_005:0299a04	明發明此俱非之理便成解脫矣葢真性本自非	明 發 明 此 俱 非 之 理 便 成 解 脫 矣 葢 真 性 本 自 非 
X13n0285_005:0299a05	凡非聖迷晦即為縛為結為凡發明即為脫為解	凡 非 聖 迷 晦 即 為 縛 為 結 為 凡 發 明 即 為 脫 為 解 
X13n0285_005:0299a06	為聖而凡情不立聖解亦空故上頌云猶非真非	為 聖 而 凡 情 不 立 聖 解 亦 空 故 上 頌 云 猶 非 真 非 
X13n0285_005:0299a07	真有為既空無為亦不實也。二頌前文示修以	真 有 為 既 空 無 為 亦 不 實 也 二 頌 前 文 示 修 以 
X13n0285_005:0299a08	合妙性。	合 妙 性 
X13n0285_005:0299a09	解結因次第六解一亦亡根選擇圓通入流成正覺。	解 結 因 次 第 六 解 一 亦 亡 根 選 擇 圓 通 入 流 成 正 覺 
X13n0285_005:0299a10	此遠頌前第二決定義中之文以示修行方便也	此 遠 頌 前 第 二 決 定 義 中 之 文 以 示 修 行 方 便 也 
X13n0285_005:0299a11	承上縛脫雖唯六根但解結必因次第故須一門	承 上 縛 脫 雖 唯 六 根 但 解 結 必 因 次 第 故 須 一 門 
X13n0285_005:0299a12	深入而六解則一亦亡故得浮塵諸相應念化成	深 入 而 六 解 則 一 亦 亡 故 得 浮 塵 諸 相 應 念 化 成 
X13n0285_005:0299a13	無上知覺是以初下手時須於六根之中選擇其	無 上 知 覺 是 以 初 下 手 時 須 於 六 根 之 中 選 擇 其 
X13n0285_005:0299a14	圓通者從此入法性流而成正覺便有日劫相倍	圓 通 者 從 此 入 法 性 流 而 成 正 覺 便 有 日 劫 相 倍 
X13n0285_005:0299a15	之殊也。二孤起頌。	之 殊 也 二 孤 起 頌 
X13n0285_005:0299a16	陀那微細識習氣成暴流真非真恐迷我常不開演	陀 那 微 細 識 習 氣 成 暴 流 真 非 真 恐 迷 我 常 不 開 演 
X13n0285_005:0299a17	自心取自心非幻成幻法不取無非幻非幻尚不生	自 心 取 自 心 非 幻 成 幻 法 不 取 無 非 幻 非 幻 尚 不 生 
X13n0285_005:0299a18	幻法云何立。	幻 法 云 何 立 
X13n0285_005:0299a19	梵語陀那此云執持上文雖明選根入流但此六	梵 語 陀 那 此 云 執 持 上 文 雖 明 選 根 入 流 但 此 六 
X13n0285_005:0299a20	根乃根本識之所執持而此陀那微細識其習氣	根 乃 根 本 識 之 所 執 持 而 此 陀 那 微 細 識 其 習 氣 
X13n0285_005:0299a21	種子能成暴流謂之曰真則是生死根本謂之非	種 子 能 成 暴 流 謂 之 曰 真 則 是 生 死 根 本 謂 之 非 
X13n0285_005:0299a22	真則是離波覓水故說真非真皆恐人迷而執著	真 則 是 離 波 覓 水 故 說 真 非 真 皆 恐 人 迷 而 執 著 
X13n0285_005:0299a23	我所以常不開演也夫一切根塵識等皆是唯心	我 所 以 常 不 開 演 也 夫 一 切 根 塵 識 等 皆 是 唯 心 
X13n0285_005:0299a24	所現若依根取塵捨塵取根乃至捨根塵而取識	所 現 若 依 根 取 塵 捨 塵 取 根 乃 至 捨 根 塵 而 取 識 
X13n0285_005:0299b01	捨六識而獨取第八識等皆是自心還取自心致	捨 六 識 而 獨 取 第 八 識 等 皆 是 自 心 還 取 自 心 致 
X13n0285_005:0299b02	使本非幻妄之性全體成幻妄法但使修行之人	使 本 非 幻 妄 之 性 全 體 成 幻 妄 法 但 使 修 行 之 人 
X13n0285_005:0299b03	達一切法即心自性寂然不生取著則不惟無幻	達 一 切 法 即 心 自 性 寂 然 不 生 取 著 則 不 惟 無 幻 
X13n0285_005:0299b04	併無非幻夫非幻尚自不生幻法復云何立譬如	併 無 非 幻 夫 非 幻 尚 自 不 生 幻 法 復 云 何 立 譬 如 
X13n0285_005:0299b05	空尚不生華豈有生也哉然自心取自心亦是重	空 尚 不 生 華 豈 有 生 也 哉 然 自 心 取 自 心 亦 是 重 
X13n0285_005:0299b06	頌知見立知非幻成幻法亦是重頌即無明本不	頌 知 見 立 知 非 幻 成 幻 法 亦 是 重 頌 即 無 明 本 不 
X13n0285_005:0299b07	取二字亦是重頌知見無見無非幻等十三字亦	取 二 字 亦 是 重 頌 知 見 無 見 無 非 幻 等 十 三 字 亦 
X13n0285_005:0299b08	是重頌斯即涅槃無漏真淨葢無非幻是無真無	是 重 頌 斯 即 涅 槃 無 漏 真 淨 葢 無 非 幻 是 無 真 無 
X13n0285_005:0299b09	二乘涅槃也無幻是無妄無凡夫生死也無涅槃	二 乘 涅 槃 也 無 幻 是 無 妄 無 凡 夫 生 死 也 無 涅 槃 
X13n0285_005:0299b10	無生死是名無住處大涅槃惟其孤起而兼重頌	無 生 死 是 名 無 住 處 大 涅 槃 惟 其 孤 起 而 兼 重 頌 
X13n0285_005:0299b11	故下歎云雜糅精瑩。二頌歎法門。	故 下 歎 云 雜 糅 精 瑩 二 頌 歎 法 門 
X13n0285_005:0299b12	是名妙蓮華金剛王寶覺如幻三摩提彈指超無學	是 名 妙 蓮 華 金 剛 王 寶 覺 如 幻 三 摩 提 彈 指 超 無 學 
X13n0285_005:0299b13	此阿毗達磨十方薄伽梵一路涅槃門。	此 阿 毗 達 磨 十 方 薄 伽 梵 一 路 涅 槃 門 
X13n0285_005:0299b14	初三句出其三昧名字次一句顯其功能殊勝後	初 三 句 出 其 三 昧 名 字 次 一 句 顯 其 功 能 殊 勝 後 
X13n0285_005:0299b15	三句明其眾聖共遵也初三句須作一氣讀之言	三 句 明 其 眾 聖 共 遵 也 初 三 句 須 作 一 氣 讀 之 言 
X13n0285_005:0299b16	此三昧名為何等乃是妙蓮華金剛王寶覺如幻	此 三 昧 名 為 何 等 乃 是 妙 蓮 華 金 剛 王 寶 覺 如 幻 
X13n0285_005:0299b17	三昧也以真性妙理在有為而非有在無為而不	三 昧 也 以 真 性 妙 理 在 有 為 而 非 有 在 無 為 而 不 
X13n0285_005:0299b18	無於淨無著於染無汙故名為妙蓮華以般若妙	無 於 淨 無 著 於 染 無 汙 故 名 為 妙 蓮 華 以 般 若 妙 
X13n0285_005:0299b19	智觸有有敗觸無無壞二邊叵得中道不居故名	智 觸 有 有 敗 觸 無 無 壞 二 邊 叵 得 中 道 不 居 故 名 
X13n0285_005:0299b20	金剛王寶覺以解脫妙行有為亦如幻無為亦如	金 剛 王 寶 覺 以 解 脫 妙 行 有 為 亦 如 幻 無 為 亦 如 
X13n0285_005:0299b21	幻二邊亦如幻中道亦如幻故名如幻合此不思	幻 二 邊 亦 如 幻 中 道 亦 如 幻 故 名 如 幻 合 此 不 思 
X13n0285_005:0299b22	議三德成一正定故名三摩提也此即大佛頂首	議 三 德 成 一 正 定 故 名 三 摩 提 也 此 即 大 佛 頂 首 
X13n0285_005:0299b23	楞嚴王三昧亦即金剛王如幻不思議佛母真三	楞 嚴 王 三 昧 亦 即 金 剛 王 如 幻 不 思 議 佛 母 真 三 
X13n0285_005:0299b24	昧種種異名種種取義終無二體故也彈指超無	昧 種種異名 種 種 取 義 終 無 二 體 故 也 彈 指 超 無 
X13n0285_005:0299c01	學者分證固超破無明故相似亦超伏無明故觀	學 者 分 證 固 超 破 無 明 故 相 似 亦 超 伏 無 明 故 觀 
X13n0285_005:0299c02	行亦超能圓伏故名字亦超知佛性故阿毗達摩	行 亦 超 能 圓 伏 故 名 字 亦 超 知 佛 性 故 阿 毗 達 摩 
X13n0285_005:0299c03	亦云阿毗曇此翻無比法通則小乘論藏亦得此	亦 云 阿 毗 曇 此 翻 無 比 法 通 則 小 乘 論 藏 亦 得 此 
X13n0285_005:0299c04	名非世間法所能比故別則一乘了義乃當此名	名 非 世 間 法 所 能 比 故 別 則 一 乘 了 義 乃 當 此 名 
X13n0285_005:0299c05	非權乘法所能比故薄伽梵者佛之嘉號具含六	非 權 乘 法 所 能 比 故 薄 伽 梵 者 佛 之 嘉 號 具 含 六 
X13n0285_005:0299c06	義故存本音一自在二熾盛三端嚴四名稱五吉	義 故 存 本 音 一 自 在 二 熾 盛 三 端 嚴 四 名 稱 五 吉 
X13n0285_005:0299c07	祥六尊貴也初卷云一門超出妙莊嚴路先門而	祥 六 尊 貴 也 初 卷 云 一 門 超 出 妙 莊 嚴 路 先 門 而 
X13n0285_005:0299c08	後路先解而後行也此云一路涅槃門先路而後	後 路 先 解 而 後 行 也 此 云 一 路 涅 槃 門 先 路 而 後 
X13n0285_005:0299c09	門先行而後入也前是出生死門此是入涅槃門	門 先 行 而 後 入 也 前 是 出 生 死 門 此 是 入 涅 槃 門 
X13n0285_005:0299c10	又迷則本鄉皆他國悟則普天皆故鄉迷則出涅	又 迷 則 本 鄉 皆 他 國 悟 則 普 天 皆 故 鄉 迷 則 出 涅 
X13n0285_005:0299c11	槃入生死悟則出生死入涅槃門之與路約義說	槃 入 生 死 悟 則 出 生 死 入 涅 槃 門 之 與 路 約 義 說 
X13n0285_005:0299c12	二體即非二也。二兼顯六解一亡二初疑請二	二 體 即 非 二 也 二 兼 顯 六 解 一 亡 二 初 疑 請 二 
X13n0285_005:0299c13	答示。初又二初敘益二請疑。今初。	答 示 初 又 二 初 敘 益 二 請 疑 今 初 
X13n0285_005:0299c14	於是阿難及諸大眾聞佛如來無上慈誨祇夜伽陀	於 是 阿 難 及 諸 大 眾 聞 佛 如 來 無 上 慈 誨 祇 夜 伽 陀 
X13n0285_005:0299c15	雜糅精瑩妙理清徹心目開明歎未曾有。	雜 糅 精 瑩 妙 理 清 徹 心 目 開 明 歎 未 曾 有 
X13n0285_005:0299c16	祇夜此云重頌伽陀或云偈此翻孤起亦名諷頌	祇 夜 此 云 重 頌 伽 陀 或 云 偈 此 翻 孤 起 亦 名 諷 頌 
X13n0285_005:0299c17	言能詮之祇夜伽陀則雜糅而精瑩所詮之妙理	言 能 詮 之 祇 夜 伽 陀 則 雜 糅 而 精 瑩 所 詮 之 妙 理 
X13n0285_005:0299c18	則清淨而了徹也。二請疑。	則 清 淨 而 了 徹 也 二 請 疑 
X13n0285_005:0299c19	阿難合掌頂禮白佛我今聞佛無遮大悲性淨妙常	阿 難 合 掌 頂 禮 白 佛 我 今 聞 佛 無 遮 大 悲 性 淨 妙 常 
X13n0285_005:0299c20	真實法句心猶未達六解一亡舒結倫次惟垂大慈	真 實 法 句 心 猶 未 達 六 解 一 亡 舒 結 倫 次 惟 垂 大 慈 
X13n0285_005:0299c21	再愍斯會及與將來施以法音洗滌沉垢。	再 愍 斯 會 及 與 將 來 施 以 法 音 洗 滌 沉 垢 
X13n0285_005:0299c22	此即牒前偈中解結因次第六解一亦亡之義而	此 即 牒 前 偈 中 解 結 因 次 第 六 解 一 亦 亡 之 義 而 
X13n0285_005:0299c23	發問也問端有六一問六解二問一亡三問舒四	發 問 也 問 端 有 六 一 問 六 解 二 問 一 亡 三 問 舒 四 
X13n0285_005:0299c24	問結五問舒結各有倫類六問舒結各有次序此	問 結 五 問 舒 結 各 有 倫 類 六 問 舒 結 各 有 次 序 此 
X13n0285_005:0300a01	隨文便作此列示若據答中先答結中次序倫類	隨 文 便 作 此 列 示 若 據 答 中 先 答 結 中 次 序 倫 類 
X13n0285_005:0300a02	次答六解一亡及解中次序倫類至文自見。二	次 答 六 解 一 亡 及 解 中 次 序 倫 類 至 文 自 見 二 
X13n0285_005:0300a03	答示二初結巾喻迷二解巾喻悟。今初。	答 示 二 初 結 巾 喻 迷 二 解 巾 喻 悟 今 初 
X13n0285_005:0300a04	即時如來於師子座整涅槃僧斂僧伽梨攬七寶几	即 時 如 來 於 師 子 座 整 涅 槃 僧 斂 僧 伽 梨 攬 七 寶 几 
X13n0285_005:0300a05	引手於几取劫波羅天所奉華巾於大眾前綰成一	引 手 於 几 取 劫 波 羅 天 所 奉 華 巾 於 大 眾 前 綰 成 一 
X13n0285_005:0300a06	結示阿難言此名何等阿難大眾俱白佛言此名為	結 示 阿 難 言 此 名 何 等 阿 難 大 眾 俱 白 佛 言 此 名 為 
X13n0285_005:0300a07	結於是如來綰疊華巾又成一結重問阿難此名何	結 於 是 如 來 綰 疊 華 巾 又 成 一 結 重 問 阿 難 此 名 何 
X13n0285_005:0300a08	等阿難大眾又白佛言此亦名結如是倫次綰疊華	等 阿 難 大 眾 又 白 佛 言 此 亦 名 結 如 是 倫 次 綰 疊 華 
X13n0285_005:0300a09	巾總成六結一一結成皆取手中所成之結持問阿	巾 總 成 六 結 一 一 結 成 皆 取 手 中 所 成 之 結 持 問 阿 
X13n0285_005:0300a10	難此名何等阿難大眾亦復如是次第詶佛此名為	難 此 名 何 等 阿 難 大 眾 亦復如是 次 第 詶 佛 此 名 為 
X13n0285_005:0300a11	結佛告阿難我初綰巾汝名為結此疊華巾先實一	結 佛 告 阿 難 我 初 綰 巾 汝 名 為 結 此 疊 華 巾 先 實 一 
X13n0285_005:0300a12	條第二第三云何汝曹復名為結阿難白佛言世尊	條 第二第三 云 何 汝 曹 復 名 為 結 阿 難 白 佛 言 世 尊 
X13n0285_005:0300a13	此寶疊華緝績成巾雖本一體如我思惟如來一綰	此 寶 疊 華 緝 績 成 巾 雖 本 一 體 如 我 思 惟 如 來 一 綰 
X13n0285_005:0300a14	得一結名若百綰成終名百結何況此巾秪有六結	得 一 結 名 若 百 綰 成 終 名 百 結 何 況 此 巾 秪 有 六 結 
X13n0285_005:0300a15	終不至七亦不停五云何如來秪許初時第二第三	終 不 至 七 亦 不 停 五 云 何 如 來 秪 許 初 時 第二第三 
X13n0285_005:0300a16	不名為結佛告阿難此寶華巾汝知此巾元止一條	不 名 為 結 佛 告 阿 難 此 寶 華 巾 汝 知 此 巾 元 止 一 條 
X13n0285_005:0300a17	我六綰時名有六結汝審觀察巾體是同因結有異	我 六 綰 時 名 有 六 結 汝 審 觀 察 巾 體 是 同 因 結 有 異 
X13n0285_005:0300a18	於意云何初綰結成名為第一如是乃至第六結生	於意云何 初 綰 結 成 名 為 第 一 如 是 乃 至 第 六 結 生 
X13n0285_005:0300a19	我今欲將第六結名(還)成第一(如是得)不不也世尊六	我 今 欲 將 第 六 結 名 還 成 第 一 如 是 得 不 不 也 世 尊 六 
X13n0285_005:0300a20	結若存斯第六名終非第一縱我歷生盡其明辯如	結 若 存 斯 第 六 名 終 非 第 一 縱 我 歷 生 盡 其 明 辯 如 
X13n0285_005:0300a21	何令是六結亂名佛言如是六結不同循顧本因一	何 令 是 六 結 亂 名 佛 言 如 是 六 結 不 同 循 顧 本 因 一 
X13n0285_005:0300a22	巾所造令其雜亂終不得成則汝六根亦復如是畢	巾 所 造 令 其 雜 亂 終 不 得 成 則 汝 六 根 亦復如是 畢 
X13n0285_005:0300a23	竟同中生畢竟異。	竟 同 中 生 畢 竟 異 
X13n0285_005:0300a24	此先答其所問結之次序及倫類也涅槃僧此云	此 先 答 其 所 問 結 之 次 序 及 倫 類 也 涅 槃 僧 此 云 
X13n0285_005:0300b01	裏衣即是下裙僧伽梨此云雜碎服即是大衣劫	裏 衣 即 是 下 裙 僧 伽 梨 此 云 雜 碎 服 即 是 大 衣 劫 
X13n0285_005:0300b02	波羅此云時分夫綰結者取其巾而左右交加從	波 羅 此 云 時 分 夫 綰 結 者 取 其 巾 而 左 右 交 加 從 
X13n0285_005:0300b03	本向末以顯次序之義葢巾喻本識綰喻造作名	本 向 末 以 顯 次 序 之 義 葢 巾 喻 本 識 綰 喻 造 作 名 
X13n0285_005:0300b04	行綰時必具結想以喻想陰綰竟便成一結以喻	行 綰 時 必 具 結 想 以 喻 想 陰 綰 竟 便 成 一 結 以 喻 
X13n0285_005:0300b05	六根受陰結外必有餘巾以對於結以喻六根必	六 根 受 陰 結 外 必 有 餘 巾 以 對 於 結 以 喻 六 根 必 
X13n0285_005:0300b06	有所對六塵兼彼浮根四塵總名色陰故知一一	有 所 對 六 塵 兼 彼 浮 根 四 塵 總 名 色 陰 故 知 一 一 
X13n0285_005:0300b07	根中皆具五陰次第重疊而得生起幽溪所謂橫	根 中 皆 具 五 陰 次 第 重 疊 而 得 生 起 幽 溪 所 謂 橫 
X13n0285_005:0300b08	中之豎也總成六結顯倫類義謂結雖有六其類	中 之 豎 也 總 成 六 結 顯 倫 類 義 謂 結 雖 有 六 其 類 
X13n0285_005:0300b09	是同一一皆以次第綰成然不取六結先後以喻	是 同 一 一 皆 以 次 第 綰 成 然 不 取 六 結 先 後 以 喻 
X13n0285_005:0300b10	六根以六根無先後故即是豎中之橫也。二解	六 根 以 六 根 無 先 後 故 即 是 豎 中 之 橫 也 二 解 
X13n0285_005:0300b11	巾喻悟三初喻六解一亡二喻解結由心三喻解	巾 喻 悟 三 初 喻 六 解 一 亡 二 喻 解 結 由 心 三 喻 解 
X13n0285_005:0300b12	當次第。初中三初立喻二合法。今初。	當 次 第 初 中 三 初 立 喻 二 合 法 今 初 
X13n0285_005:0300b13	佛告阿難汝必嫌此六結不成願樂一成復云何得	佛 告 阿 難 汝 必 嫌 此 六 結 不 成 願 樂 一 成 復 云 何 得 
X13n0285_005:0300b14	阿難言此結若存是非蜂起於中自生此結非彼彼	阿 難 言 此 結 若 存 是 非 蜂 起 於 中 自 生 此 結 非 彼 彼 
X13n0285_005:0300b15	結非此如來今日若總解除結若不生則無彼此尚	結 非 此 如 來 今 日 若 總 解 除 結 若 不 生 則 無 彼 此 尚 
X13n0285_005:0300b16	不名一六云何成。	不 名 一 六 云 何 成 
X13n0285_005:0300b17	汝必嫌此等者言既嫌此六結而不欲其成願樂	汝 必 嫌 此 等 者 言 既 嫌 此 六 結 而 不 欲 其 成 願 樂 
X13n0285_005:0300b18	還成一巾當設何方便乎餘如文。二合法。	還 成 一 巾 當 設 何 方 便 乎 餘 如 文 二 合 法 
X13n0285_005:0300b19	佛言六解一亡亦復如是由汝無始心性狂亂知見	佛 言 六 解 一 亡 亦復如是 由 汝 無 始 心 性 狂 亂 知 見 
X13n0285_005:0300b20	妄發發妄不息勞見發塵如勞目睛則有狂華於湛	妄 發 發 妄 不 息 勞 見 發 塵 如 勞 目 睛 則 有 狂 華 於 湛 
X13n0285_005:0300b21	精明無因亂起一切世間山河大地生死涅槃皆即	精 明 無 因 亂 起 一切世間 山 河 大 地 生死涅槃 皆 即 
X13n0285_005:0300b22	狂勞顛倒華相。	狂 勞 顛 倒 華 相 
X13n0285_005:0300b23	先因其所明而直以法合之答其六解一亡之問	先 因 其 所 明 而 直 以 法 合 之 答 其 六 解 一 亡 之 問 
X13n0285_005:0300b24	次更出結元而喻以狂華也心性狂亂即所謂性	次 更 出 結 元 而 喻 以 狂 華 也 心 性 狂 亂 即 所 謂 性 
X13n0285_005:0300c01	覺必明妄為明覺知見妄發即所謂所妄既立生	覺 必 明 妄 為 明 覺 知 見 妄 發 即 所 謂 所 妄 既 立 生 
X13n0285_005:0300c02	汝妄能發妄不息勞見發塵即所謂如是擾亂相	汝 妄 能 發 妄 不 息 勞 見 發 塵 即 所 謂 如 是 擾 亂 相 
X13n0285_005:0300c03	待生勞乃至引起塵勞煩惱也生死即華相故六	待 生 勞 乃 至 引 起 塵 勞 煩 惱 也 生 死 即 華 相 故 六 
X13n0285_005:0300c04	宜解涅槃即華相故一宜亡生死即華相故有人	宜 解 涅 槃 即 華 相 故 一 宜 亡 生 死 即 華 相 故 有 人 
X13n0285_005:0300c05	空涅槃即華相故有法空。二喻解結由心二初	空 涅 槃 即 華 相 故 有 法 空 二 喻 解 結 由 心 二 初 
X13n0285_005:0300c06	正顯由心二指法興勸。今初。	正 顯 由 心 二 指 法 興 勸 今 初 
X13n0285_005:0300c07	阿難言此勞同結云何解除如來以手將所結巾偏	阿 難 言 此 勞 同 結 云 何 解 除 如 來 以 手 將 所 結 巾 偏 
X13n0285_005:0300c08	掣其左問阿難言如是解不不也世尊旋復以手偏	掣 其 左 問 阿 難 言 如 是 解 不 不 也 世 尊 旋 復 以 手 偏 
X13n0285_005:0300c09	牽右邊又問阿難如是解不不也世尊佛告阿難我	牽 右 邊 又 問 阿 難 如 是 解 不 不 也 世 尊 佛 告 阿 難 我 
X13n0285_005:0300c10	今以手左右各牽竟不能解汝設方便云何解成阿	今 以 手 左 右 各 牽 竟 不 能 解 汝 設 方 便 云 何 解 成 阿 
X13n0285_005:0300c11	難白佛言世尊當於結心解即分散佛告阿難如是	難 白 佛 言 世 尊 當 於 結 心 解 即 分 散 佛 告 阿 難 如 是 
X13n0285_005:0300c12	如是若欲除結當於結心。	如 是 若 欲 除 結 當 於 結 心 
X13n0285_005:0300c13	結心者中間空處也妄為明覺所立能生能所相	結 心 者 中 間 空 處 也 妄 為 明 覺 所 立 能 生 能 所 相 
X13n0285_005:0300c14	黏結根斯在如綰巾兩頭虗妄成結然雖成結巾	黏 結 根 斯 在 如 綰 巾 兩 頭 虗 妄 成 結 然 雖 成 結 巾 
X13n0285_005:0300c15	體不失觀其所結則知所解葢結雖似實結心仍	體 不 失 觀 其 所 結 則 知 所 解 葢 結 雖 似 實 結 心 仍 
X13n0285_005:0300c16	空向此一隙空中下手結即分散既可分散結非	空 向 此 一 隙 空 中 下 手 結 即 分 散 既 可 分 散 結 非 
X13n0285_005:0300c17	實結是顯人空結既本空解亦非解是顯法空左	實 結 是 顯 人 空 結 既 本 空 解 亦 非 解 是 顯 法 空 左 
X13n0285_005:0300c18	右二字舊喻兩邊者是有人以喻偏觀根塵殊未	右 二 字 舊 喻 兩 邊 者 是 有 人 以 喻 偏 觀 根 塵 殊 未 
X13n0285_005:0300c19	圓妙且陳那等偏觀六塵那律等偏觀六根皆可	圓 妙 且 陳 那 等 偏 觀 六 塵 那 律 等 偏 觀 六 根 皆 可 
X13n0285_005:0300c20	入道何必定觀六識方名結心須知根塵識三法	入 道 何 必 定 觀 六 識 方 名 結 心 須 知 根 塵 識 三 法 
X13n0285_005:0300c21	爾相黏皆可稱結而三皆無性皆可稱結心本虗	爾 相 黏 皆 可 稱 結 而 三 皆 無 性 皆 可 稱 結 心 本 虗 
X13n0285_005:0300c22	也又結心即表中義若約所觀明中則是顯出根	也 又 結 心 即 表 中 義 若 約 所 觀 明 中 則 是 顯 出 根 
X13n0285_005:0300c23	塵識之實性本如來藏如結中虗惟是巾體若約	塵 識 之 實 性 本 如 來 藏 如 結 中 虗 惟 是 巾 體 若 約 
X13n0285_005:0300c24	所用明中則是須中道觀如解結者須從中間下	所 用 明 中 則 是 須 中 道 觀 如 解 結 者 須 從 中 間 下 
X13n0285_005:0301a01	手若約所破明中則知根塵識三皆無實法如結	手 若 約 所 破 明 中 則 知 根 塵 識 三 皆 無 實 法 如 結 
X13n0285_005:0301a02	無實體故可解除。二指法興勸。	無 實 體 故 可 解 除 二 指 法 興 勸 
X13n0285_005:0301a03	阿難我說佛法從因緣生非取世間和合麤相如來	阿 難 我 說 佛 法 從因緣生 非 取 世 間 和 合 麤 相 如 來 
X13n0285_005:0301a04	發明世出世法知其本因隨所緣出如是乃至恒沙	發 明 世 出 世 法 知 其 本 因 隨 所 緣 出 如 是 乃 至 恒 沙 
X13n0285_005:0301a05	界外一滴之雨亦知頭數現前種種松直棘曲鵠白	界 外 一 滴 之 雨 亦 知 頭 數 現 前 種 種 松 直 棘 曲 鵠 白 
X13n0285_005:0301a06	烏玄皆了元由是故阿難隨汝心中選擇六根根結	烏 玄 皆 了 元 由 是 故 阿 難 隨 汝 心 中 選 擇 六 根 根 結 
X13n0285_005:0301a07	若除塵相自滅諸妄銷亡不真何待。	若 除 塵 相 自 滅 諸 妄 銷 亡 不 真 何 待 
X13n0285_005:0301a08	前文破除世間因緣戲論習氣影子已無不盡今	前 文 破 除 世 間 因 緣 戲 論 習 氣 影 子 已 無 不 盡 今 
X13n0285_005:0301a09	方申示佛法因緣深義亦猶涅槃經中客醫禁乳	方 申 示 佛 法 因 緣 深 義 亦 猶 涅 槃 經 中 客 醫 禁 乳 
X13n0285_005:0301a10	而後用乳之喻也知其本因者一心具足十界性	而 後 用 乳 之 喻 也 知 其 本 因 者 一 心 具 足 十 界 性 
X13n0285_005:0301a11	相為因即如來藏隨緣常不變義隨所緣出者隨	相 為 因 即 如 來 藏 隨 緣 常 不 變 義 隨 所 緣 出 者 隨 
X13n0285_005:0301a12	染淨緣成十法界所謂隨心應量循業發現即如	染 淨 緣 成 十 法 界 所 謂 隨 心 應 量 循 業 發 現 即 如 
X13n0285_005:0301a13	來藏不變常隨緣義如來所說佛法從因緣生本	來 藏 不 變 常 隨 緣 義 如 來 所 說 佛 法 從因緣生 本 
X13n0285_005:0301a14	即指此圓頓妙理無奈眾生根性不等隨類得解	即 指 此 圓 頓 妙 理 無 奈 眾 生 根 性 不 等 隨 類 得 解 
X13n0285_005:0301a15	故有藏通別教差別是故前文須力破耳界外滴	故 有 藏 通 別 教 差 別 是 故 前 文 須 力 破 耳 界 外 滴 
X13n0285_005:0301a16	雨知頭數者大圓鏡智所照也松棘鵠烏了元由	雨 知 頭 數 者 大圓鏡智 所 照 也 松 棘 鵠 烏 了 元 由 
X13n0285_005:0301a17	者十種智力所知也一切依正皆是惟心業力所	者 十 種 智 力 所 知 也 一 切 依 正 皆 是 惟 心 業 力 所 
X13n0285_005:0301a18	感舉此二事為顯差別妙智善鑒羣機所說法要	感 舉 此 二 事 為 顯 差 別 妙 智 善 鑒 羣 機 所 說 法 要 
X13n0285_005:0301a19	應須信受故也言根結若除塵相自滅者亦約阿	應 須 信 受 故 也 言 根 結 若 除 塵 相 自 滅 者 亦 約 阿 
X13n0285_005:0301a20	難須就耳門入道言之若觀塵者亦可云塵結若	難 須 就 耳 門 入 道 言 之 若 觀 塵 者 亦 可 云 塵 結 若 
X13n0285_005:0301a21	除根相自滅若觀識者亦可云識結若除根塵自	除 根 相 自 滅 若 觀 識 者 亦 可 云 識 結 若 除 根 塵 自 
X13n0285_005:0301a22	滅矣。三喻解當次第。	滅 矣 三 喻 解 當 次 第 
X13n0285_005:0301a23	阿難我今問汝此劫波羅巾六結現前同時解縈得	阿 難 我 今 問 汝 此 劫 波 羅 巾 六 結 現 前 同 時 解 縈 得 
X13n0285_005:0301a24	同除不不也世尊是結本以次第綰生今日當須次	同 除 不 不 也 世 尊 是 結 本 以 次 第 綰 生 今 日 當 須 次 
X13n0285_005:0301b01	第而解六結同體結不同時則結解時云何同除佛	第 而 解 六 結 同 體 結 不 同 時 則 結 解 時 云 何 同 除 佛 
X13n0285_005:0301b02	言六根解除亦復如是此根初解先得人空空性圓	言 六 根 解 除 亦復如是 此 根 初 解 先 得 人 空 空 性 圓 
X13n0285_005:0301b03	明成法解脫解脫法已俱空不生是名菩薩從三摩	明 成 法 解 脫 解 脫 法 已 俱 空 不 生 是 名 菩 薩 從 三 摩 
X13n0285_005:0301b04	地得無生忍。	地 得無生忍 
X13n0285_005:0301b05	是結本以次第綰生者正是片喻不是全喻但取	是 結 本 以 次 第 綰 生 者 正 是 片 喻 不 是 全 喻 但 取 
X13n0285_005:0301b06	六根不得總觀之意非謂六根成有先後也六根	六 根 不 得 總 觀 之 意 非 謂 六 根 成 有 先 後 也 六 根 
X13n0285_005:0301b07	同體者倫類之義惟其同體故入一無妄六同清	同 體 者 倫 類 之 義 惟 其 同 體 故 入 一 無 妄 六 同 清 
X13n0285_005:0301b08	淨也結不同時者次序之義惟其不同故須向一	淨 也 結 不 同 時 者 次 序 之 義 惟 其 不 同 故 須 向 一 
X13n0285_005:0301b09	門深入也分別俱生二種我執皆斷名為人空此	門 深 入 也 分 別 俱 生 二 種 我 執 皆 斷 名 為 人 空 此 
X13n0285_005:0301b10	根初解則一解一切解知無二體而先得人空如	根 初 解 則 一 解 一 切 解 知 無 二 體 而 先 得 人 空 如 
X13n0285_005:0301b11	冶鐵者麤垢任運先落也涅槃偏真名為法執空	冶 鐵 者 麤 垢 任 運 先 落 也 涅 槃 偏 真 名 為 法 執 空 
X13n0285_005:0301b12	性圓明則不但無六亦且無一而成法解脫解脫	性 圓 明 則 不 但 無 六 亦 且 無 一 而 成 法 解 脫 解 脫 
X13n0285_005:0301b13	法已雖復人法俱空而俱空實本不生非是人法	法 已 雖 復 人 法 俱 空 而 俱 空 實 本 不 生 非 是 人 法 
X13n0285_005:0301b14	滅而俱空生此則一切法不生不生亦不生名為	滅 而 俱 空 生 此 則 一 切 法 不 生 不 生 亦 不 生 名 為 
X13n0285_005:0301b15	無生法忍菩薩定境修觀正欲從三昧而得此忍	無生法忍 菩 薩 定 境 修 觀 正 欲 從 三 昧 而 得 此 忍 
X13n0285_005:0301b16	也此中諦理非橫非豎約修證邊雙照橫豎言豎	也 此 中 諦 理 非 橫 非 豎 約 修 證 邊 雙 照 橫 豎 言 豎 
X13n0285_005:0301b17	義者人空是真諦現前法空是俗諦現前俱空不	義 者 人 空 是 真 諦 現 前 法 空 是 俗 諦 現 前 俱 空 不 
X13n0285_005:0301b18	生是中諦現前言橫義者知徧計我執即空假中	生 是 中 諦 現 前 言 橫 義 者 知 徧 計 我 執 即 空 假 中 
X13n0285_005:0301b19	是名人空知依他法執即空假中是名人空知依	是 名 人 空 知 依 他 法 執 即 空 假 中 是 名 人 空 知 依 
X13n0285_005:0301b20	他法執即空假中是名法空知圓成空理即空假	他 法 執 即 空 假 中 是 名 法 空 知 圓 成 空 理 即 空 假 
X13n0285_005:0301b21	中是名俱空不生也總示因心竟。二別顯修證	中 是 名 俱 空 不 生 也 總 示 因 心 竟 二 別 顯 修 證 
X13n0285_005:0301b22	五初阿難請問圓根二如來垂詢聖眾三眾聖各	五 初 阿 難 請 問 圓 根 二 如 來 垂 詢 聖 眾 三 眾 聖 各 
X13n0285_005:0301b23	說證門四放光現瑞總印五佛敕文殊簡擇。今	說 證 門 四 放 光 現 瑞 總 印 五 佛 敕 文 殊 簡 擇 今 
X13n0285_005:0301b24	初。	初 
X13n0285_005:0301c01	阿難及諸大眾蒙佛開示慧覺圓通得無疑惑一時	阿 難 及 諸 大 眾 蒙 佛 開 示 慧 覺 圓 通 得 無 疑 惑 一 時 
X13n0285_005:0301c02	合掌頂禮雙足而白佛言我等今日身心皎然快得	合 掌 頂 禮 雙 足 而 白 佛 言 我 等 今 日 身 心 皎 然 快 得 
X13n0285_005:0301c03	無礙雖復悟知一六亡義然猶未達圓通本根世尊	無 礙 雖 復 悟 知 一 六 亡 義 然 猶 未 達 圓 通 本 根 世 尊 
X13n0285_005:0301c04	我輩飄零積劫孤露何心何慮預佛天倫如失乳兒	我 輩 飄 零 積 劫 孤 露 何 心 何 慮 預 佛 天 倫 如 失 乳 兒 
X13n0285_005:0301c05	忽遇慈母若復因此際會道成所得密言還同本悟	忽 遇 慈 母 若 復 因 此 際 會 道 成 所 得 密 言 還 同 本 悟 
X13n0285_005:0301c06	則與未聞無有差別惟垂大悲惠我祕嚴成就如來	則 與 未 聞 無有差別 惟 垂 大 悲 惠 我 祕 嚴 成 就 如 來 
X13n0285_005:0301c07	最後開示作是語已五體投地退藏密機冀佛冥授。	最 後 開 示 作是語已 五體投地 退 藏 密 機 冀 佛 冥 授 
X13n0285_005:0301c08	若復因此等者正請示圓通本根也謂若因此師	若 復 因 此 等 者 正 請 示 圓 通 本 根 也 謂 若 因 此 師 
X13n0285_005:0301c09	資際會得達圓通本根而菩提道成俾所得前來	資 際 會 得 達 圓 通 本 根 而 菩 提 道 成 俾 所 得 前 來 
X13n0285_005:0301c10	密言了知的是自心本具而還同本悟則行起解	密 言 了 知 的 是 自 心 本 具 而 還 同 本 悟 則 行 起 解 
X13n0285_005:0301c11	絕方悟神珠非從外得乃與未聞無有差別耳祕	絕 方 悟 神 珠 非 從 外 得 乃 與 未 聞 無有差別 耳 祕 
X13n0285_005:0301c12	嚴者祕密妙莊嚴路也退藏密機者不起一念也	嚴 者 祕 密 妙 莊 嚴 路 也 退 藏 密 機 者 不 起 一 念 也 
X13n0285_005:0301c13	冀佛冥授者因佛敕云隨汝心中選擇知佛未必	冀 佛 冥 授 者 因 佛 敕 云 隨 汝 心 中 選 擇 知 佛 未 必 
X13n0285_005:0301c14	親宣但祈加冥授而已。二如來垂詢聖眾。	親 宣 但 祈 加 冥 授 而 已 二 如 來 垂 詢 聖 眾 
X13n0285_005:0301c15	爾時世尊普告眾中諸大菩薩及諸漏盡大阿羅漢	爾 時 世 尊 普 告 眾 中 諸 大 菩 薩 及 諸 漏 盡 大阿羅漢 
X13n0285_005:0301c16	汝等菩薩及阿羅漢生我法中得成無學我今問汝	汝 等 菩 薩 及 阿 羅 漢 生 我 法 中 得 成 無 學 我 今 問 汝 
X13n0285_005:0301c17	最初發心悟十八界誰為圓通從何方便入三摩地。	最初發心 悟 十 八 界 誰 為 圓 通 從 何 方 便 入 三 摩 地 
X13n0285_005:0301c18	垂詢聖眾其故有二一者正顯方便多門二者正	垂 詢 聖 眾 其 故 有 二 一 者 正 顯 方 便 多 門 二 者 正 
X13n0285_005:0301c19	顯門門各有成驗所謂要知山下路須問過來人	顯 門 門 各 有 成 驗 所 謂 要 知 山 下 路 須 問 過 來 人 
X13n0285_005:0301c20	也最初發心等者先開解也從何方便入三摩地	也 最初發心 等 者 先 開 解 也 從 何 方 便 入 三 摩 地 
X13n0285_005:0301c21	者依解起行也二十五聖雖未必人人先開圓解	者 依 解 起 行 也 二 十 五 聖 雖 未 必 人 人 先 開 圓 解 
X13n0285_005:0301c22	而從解起行自是修證通途軌式或見此處有最	而 從 解 起 行 自 是 修 證 通 途 軌 式 或 見 此 處 有 最 
X13n0285_005:0301c23	初字便欲擬答最初方便之問反以第一大科擬	初 字 便 欲 擬 答 最 初 方 便 之 問 反 以 第 一 大 科 擬 
X13n0285_005:0301c24	答妙奢摩等誤矣誤矣。三眾聖各說證門五初	答 妙 奢 摩 等 誤 矣 誤 矣 三 眾 聖 各 說 證 門 五 初 
X13n0285_005:0302a01	觀六塵二觀五根三觀六識四觀七大五觀耳根。	觀 六 塵 二 觀 五 根 三 觀 六 識 四 觀 七 大 五 觀 耳 根 
X13n0285_005:0302a02	初中六初陳那觀聲(至)六迦葉觀法。今初。	初 中 六 初 陳 那 觀 聲 至 六 迦 葉 觀 法 今 初 
X13n0285_005:0302a03	憍陳那五比丘即從座起頂禮佛足而白佛言我在	憍 陳 那 五 比 丘 即 從 座 起 頂禮佛足 而 白 佛 言 我 在 
X13n0285_005:0302a04	鹿苑及於雞園觀見如來最初成道於佛音聲悟明	鹿 苑 及 於 雞 園 觀 見 如 來 最 初 成 道 於 佛 音 聲 悟 明 
X13n0285_005:0302a05	四諦佛問比丘我初稱解如來印我名阿若多妙音	四 諦 佛 問 比 丘 我 初 稱 解 如 來 印 我 名 阿 若 多 妙 音 
X13n0285_005:0302a06	密圓我於音聲得阿羅漢佛問圓通如我所證音聲	密 圓 我 於 音 聲 得阿羅漢 佛 問 圓 通 如 我 所 證 音 聲 
X13n0285_005:0302a07	為上。	為 上 
X13n0285_005:0302a08	六塵圓通色應居首今先明聲塵者此方真教體	六 塵 圓 通 色 應 居 首 今 先 明 聲 塵 者 此 方 真 教 體 
X13n0285_005:0302a09	清淨在音聞且與耳根圓通一始一終互相映故	清 淨 在 音 聞 且 與 耳 根 圓 通 一 始 一 終 互 相 映 故 
X13n0285_005:0302a10	釋此二十五種圓通各為三意一明境有通別二	釋 此 二 十 五 種 圓 通 各 為 三 意 一 明 境 有 通 別 二 
X13n0285_005:0302a11	明觀有盈縮三明證有本迹境通別者十法界依	明 觀 有 盈 縮 三 明 證 有 本 迹 境 通 別 者 十 法 界 依 
X13n0285_005:0302a12	正音聲通得為所觀境今言於佛音聲悟明四諦	正 音 聲 通 得 為 所 觀 境 今 言 於 佛 音 聲 悟 明 四 諦 
X13n0285_005:0302a13	此境別也觀盈縮者佛說苦諦真實是苦不可令	此 境 別 也 觀 盈 縮 者 佛 說 苦 諦 真 實 是 苦 不 可 令 
X13n0285_005:0302a14	樂集真是因更無異因因若滅者果則必滅滅苦	樂 集 真 是 因 更 無 異 因 因 若 滅 者 果 則 必 滅 滅 苦 
X13n0285_005:0302a15	之道實是真道更無異道此是藏教生滅觀門一	之 道 實 是 真 道 更 無 異 道 此 是 藏 教 生 滅 觀 門 一 
X13n0285_005:0302a16	向是縮若只此四諦音聲迷則苦集浩然而音聲	向 是 縮 若 只 此 四 諦 音 聲 迷 則 苦 集 浩 然 而 音 聲 
X13n0285_005:0302a17	之性本非苦集悟則道滅宛爾而音聲之性亦非	之 性 本 非 苦 集 悟 則 道 滅 宛 爾 而 音 聲 之 性 亦 非 
X13n0285_005:0302a18	道滅所謂音聲性空四諦皆空此是通教無生觀	道 滅 所 謂 音 聲 性 空 四 諦 皆 空 此 是 通 教 無 生 觀 
X13n0285_005:0302a19	門望藏為盈望別仍縮若只此四諦音聲迷之具	門 望 藏 為 盈 望 別 仍 縮 若 只 此 四 諦 音 聲 迷 之 具 
X13n0285_005:0302a20	成十界苦集悟之具成十界道滅所謂分段苦變	成 十 界 苦 集 悟 之 具 成 十 界 道 滅 所 謂 分 段 苦 變 
X13n0285_005:0302a21	易苦見思集塵沙無明集偏真滅真中滅一切智	易 苦 見 思 集 塵 沙 無 明 集 偏 真 滅 真 中 滅 一 切 智 
X13n0285_005:0302a22	道一切種智道此是別教無量觀門望藏通二教	道 一切種智 道 此 是 別 教 無 量 觀 門 望 藏 通 二 教 
X13n0285_005:0302a23	為盈望圓仍縮若只此四諦音聲本如來藏妙真	為 盈 望 圓 仍 縮 若 只 此 四 諦 音 聲 本 如 來 藏 妙 真 
X13n0285_005:0302a24	如性了知如來藏中性音真空性空真音清淨本	如 性 了 知 如 來 藏 中 性 音 真 空 性 空 真 音 清 淨 本 
X13n0285_005:0302b01	然周徧法界隨眾生心應所知量或有茫然不解	然 周 徧 法 界 隨 眾 生 心 應 所 知 量 或 有 茫 然 不 解 
X13n0285_005:0302b02	或作生滅四諦解或作無生無量無作四諦解皆	或 作 生 滅 四 諦 解 或 作 無 生 無 量 無 作 四 諦 解 皆 
X13n0285_005:0302b03	是循業發現又只此四諦音聲亦即顯示四種十	是 循 業 發 現 又 只 此 四 諦 音 聲 亦 即 顯 示 四 種 十 
X13n0285_005:0302b04	二緣生亦即顯示四種六度乃至亦即顯示世出	二 緣 生 亦 即 顯 示 四 種 六 度 乃 至 亦 即 顯 示 世 出 
X13n0285_005:0302b05	世間一切諸法如四諦音聲一切佛法音聲亦復	世 間 一切諸法 如 四 諦 音 聲 一切佛法 音 聲 亦 復 
X13n0285_005:0302b06	如是如佛法音聲一切十法界依正音聲亦復如	如 是 如 佛 法 音 聲 一 切 十 法 界 依 正 音 聲 亦 復 如 
X13n0285_005:0302b07	是一音聲性一切音聲性一切音聲性一音聲性	是 一 音 聲 性 一 切 音 聲 性 一 切 音 聲 性 一 音 聲 性 
X13n0285_005:0302b08	此是圓教無作觀門乃名為盈也證本迹者鹿苑	此 是 圓 教 無 作 觀 門 乃 名 為 盈 也 證 本 迹 者 鹿 苑 
X13n0285_005:0302b09	悟道迹是藏教而妙音密圓正是密悟如來藏中	悟 道 迹 是 藏 教 而 妙 音 密 圓 正 是 密 悟 如 來 藏 中 
X13n0285_005:0302b10	性音真空性空真音清淨本然周徧法界之義葢	性 音 真 空 性 空 真 音 清 淨 本 然 周 徧 法 界 之 義 葢 
X13n0285_005:0302b11	本是圓教大士現作聲聞引物生解今既別為鈍	本 是 圓 教 大 士 現 作 聲 聞 引 物 生 解 今 既 別 為 鈍 
X13n0285_005:0302b12	而仍利一類大機不妨稱本直說正不俟法華方	而 仍 利 一 類 大 機 不 妨 稱 本 直 說 正 不 俟 法 華 方 
X13n0285_005:0302b13	開顯也我於音聲得阿羅漢者悟音聲即如來藏	開 顯 也 我 於 音 聲 得阿羅漢 者 悟 音 聲 即 如 來 藏 
X13n0285_005:0302b14	本自不生故得證生果下皆倣此。二沙陀觀色。	本 自 不 生 故 得 證 生 果 下 皆 倣 此 二 沙 陀 觀 色 
X13n0285_005:0302b15	優波尼沙陀即從座起頂禮佛足而白佛言我亦觀	優 波 尼 沙 陀 即 從 座 起 頂禮佛足 而 白 佛 言 我 亦 觀 
X13n0285_005:0302b16	佛最初成道觀不淨相生大厭離悟諸色性以從不	佛 最 初 成 道 觀 不 淨 相 生 大 厭 離 悟 諸 色 性 以 從 不 
X13n0285_005:0302b17	淨白骨微塵歸於虗空空色二無成無學道如來印	淨 白 骨 微 塵 歸 於 虗 空 空 色 二 無 成 無 學 道 如 來 印 
X13n0285_005:0302b18	我名尼沙陀塵色既盡妙色密圓我從色相得阿羅	我 名 尼 沙 陀 塵 色 既 盡 妙 色 密 圓 我 從 色 相 得 阿 羅 
X13n0285_005:0302b19	漢佛問圓通如我所證色因為上。	漢 佛 問 圓 通 如 我 所 證 色 因 為 上 
X13n0285_005:0302b20	境通別者依正諸塵眼家所對通名為色今觀不	境 通 別 者 依 正 諸 塵 眼 家 所 對 通 名 為 色 今 觀 不 
X13n0285_005:0302b21	淨別在內色悟諸色性以從不淨者所謂五種不	淨 別 在 內 色 悟 諸 色 性 以 從 不 淨 者 所 謂 五 種 不 
X13n0285_005:0302b22	淨一生處不淨胎中與糞穢雜處生從尿道而出	淨 一 生 處 不 淨 胎 中 與 糞 穢 雜 處 生 從 尿 道 而 出 
X13n0285_005:0302b23	二種子不淨攬父母精血為體三相不淨從頭至	二 種 子 不 淨 攬 父 母 精 血 為 體 三 相 不 淨 從 頭 至 
X13n0285_005:0302b24	足純是穢物四性不淨根本從穢業生托於穢物	足 純 是 穢 物 四 性 不 淨 根 本 從 穢 業 生 托 於 穢 物 
X13n0285_005:0302c01	長養其性自是不可改變身中共三十六物內有	長 養 其 性 自 是 不 可 改 變 身 中 共 三 十 六 物 內 有 
X13n0285_005:0302c02	十二名性不淨(皮膚血肉筋脉骨隨肪膏腦膜)外有十二名相不	十 二 名 性 不 淨 皮 膚 血 肉 筋 脉 骨 隨 肪 膏 腦 膜 外 有 十 二 名 相 不 
X13n0285_005:0302c03	淨(髮毛爪齒眵淚涎唾屎尿垢汗)中有十二通於相性(肝膽腸胃脾腎心肺	淨 髮毛爪齒 眵 淚 涎 唾 屎 尿 垢 汗 中 有 十 二 通 於 相 性 肝 膽 腸 胃 脾 腎 心 肺 
X13n0285_005:0302c04	生藏熟藏赤痰白痰)五究竟不淨業盡報終如朽敗木大小	生 藏 熟 藏 赤 痰 白 痰 五 究 竟 不 淨 業 盡 報 終 如 朽 敗 木 大 小 
X13n0285_005:0302c05	不淨盈流於外體生諸蟲唼食其肉皮肉既盡惟	不 淨 盈 流 於 外 體 生 諸 蟲 唼 食 其 肉 皮 肉 既 盡 惟 
X13n0285_005:0302c06	餘白骨等言白骨微塵歸於虗空者明其不淨苦	餘 白 骨 等 言 白 骨 微 塵 歸 於 虗 空 者 明 其 不 淨 苦 
X13n0285_005:0302c07	空無常無我耳與外道七分析色之邪計不相侔	空 無 常 無 我 耳 與 外 道 七 分 析 色 之 邪 計 不 相 侔 
X13n0285_005:0302c08	也空色二無者對色說空色既非真空亦烏有從	也 空 色 二 無 者 對 色 說 空 色 既 非 真 空 亦 烏 有 從 
X13n0285_005:0302c09	此會入真諦故成無學也觀盈縮者觀身六分所	此 會 入 真 諦 故 成 無 學 也 觀 盈 縮 者 觀 身 六 分 所 
X13n0285_005:0302c10	成所謂地水火風空識無我我所惟是不淨即藏	成 所 謂 地水火風 空 識 無我我所 惟 是 不 淨 即 藏 
X13n0285_005:0302c11	教意觀不淨色如夢如影淨不淨俱不可得即通	教 意 觀 不 淨 色 如 夢 如 影 淨 不 淨 俱 不 可 得 即 通 
X13n0285_005:0302c12	教意觀此身色能成十法界淨不淨差別因果即	教 意 觀 此 身 色 能 成 十 法 界 淨 不 淨 差 別 因 果 即 
X13n0285_005:0302c13	別教意觀此身色本如來藏妙真如性如來藏中	別 教 意 觀 此 身 色 本 如 來 藏 妙 真 如 性 如 來 藏 中 
X13n0285_005:0302c14	性色真空性空真色等即圓教意也證本迹者初	性 色 真 空 性 空 真 色 等 即 圓 教 意 也 證 本 迹 者 初 
X13n0285_005:0302c15	云觀不淨相生大厭離迹在藏教次云妙色密圓	云 觀 不 淨 相 生 大 厭 離 迹 在 藏 教 次 云 妙 色 密 圓 
X13n0285_005:0302c16	則密入藏性矣。三香嚴觀香。	則 密 入 藏 性 矣 三 香 嚴 觀 香 
X13n0285_005:0302c17	香嚴童子即從座起頂禮佛足而白佛言我聞如來	香 嚴 童 子 即 從 座 起 頂禮佛足 而 白 佛 言 我 聞 如 來 
X13n0285_005:0302c18	教我諦觀諸有為相我時辭佛宴晦清齋見諸比丘	教 我 諦 觀 諸 有 為 相 我 時 辭 佛 宴 晦 清 齋 見 諸 比 丘 
X13n0285_005:0302c19	燒沉水香香氣寂然來入鼻中我觀此氣非(生於)木非	燒 沉 水 香 香 氣 寂 然 來 入 鼻 中 我 觀 此 氣 非 生 於 木 非 
X13n0285_005:0302c20	(生於)空非(生於)煙非(生於)火去無所著來無所從由是意銷	 生 於 空 非 生 於 煙 非 生 於 火 去 無 所 著 來 無 所 從 由 是 意 銷 
X13n0285_005:0302c21	發明無漏如來印我得香嚴號塵氣倐滅妙香密圓	發 明 無 漏 如 來 印 我 得 香 嚴 號 塵 氣 倐 滅 妙 香 密 圓 
X13n0285_005:0302c22	我從香嚴得阿羅漢佛問圓通如我所證香嚴為上。	我 從 香 嚴 得阿羅漢 佛 問 圓 通 如 我 所 證 香 嚴 為 上 
X13n0285_005:0302c23	境通別者一切依正諸香臭氣鼻家所對通名為	境 通 別 者 一 切 依 正 諸 香 臭 氣 鼻 家 所 對 通 名 為 
X13n0285_005:0302c24	香今觸境發悟別在沉水香也觀盈縮者觀此香	香 今 觸 境 發 悟 別 在 沉 水 香 也 觀 盈 縮 者 觀 此 香 
X13n0285_005:0303a01	氣苦空無常即藏教意觀香無生即通教意觀此	氣 苦 空 無 常 即 藏 教 意 觀 香 無 生 即 通 教 意 觀 此 
X13n0285_005:0303a02	香塵能成十界因果差別即別教意觀此香塵即	香 塵 能 成 十 界 因果差別 即 別 教 意 觀 此 香 塵 即 
X13n0285_005:0303a03	如來藏乃至如來藏中性香真空性空真香等即	如 來 藏 乃 至 如 來 藏 中 性 香 真 空 性 空 真 香 等 即 
X13n0285_005:0303a04	圓教意也證本迹者去無所著來無所從得阿羅	圓 教 意 也 證 本 迹 者 去 無 所 著 來 無 所 從 得 阿 羅 
X13n0285_005:0303a05	漢迹在通教妙香密圓悟藏性矣。四藥王觀味。	漢 迹 在 通 教 妙 香 密 圓 悟 藏 性 矣 四 藥 王 觀 味 
X13n0285_005:0303a06	藥王藥上二法王子并在會中五百梵天即從座起	藥 王 藥 上 二 法 王 子 并 在 會 中 五 百 梵 天 即 從 座 起 
X13n0285_005:0303a07	頂禮佛足而白佛言我無始劫為世良醫口中嘗此	頂禮佛足 而 白 佛 言 我 無 始 劫 為 世 良 醫 口 中 嘗 此 
X13n0285_005:0303a08	娑婆世界草木金石名數凡有十萬八千如是悉知	娑婆世界 草 木 金 石 名 數 凡 有 十 萬 八 千 如 是 悉 知 
X13n0285_005:0303a09	苦醋醎淡甘辛等味并諸和合俱生變異是冷是熱	苦 醋 醎 淡 甘 辛 等 味 并 諸 和 合 俱 生 變 異 是 冷 是 熱 
X13n0285_005:0303a10	有毒無毒悉能徧知承事如來了知味性非空非有	有 毒 無 毒 悉 能 徧 知 承 事 如 來 了 知 味 性 非 空 非 有 
X13n0285_005:0303a11	非即身心非離身心分別味因從是開悟蒙佛如來	非 即 身 心 非 離 身 心 分 別 味 因 從 是 開 悟 蒙 佛 如 來 
X13n0285_005:0303a12	印我昆季藥王藥上二菩薩名今於會中為法王子	印 我 昆 季 藥 王 藥 上 二 菩 薩 名 今 於 會 中 為 法 王 子 
X13n0285_005:0303a13	因味覺明位登菩薩佛問圓通如我所證味因為上。	因 味 覺 明 位 登 菩 薩 佛 問 圓 通 如 我 所 證 味 因 為 上 
X13n0285_005:0303a14	境通別者隨遇一味其境則別今徧嘗諸味其境	境 通 別 者 隨 遇 一 味 其 境 則 別 今 徧 嘗 諸 味 其 境 
X13n0285_005:0303a15	則通也諸味宛然故非空無實體性故非有不生	則 通 也 諸 味 宛 然 故 非 空 無 實 體 性 故 非 有 不 生 
X13n0285_005:0303a16	於舌故非即身心無舌不知故非離身心味因者	於 舌 故 非 即 身 心 無 舌 不 知 故 非 離 身 心 味 因 者 
X13n0285_005:0303a17	藏性是味之本因也觀盈縮者觀此諸味苦空無	藏 性 是 味 之 本 因 也 觀 盈 縮 者 觀 此 諸 味 苦 空 無 
X13n0285_005:0303a18	常即藏教意觀味無生即通教意分別無量諸味	常 即 藏 教 意 觀 味 無 生 即 通 教 意 分 別 無 量 諸 味 
X13n0285_005:0303a19	乃至具足十界因果即別教意味性即如來藏乃	乃 至 具 足 十 界 因 果 即 別 教 意 味 性 即 如 來 藏 乃 
X13n0285_005:0303a20	至如來藏中性味真空性空真味等即圓教意也	至 如 來 藏 中 性 味 真 空 性 空 真 味 等 即 圓 教 意 也 
X13n0285_005:0303a21	證本迹者初為良醫以此行菩薩道似屬藏教或	證 本 迹 者 初 為 良 醫 以 此 行菩薩道 似 屬 藏 教 或 
X13n0285_005:0303a22	是別教初心承事如來了知味性非空非有等則	是 別 教 初 心 承 事 如 來 了 知 味 性 非 空 非 有 等 則 
X13n0285_005:0303a23	本迹俱圓矣。五賢護觀觸。	本 迹 俱 圓 矣 五 賢 護 觀 觸 
X13n0285_005:0303a24	跋陀婆羅并其同伴十六開士即從座起頂禮佛足	跋 陀 婆 羅 并 其 同 伴 十 六 開 士 即 從 座 起 頂禮佛足 
X13n0285_005:0303b01	而白佛言我等先於威音王佛聞法出家於浴僧時	而 白 佛 言 我 等 先 於 威 音 王 佛 聞 法 出 家 於 浴 僧 時 
X13n0285_005:0303b02	隨例入室忽悟水因既不洗塵亦不洗體中間安然	隨 例 入 室 忽 悟 水 因 既 不 洗 塵 亦 不 洗 體 中 間 安 然 
X13n0285_005:0303b03	得無所有宿習無忘乃至今時從佛出家令得無學	得 無 所 有 宿 習 無 忘 乃 至 今 時 從 佛 出 家 令 得 無 學 
X13n0285_005:0303b04	彼佛名我跋陀婆羅妙觸宣明成佛子住佛問圓通	彼 佛 名 我 跋 陀 婆 羅 妙 觸 宣 明 成 佛 子 住 佛 問 圓 通 
X13n0285_005:0303b05	如我所證觸因為上。	如 我 所 證 觸 因 為 上 
X13n0285_005:0303b06	跋陀婆羅此云賢護亦云賢首境通別者一切冷	跋 陀 婆 羅 此 云 賢 護 亦 云 賢 首 境 通 別 者 一 切 冷 
X13n0285_005:0303b07	煖痛癢諸塵身家所緣通名為觸今於浴室發悟	煖 痛 癢 諸 塵 身 家 所 緣 通 名 為 觸 今 於 浴 室 發 悟 
X13n0285_005:0303b08	其境則別言水因者即觸塵也因水有觸故名水	其 境 則 別 言 水 因 者 即 觸 塵 也 因 水 有 觸 故 名 水 
X13n0285_005:0303b09	因又推用水洗身之因名為水因若云洗塵無體	因 又 推 用 水 洗 身 之 因 名 為 水 因 若 云 洗 塵 無 體 
X13n0285_005:0303b10	則誰知洗者且何不竟洗地水火風若云洗體無	則 誰 知 洗 者 且 何 不 竟 洗 地水火風 若 云 洗 體 無 
X13n0285_005:0303b11	塵則安所用洗且何嘗洗得勝義根乎展轉推簡	塵 則 安 所 用 洗 且 何 嘗 洗 得 勝 義 根 乎 展 轉 推 簡 
X13n0285_005:0303b12	觸塵本空觸既本空欲何分別得此悟門歷劫不	觸 塵 本 空 觸 既 本 空 欲 何 分 別 得 此 悟 門 歷 劫 不 
X13n0285_005:0303b13	昧故云宿習無忘也觀盈縮者觀順觸是壞苦違	昧 故 云 宿 習 無 忘 也 觀 盈 縮 者 觀 順 觸 是 壞 苦 違 
X13n0285_005:0303b14	觸是苦苦非順非違觸是行苦即藏教意能觸如	觸 是 苦 苦 非 順 非 違 觸 是 行 苦 即 藏 教 意 能 觸 如 
X13n0285_005:0303b15	幻所觸亦然即通教意於一觸塵出生十界因果	幻 所 觸 亦 然 即 通 教 意 於 一 觸 塵 出 生 十 界 因 果 
X13n0285_005:0303b16	差別即別教意觸性即如來藏乃至如來藏中性	差 別 即 別 教 意 觸 性 即 如 來 藏 乃 至 如 來 藏 中 性 
X13n0285_005:0303b17	觸真空性空真觸等即圓教意也證本迹者初悟	觸 真 空 性 空 真 觸 等 即 圓 教 意 也 證 本 迹 者 初 悟 
X13n0285_005:0303b18	水因僅在別教十信已曾仰信中道故佛名為跋	水 因 僅 在 別 教 十 信 已 曾 仰 信 中 道 故 佛 名 為 跋 
X13n0285_005:0303b19	陀婆羅出其圓解未開所以謗不輕而久墮今則	陀 婆 羅 出 其 圓 解 未 開 所 以 謗 不 輕 而 久 墮 今 則 
X13n0285_005:0303b20	仍賴本悟門而證果證圓住也。六迦葉觀法。	仍 賴 本 悟 門 而 證 果 證 圓 住 也 六 迦 葉 觀 法 
X13n0285_005:0303b21	摩訶迦葉及紫金光比丘尼等即從座起頂禮佛足	摩 訶 迦 葉 及 紫 金 光 比 丘 尼 等 即 從 座 起 頂禮佛足 
X13n0285_005:0303b22	而白佛言我於往劫於此界中有佛出世名日月燈	而 白 佛 言 我 於 往 劫 於 此 界 中 有 佛 出 世 名 日 月 燈 
X13n0285_005:0303b23	我得親近聞法修學佛滅度後供養舍利然燈續明	我 得 親 近 聞 法 修 學 佛 滅 度 後 供 養 舍 利 然 燈 續 明 
X13n0285_005:0303b24	以紫金光塗佛形像自爾以來世世生生身常圓滿	以 紫 金 光 塗 佛 形 像 自 爾 以 來 世 世 生 生 身 常 圓 滿 
X13n0285_005:0303c01	紫金光聚此紫金光比丘尼等即我眷屬同時發心	紫 金 光 聚 此 紫 金 光 比 丘 尼 等 即 我 眷 屬 同 時 發 心 
X13n0285_005:0303c02	我觀世間六塵變壞唯以空寂修於滅盡身心乃能	我 觀 世 間 六 塵 變 壞 唯 以 空 寂 修 於 滅 盡 身 心 乃 能 
X13n0285_005:0303c03	度百千劫猶如彈指我以空法成阿羅漢世尊說我	度 百 千 劫 猶 如 彈 指 我 以 空 法 成 阿 羅 漢 世 尊 說 我 
X13n0285_005:0303c04	頭陀為最妙法開明銷滅諸漏佛問圓通如我所證	頭 陀 為 最 妙 法 開 明 銷 滅 諸 漏 佛 問 圓 通 如 我 所 證 
X13n0285_005:0303c05	法因為上。	法 因 為 上 
X13n0285_005:0303c06	摩訶迦葉此云大飲光我於往劫下先敘緣善我	摩 訶 迦 葉 此 云 大 飲 光 我 於 往 劫 下 先 敘 緣 善 我 
X13n0285_005:0303c07	觀世間下方說修因也頭陀此云抖擻約理即是	觀 世 間 下 方 說 修 因 也 頭 陀 此 云 抖 擻 約 理 即 是 
X13n0285_005:0303c08	迥出法塵應知四教抖擻差別約事則有十二種	迥 出 法 塵 應 知 四 教 抖 擻 差 別 約 事 則 有 十 二 種 
X13n0285_005:0303c09	行一阿蘭若二常乞食三次第乞四一食五節量	行 一 阿 蘭 若 二 常 乞 食 三 次 第 乞 四 一 食 五 節 量 
X13n0285_005:0303c10	食六中後不飲漿七糞掃衣八但三衣九塚間十	食 六 中 後 不 飲 漿 七 糞 掃 衣 八 但 三 衣 九 塚 間 十 
X13n0285_005:0303c11	樹下十一露地十二但坐不臥也境通別者通則	樹 下 十 一 露 地 十 二 但坐不臥 也 境 通 別 者 通 則 
X13n0285_005:0303c12	世出世間一切諸法凡是意家所緣皆名為法別	世出世間 一切諸法 凡 是 意 家 所 緣 皆 名 為 法 別 
X13n0285_005:0303c13	則隨拈一塵生滅影子並得為境今觀六塵變壞	則 隨 拈 一 塵 生 滅 影 子 並 得 為 境 今 觀 六 塵 變 壞 
X13n0285_005:0303c14	唯以空寂修於滅盡即是借通顯別別以空法為	唯 以 空 寂 修 於 滅 盡 即 是 借 通 顯 別 別 以 空 法 為 
X13n0285_005:0303c15	所觀也觀盈縮者由塵變壞方知空寂即藏教意	所 觀 也 觀 盈 縮 者 由 塵 變 壞 方 知 空 寂 即 藏 教 意 
X13n0285_005:0303c16	六塵本空非滅故空即通教意分別六塵無量差	六 塵 本 空 非 滅 故 空 即 通 教 意 分 別 六 塵 無 量 差 
X13n0285_005:0303c17	別空亦不同即別教意了知法塵本如來藏乃至	別 空 亦 不 同 即 別 教 意 了 知 法 塵 本 如 來 藏 乃 至 
X13n0285_005:0303c18	如來藏中性法真空性空真法等即圓教意也證	如 來 藏 中 性 法 真 空 性 空 真 法 等 即 圓 教 意 也 證 
X13n0285_005:0303c19	本迹者觀塵變壞以空修滅迹在藏教妙法開明	本 迹 者 觀 塵 變 壞 以 空 修 滅 迹 在 藏 教 妙 法 開 明 
X13n0285_005:0303c20	知如來藏具一切法則密入圓教矣。二觀五根	知 如 來 藏 具 一 切 法 則 密 入 圓 教 矣 二 觀 五 根 
X13n0285_005:0303c21	以耳根為此方當機至後方廣陳之故今略明惟	以 耳 根 為 此 方 當 機 至 後 方 廣 陳 之 故 今 略 明 惟 
X13n0285_005:0303c22	有五人即分為五初阿那律觀眼(至)五須菩提觀	有 五 人 即 分 為 五 初 阿 那 律 觀 眼 至 五 須 菩 提 觀 
X13n0285_005:0303c23	意。今初。	意 今 初 
X13n0285_005:0303c24	阿那律陀即從座起頂禮佛足而白佛言我初出家	阿 那 律 陀 即 從 座 起 頂禮佛足 而 白 佛 言 我 初 出 家 
X13n0285_005:0304a01	常樂睡眠如來訶我為畜生類我聞佛訶啼泣自責	常 樂 睡 眠 如 來 訶 我 為 畜 生 類 我 聞 佛 訶 啼 泣 自 責 
X13n0285_005:0304a02	七日不眠失其雙目世尊示我樂見照明金剛三昧	七 日 不 眠 失 其 雙 目 世 尊 示 我 樂 見 照 明 金 剛 三 昧 
X13n0285_005:0304a03	我不因眼觀見十方精真洞然如觀掌果如來印我	我 不 因 眼 觀 見 十 方 精 真 洞 然 如 觀 掌 果 如 來 印 我 
X13n0285_005:0304a04	成阿羅漢佛問圓通如我所證旋見循元斯為第一。	成 阿 羅 漢 佛 問 圓 通 如 我 所 證 旋 見 循 元 斯 為 第 一 
X13n0285_005:0304a05	阿那律陀此云無貧亦云如意境通別者見暗見	阿 那 律 陀 此 云 無 貧 亦 云 如 意 境 通 別 者 見 暗 見 
X13n0285_005:0304a06	明見通見塞通名為見今既失目別觀見暗之時	明 見 通 見 塞 通 名 為 見 今 既 失 目 別 觀 見 暗 之 時 
X13n0285_005:0304a07	見非是暗以達性無虧損也樂見照明者如是見	見 非 是 暗 以 達 性 無 虧 損 也 樂 見 照 明 者 如 是 見 
X13n0285_005:0304a08	性是心非眼故雖盲而不失也金剛者性不可壞	性 是 心 非 眼 故 雖 盲 而 不 失 也 金 剛 者 性 不 可 壞 
X13n0285_005:0304a09	也三昧者依性成修也觀盈縮者緣見因明暗無	也 三 昧 者 依 性 成 修 也 觀 盈 縮 者 緣 見 因 明 暗 無 
X13n0285_005:0304a10	所見則知眼入無常無我即藏教意明暗如幻能	所 見 則 知 眼 入 無 常 無 我 即 藏 教 意 明 暗 如 幻 能 
X13n0285_005:0304a11	見亦然即通教意五眼差別分對十界即別教意	見 亦 然 即 通 教 意 五 眼 差 別 分 對 十 界 即 別 教 意 
X13n0285_005:0304a12	目入即如來藏如來藏中性見覺明覺精明見乃	目 入 即 如 來 藏 如 來 藏 中 性 見 覺 明 覺 精 明 見 乃 
X13n0285_005:0304a13	至循業發現即圓教意證本迹者成阿羅漢迹在	至 循 業 發 現 即 圓 教 意 證 本 迹 者 成 阿 羅 漢 迹 在 
X13n0285_005:0304a14	通教而所示三昧本屬圓宗旋見者不流逸奔色	通 教 而 所 示 三 昧 本 屬 圓 宗 旋 見 者 不 流 逸 奔 色 
X13n0285_005:0304a15	除於根結也循元者悟眼入本如來藏也。二繼	除 於 根 結 也 循 元 者 悟 眼 入 本 如 來 藏 也 二 繼 
X13n0285_005:0304a16	道觀鼻。	道 觀 鼻 
X13n0285_005:0304a17	周利槃特迦即從座起頂禮佛足而白佛言我闕誦	周 利 槃 特 迦 即 從 座 起 頂禮佛足 而 白 佛 言 我 闕 誦 
X13n0285_005:0304a18	持無多聞性最初值佛聞法出家憶持如來一句伽	持 無 多 聞 性 最 初 值 佛 聞 法 出 家 憶 持 如 來 一 句 伽 
X13n0285_005:0304a19	陀於一百日得前遺後得後遺前佛愍我愚教我安	陀 於 一 百 日 得 前 遺 後 得 後 遺 前 佛 愍 我 愚 教 我 安 
X13n0285_005:0304a20	居調出入息我時觀息微細窮盡生住異滅諸行剎	居 調 出 入 息 我 時 觀 息 微 細 窮 盡 生住異滅 諸 行 剎 
X13n0285_005:0304a21	那其心豁然得大無礙乃至漏盡成阿羅漢住佛座	那 其 心 豁 然 得 大 無 礙 乃 至 漏 盡 成 阿 羅 漢 住 佛 座 
X13n0285_005:0304a22	下印成無學佛問圓通如我所證反息循空斯為第	下 印 成 無 學 佛 問 圓 通 如 我 所 證 反 息 循 空 斯 為 第 
X13n0285_005:0304a23	一。	一 
X13n0285_005:0304a24	周利槃特迦此云繼道亦云小路無多聞性者往	周 利 槃 特 迦 此 云 繼 道 亦 云 小 路 無 多 聞 性 者 往 
X13n0285_005:0304b01	昔曾為三藏法師由慳法故今招此報所誦伽陀	昔 曾 為 三藏法師 由 慳 法 故 今 招 此 報 所 誦 伽 陀 
X13n0285_005:0304b02	根本律中載之偈曰身語意業不造惡不惱世間	根 本 律 中 載 之 偈 曰 身語意業 不 造 惡 不 惱 世 間 
X13n0285_005:0304b03	諸有情正念觀知欲境空無益之苦當遠離調出	諸 有 情 正 念 觀 知 欲 境 空 無 益 之 苦 當 遠 離 調 出 
X13n0285_005:0304b04	入息有似□□□□□□十六特勝所謂安那般	入 息 有 似 十 六 特 勝 所 謂 安 那 般 
X13n0285_005:0304b05	那三昧息出知出息入知入等出其愚癡無智故	那 三 昧 息 出 知 出 息 入 知 入 等 出 其 愚 癡 無 智 故 
X13n0285_005:0304b06	令於此鼻息了了常知可以破愚暗也境通別者	令 於 此 鼻 息 了 了 常 知 可 以 破 愚 暗 也 境 通 別 者 
X13n0285_005:0304b07	領納香臭通名鼻入今不取知香知臭但調出入	領 納 香 臭 通 名 鼻 入 今 不 取 知 香 知 臭 但 調 出 入 
X13n0285_005:0304b08	其境則別也觀盈縮者此息無常無我不淨苦空	其 境 則 別 也 觀 盈 縮 者 此 息 無 常 無 我 不 淨 苦 空 
X13n0285_005:0304b09	即藏教意此息出無所去入無來處即通教意觀	即 藏 教 意 此 息 出 無 所 去 入 無 來 處 即 通 教 意 觀 
X13n0285_005:0304b10	此鼻入具足十界差別因果不同即別教意鼻入	此 鼻 入 具 足 十 界 差 別 因 果 不 同 即 別 教 意 鼻 入 
X13n0285_005:0304b11	即如來藏如來藏中性齅覺明覺精明齅等即圓	即 如 來 藏 如 來 藏 中 性 齅 覺 明 覺 精 明 齅 等 即 圓 
X13n0285_005:0304b12	教意證本迹者觀息微細迹在藏教返息循空悟	教 意 證 本 迹 者 觀 息 微 細 迹 在 藏 教 返 息 循 空 悟 
X13n0285_005:0304b13	其本如來藏亦密入圓住矣。三牛呞觀舌。	其 本 如 來 藏 亦 密 入 圓 住 矣 三 牛 呞 觀 舌 
X13n0285_005:0304b14	憍梵鉢提即從座起頂禮佛足而白佛言我有口業	憍 梵 鉢 提 即 從 座 起 頂禮佛足 而 白 佛 言 我 有 口 業 
X13n0285_005:0304b15	於過去劫輕弄沙門生生世世有牛呞病如來示我	於 過 去 劫 輕 弄 沙 門 生生世世 有 牛 呞 病 如 來 示 我 
X13n0285_005:0304b16	一味清淨心地法門我得滅心入三摩地觀味之知	一 味 清 淨 心 地 法 門 我 得 滅 心 入 三 摩 地 觀 味 之 知 
X13n0285_005:0304b17	非體非物應念得超世間諸漏內脫身心外遺世界	非 體 非 物 應 念 得 超 世 間 諸 漏 內 脫 身 心 外 遺 世 界 
X13n0285_005:0304b18	遠離三有如鳥出籠離垢銷塵法眼清淨成阿羅漢	遠 離 三 有 如 鳥 出 籠 離 垢 銷 塵 法 眼 清 淨 成 阿 羅 漢 
X13n0285_005:0304b19	如來親印登無學道佛問圓通如我所證還味旋知	如 來 親 印 登 無 學 道 佛 問 圓 通 如 我 所 證 還 味 旋 知 
X13n0285_005:0304b20	斯為第一。	斯 為 第 一 
X13n0285_005:0304b21	憍梵鉢提此云牛呞境通別者知淡知甜乃至知	憍 梵 鉢 提 此 云 牛 呞 境 通 別 者 知 淡 知 甜 乃 至 知 
X13n0285_005:0304b22	苦通名舌根今令返觀知淡之時知非是淡乃至	苦 通 名 舌 根 今 令 返 觀 知 淡 之 時 知 非 是 淡 乃 至 
X13n0285_005:0304b23	知苦之時知非是苦等所謂無味之味亦是味中	知 苦 之 時 知 非 是 苦 等 所 謂 無 味 之 味 亦 是 味 中 
X13n0285_005:0304b24	上味以其不流逸而奔味故名一味清淨心地法	上 味 以 其 不 流 逸 而 奔 味 故 名 一 味 清 淨 心 地 法 
X13n0285_005:0304c01	門此境別也我得滅心者滅其知味之心不由前	門 此 境 別 也 我 得 滅 心 者 滅 其 知 味 之 心 不 由 前 
X13n0285_005:0304c02	塵起知見也非體者非生於舌非物者非生於物	塵 起 知 見 也 非 體 者 非 生 於 舌 非 物 者 非 生 於 物 
X13n0285_005:0304c03	具如第三卷破舌入中廣明由悟非體故內脫身	具 如 第 三 卷 破 舌 入 中 廣 明 由 悟 非 體 故 內 脫 身 
X13n0285_005:0304c04	心由悟非物故外遺世界也觀盈縮者觀此舌入	心 由 悟 非 物 故 外 遺 世 界 也 觀 盈 縮 者 觀 此 舌 入 
X13n0285_005:0304c05	無常無我即藏教意舌入即空是通教意舌入出	無 常 無 我 即 藏 教 意 舌 入 即 空 是 通 教 意 舌 入 出 
X13n0285_005:0304c06	生十界因果是別教意舌入即如來藏如來藏中	生 十 界 因 果 是 別 教 意 舌 入 即 如 來 藏 如 來 藏 中 
X13n0285_005:0304c07	性甞覺明覺精明甞等是圓教意也證本迹者非	性 甞 覺 明 覺 精 明 甞 等 是 圓 教 意 也 證 本 迹 者 非 
X13n0285_005:0304c08	體非物迹在通教還味旋知悟入藏性矣。四餘	體 非 物 迹 在 通 教 還 味 旋 知 悟 入 藏 性 矣 四 餘 
X13n0285_005:0304c09	習觀身。	習 觀 身 
X13n0285_005:0304c10	畢陵伽婆蹉即從座起頂禮佛足而白佛言我初發	畢 陵 伽 婆 蹉 即 從 座 起 頂禮佛足 而 白 佛 言 我 初 發 
X13n0285_005:0304c11	心從佛入道數聞如來說諸世間不可樂事乞食城	心 從 佛 入 道 數 聞 如 來 說 諸 世 間 不 可 樂 事 乞 食 城 
X13n0285_005:0304c12	中心思法門不覺路中毒刺傷足舉身疼痛我念有	中 心 思 法 門 不 覺 路 中 毒 刺 傷 足 舉 身 疼 痛 我 念 有 
X13n0285_005:0304c13	知知此深痛雖覺覺痛覺清淨心無痛痛覺我又思	知 知 此 深 痛 雖 覺 覺 痛 覺 清 淨 心 無 痛 痛 覺 我 又 思 
X13n0285_005:0304c14	惟如是一身寧有雙覺攝念未久身心忽空三七日	惟 如 是 一 身 寧 有 雙 覺 攝 念 未 久 身 心 忽 空 三 七 日 
X13n0285_005:0304c15	中諸漏虗盡成阿羅漢得親印記發明無學佛問圓	中 諸 漏 虗 盡 成 阿 羅 漢 得 親 印 記 發 明 無 學 佛 問 圓 
X13n0285_005:0304c16	通如我所證純覺遺身斯為第一。	通 如 我 所 證 純 覺 遺 身 斯 為 第 一 
X13n0285_005:0304c17	畢陵伽婆蹉此云餘習多慢習故境通別者覺痛	畢 陵 伽 婆 蹉 此 云 餘 習 多 慢 習 故 境 通 別 者 覺 痛 
X13n0285_005:0304c18	覺癢覺寒覺熱等通名身入今因毒刺傷足別以	覺 癢 覺 寒 覺 熱 等 通 名 身 入 今 因 毒 刺 傷 足 別 以 
X13n0285_005:0304c19	痛覺為境也言雖此知覺能覺於痛而覺清淨心	痛 覺 為 境 也 言 雖 此 知 覺 能 覺 於 痛 而 覺 清 淨 心 
X13n0285_005:0304c20	依然如故曾無有痛能痛著此覺者葢設使此覺	依 然 如 故 曾 無 有 痛 能 痛 著 此 覺 者 葢 設 使 此 覺 
X13n0285_005:0304c21	為痛所痛則覺已成痛誰知痛者今既能覺於痛	為 痛 所 痛 則 覺 已 成 痛 誰 知 痛 者 今 既 能 覺 於 痛 
X13n0285_005:0304c22	則覺本未甞痛也如是一身寧有雙覺一受痛一	則 覺 本 未 甞 痛 也 如 是 一 身 寧 有 雙 覺 一 受 痛 一 
X13n0285_005:0304c23	無痛哉故知迷則全覺成痛悟則全痛是覺耳此	無 痛 哉 故 知 迷 則 全 覺 成 痛 悟 則 全 痛 是 覺 耳 此 
X13n0285_005:0304c24	與第二卷中覺所覺眚覺非眚中一般道理兼證	與 第 二 卷 中 覺 所 覺 眚 覺 非 眚 中 一 般 道 理 兼 證 
X13n0285_005:0305a01	見見非見之性尤為親切若隨痛轉則全真覺為	見 見 非 見 之 性 尤 為 親 切 若 隨 痛 轉 則 全 真 覺 為 
X13n0285_005:0305a02	妄覺所謂覺是見分痛是相分二分之外更無真	妄 覺 所 謂 覺 是 見 分 痛 是 相 分 二 分 之 外 更 無 真 
X13n0285_005:0305a03	覺可得如二月之外別無真月眚影之外別無清	覺 可 得 如 二 月 之 外 別 無 真 月 眚 影 之 外 別 無 清 
X13n0285_005:0305a04	淨目也若知只此能覺痛者從來痛他不著則知	淨 目 也 若 知 只 此 能 覺 痛 者 從 來 痛 他 不 著 則 知 
X13n0285_005:0305a05	終日在妄終日恒真覺既惟心痛亦惟心只此二	終 日 在 妄 終 日 恒 真 覺 既 惟 心 痛 亦 惟 心 只 此 二 
X13n0285_005:0305a06	分元是菩提妙淨明體如即此二月全是月體即	分 元 是 菩 提 妙 淨 明 體 如 即 此 二 月 全 是 月 體 即 
X13n0285_005:0305a07	此青影全依日體也是則不惟覺本是覺而且痛	此 青 影 全 依 日 體 也 是 則 不 惟 覺 本 是 覺 而 且 痛 
X13n0285_005:0305a08	亦是覺故曰純覺不惟痛本無痛而且身本無身	亦 是 覺 故 曰 純 覺 不 惟 痛 本 無 痛 而 且 身 本 無 身 
X13n0285_005:0305a09	故曰遺身耳觀盈縮者觀覺痛覺癢等覺皆是無	故 曰 遺 身 耳 觀 盈 縮 者 觀 覺 痛 覺 癢 等 覺 皆 是 無 
X13n0285_005:0305a10	常無我即藏教意所覺如幻能覺亦然即通教意	常 無 我 即 藏 教 意 所 覺 如 幻 能 覺 亦 然 即 通 教 意 
X13n0285_005:0305a11	出此身入能成十界因果即別教意身入即如來	出 此 身 入 能 成 十 界 因 果 即 別 教 意 身 入 即 如 來 
X13n0285_005:0305a12	藏如來藏中性覺覺明覺精明覺等即圓教意也	藏 如 來 藏 中 性 覺 覺 明 覺 精 明 覺 等 即 圓 教 意 也 
X13n0285_005:0305a13	證本迹者身心怱空迹在通教純覺遺身悟入藏	證 本 迹 者 身 心 怱 空 迹 在 通 教 純 覺 遺 身 悟 入 藏 
X13n0285_005:0305a14	性矣。五須菩提觀意。	性 矣 五 須 菩 提 觀 意 
X13n0285_005:0305a15	須菩提即從座起頂禮佛足而白佛言我曠劫來心	須 菩 提 即 從 座 起 頂禮佛足 而 白 佛 言 我 曠 劫 來 心 
X13n0285_005:0305a16	得無礙自憶受生如恒河沙初在母胎即知空寂如	得 無 礙 自 憶 受 生 如 恒 河 沙 初 在 母 胎 即 知 空 寂 如 
X13n0285_005:0305a17	是乃至十方成空亦令眾生證得空性蒙如來發性	是 乃 至 十 方 成 空 亦 令 眾 生 證 得 空 性 蒙 如 來 發 性 
X13n0285_005:0305a18	覺真空空性圓明得阿羅漢頓入如來寶明空海同	覺 真 空 空 性 圓 明 得阿羅漢 頓 入 如 來 寶 明 空 海 同 
X13n0285_005:0305a19	佛知見印成無學解脫性空我為無上佛問圓通如	佛 知 見 印 成 無 學 解 脫 性 空 我 為 無 上 佛 問 圓 通 如 
X13n0285_005:0305a20	我所證諸相入非非所非盡旋法歸無斯為第一。	我 所 證 諸 相 入 非 非 所 非 盡 旋 法 歸 無 斯 為 第 一 
X13n0285_005:0305a21	境通別者知善知惡知有知空等別別皆名意入	境 通 別 者 知 善 知 惡 知 有 知 空 等 別 別 皆 名 意 入 
X13n0285_005:0305a22	今知空寂即是觀於此覺知性不在內外中間諸	今 知 空 寂 即 是 觀 於 此 覺 知 性 不 在 內 外 中 間 諸 
X13n0285_005:0305a23	處亦復生無所從滅無所去其境通也自憶受生	處 亦 復 生 無 所 從 滅 無 所 去 其 境 通 也 自 憶 受 生 
X13n0285_005:0305a24	如恒河沙者以生住異滅吸習中歸名意知根久	如 恒 河 沙 者 以 生住異滅 吸 習 中 歸 名 意 知 根 久 
X13n0285_005:0305b01	成此觀故多劫受生皆能憶也觀盈縮者此意念	成 此 觀 故 多 劫 受 生 皆 能 憶 也 觀 盈 縮 者 此 意 念 
X13n0285_005:0305b02	念生滅無常無我即藏教意此意即空是通教意	念 生 滅 無 常 無 我 即 藏 教 意 此 意 即 空 是 通 教 意 
X13n0285_005:0305b03	此意出生十界因果是別教意意入即如來藏如	此 意 出 生 十 界 因 果 是 別 教 意 意 入 即 如 來 藏 如 
X13n0285_005:0305b04	來藏中性知覺明覺精明知等是圓教意也證本	來 藏 中 性 知 覺 明 覺 精 明 知 等 是 圓 教 意 也 證 本 
X13n0285_005:0305b05	迹者空性圓明得阿羅漢迹在通教同佛知見悟	迹 者 空 性 圓 明 得阿羅漢 迹 在 通 教 同 佛 知 見 悟 
X13n0285_005:0305b06	藏性也諸相入非等者了知寤寐生滅等相全體	藏 性 也 諸 相 入 非 等 者 了 知 寤 寐 生 滅 等 相 全 體 
X13n0285_005:0305b07	虗妄皆入於非而能非之心與所非之相俱盡旋	虗 妄 皆 入 於 非 而 能 非 之 心 與 所 非 之 相 俱 盡 旋 
X13n0285_005:0305b08	此心法以歸無性無性之性即是如來藏性也。	此 心 法 以 歸 無 性 無 性 之 性 即 是 如 來 藏 性 也 
X13n0285_005:0305b09	三觀六識六初舍利觀眼識(至)六目連觀意識	三 觀 六 識 六 初 舍 利 觀 眼 識 至 六 目 連 觀 意 識 
X13n0285_005:0305b10	今初。	今 初 
X13n0285_005:0305b11	舍利弗即從座起頂禮佛足而白佛言我曠劫來心	舍 利 弗 即 從 座 起 頂禮佛足 而 白 佛 言 我 曠 劫 來 心 
X13n0285_005:0305b12	見清淨如是受生如恒河沙世出世間種種變化一	見 清 淨 如 是 受 生 如 恒 河 沙 世出世間 種 種 變 化 一 
X13n0285_005:0305b13	見則通獲無障礙我於中路逢迦葉波兄弟相逐宣	見 則 通 獲 無 障 礙 我 於 中 路 逢 迦 葉 波 兄 弟 相 逐 宣 
X13n0285_005:0305b14	說因緣悟心無際從佛出家見覺明圓得大無畏成	說 因 緣 悟 心 無 際 從 佛 出 家 見 覺 明 圓 得 大 無 畏 成 
X13n0285_005:0305b15	阿羅漢為佛長子從佛口生從法化生佛問圓通如	阿 羅 漢 為 佛 長 子 從 佛 口 生 從 法 化 生 佛 問 圓 通 如 
X13n0285_005:0305b16	我所證心見發光光極知見斯為第一。	我 所 證 心 見 發 光 光 極 知 見 斯 為 第 一 
X13n0285_005:0305b17	境通別者隨其所見而生分別其境則別今世出	境 通 別 者 隨 其 所 見 而 生 分 別 其 境 則 別 今 世 出 
X13n0285_005:0305b18	世間種種變化一見則通其境通也心見即指眼	世 間 種 種 變 化 一 見 則 通 其 境 通 也 心 見 即 指 眼 
X13n0285_005:0305b19	識不於色塵而起惑染故名清淨世出世間即是	識 不 於 色 塵 而 起 惑 染 故 名 清 淨 世出世間 即 是 
X13n0285_005:0305b20	因緣所生諸法染因緣故則有世間種種變化淨	因緣所生 諸 法 染 因 緣 故 則 有 世 間 種 種 變 化 淨 
X13n0285_005:0305b21	因緣故則有出世種種變化一見則通者出其眼	因 緣 故 則 有 出 世 種 種 變 化 一 見 則 通 者 出 其 眼 
X13n0285_005:0305b22	識清淨所以現量而知此其夙習在觀行及相似	識 清 淨 所 以 現 量 而 知 此 其 夙 習 在 觀 行 及 相 似 
X13n0285_005:0305b23	位也觀盈縮者眼識是因緣所生無常無我即藏	位 也 觀 盈 縮 者 眼 識 是 因緣所生 無 常 無 我 即 藏 
X13n0285_005:0305b24	教意因緣即空是通教意因緣假名出生十界因	教 意 因 緣 即 空 是 通 教 意 因 緣 假 名 出 生 十 界 因 
X13n0285_005:0305c01	果是別教意因緣即中眼識本如來藏如來藏中	果 是 別 教 意 因 緣 即 中 眼 識 本 如 來 藏 如 來 藏 中 
X13n0285_005:0305c02	性識明知覺明真識等是圓教意也證本迹者宣	性 識 明 知 覺 明 真 識 等 是 圓 教 意 也 證 本 迹 者 宣 
X13n0285_005:0305c03	說因緣悟心無際迹是通教見地本乃圓悟藏性	說 因 緣 悟 心 無 際 迹 是 通 教 見 地 本 乃 圓 悟 藏 性 
X13n0285_005:0305c04	也不以眼為界不以色為界非因非緣亦非自然	也 不 以 眼 為 界 不 以 色 為 界 非 因 非 緣 亦 非 自 然 
X13n0285_005:0305c05	直是如來藏性妙覺湛然徧周法界故云光極知	直 是 如 來 藏 性 妙 覺 湛 然 徧 周 法 界 故 云 光 極 知 
X13n0285_005:0305c06	見。二普賢觀耳識。	見 二 普 賢 觀 耳 識 
X13n0285_005:0305c07	普賢菩薩即從座起頂禮佛足而白佛言我已曾與	普 賢 菩 薩 即 從 座 起 頂禮佛足 而 白 佛 言 我 已 曾 與 
X13n0285_005:0305c08	恒沙如來為法王子十方如來教其弟子菩薩根者	恒 沙 如 來 為 法 王 子 十 方 如 來 教 其 弟 子 菩 薩 根 者 
X13n0285_005:0305c09	修普賢行從我立名世尊我用心聞分別眾生所有	修 普 賢 行 從 我 立 名 世 尊 我 用 心 聞 分 別 眾 生 所 有 
X13n0285_005:0305c10	知見若於他方恒沙界外有一眾生心中發明普賢	知 見 若 於 他 方 恒 沙 界 外 有 一 眾 生 心 中 發 明 普 賢 
X13n0285_005:0305c11	行者我於爾時乘六牙象分身百千皆至其處縱彼	行 者 我 於 爾 時 乘 六 牙 象 分 身 百 千 皆 至 其 處 縱 彼 
X13n0285_005:0305c12	障深未得見我我與其人暗中摩頂擁護安慰令其	障 深 未 得 見 我 我 與 其 人 暗 中 摩 頂 擁 護 安 慰 令 其 
X13n0285_005:0305c13	成就佛問圓通我說本因心聞發明分別自在斯為	成 就 佛 問 圓 通 我 說 本 因 心 聞 發 明 分 別 自 在 斯 為 
X13n0285_005:0305c14	第一。	第 一 
X13n0285_005:0305c15	我已曾與等文先敘果上大用佛問圓通已下方	我 已 曾 與 等 文 先 敘 果 上 大 用 佛 問 圓 通 已 下 方 
X13n0285_005:0305c16	出修證本因心聞即指耳識由觀耳識發明如來	出 修 證 本 因 心 聞 即 指 耳 識 由 觀 耳 識 發 明 如 來 
X13n0285_005:0305c17	藏性故得大用現前分別自在也境通別者隨其	藏 性 故 得 大 用 現 前 分 別 自 在 也 境 通 別 者 隨 其 
X13n0285_005:0305c18	所聞而生分別其境則別觀於心聞其境而通觀	所 聞 而 生 分 別 其 境 則 別 觀 於 心 聞 其 境 而 通 觀 
X13n0285_005:0305c19	盈縮例如眼識中說證則本迹俱圓。三艶喜觀	盈 縮 例 如 眼 識 中 說 證 則 本 迹 俱 圓 三 艶 喜 觀 
X13n0285_005:0305c20	鼻識。	鼻 識 
X13n0285_005:0305c21	孫陀羅難陀即從座起頂禮佛足而白佛言我初出	孫 陀 羅 難 陀 即 從 座 起 頂禮佛足 而 白 佛 言 我 初 出 
X13n0285_005:0305c22	家從佛入道雖具戒律於三摩地心常散動未獲無	家 從 佛 入 道 雖 具 戒 律 於 三 摩 地 心 常 散 動 未 獲 無 
X13n0285_005:0305c23	漏世尊教我及拘絺羅觀鼻端白我初諦觀經三七	漏 世 尊 教 我 及 拘 絺 羅 觀 鼻 端 白 我 初 諦 觀 經 三 七 
X13n0285_005:0305c24	日見鼻中氣出入如煙身心內明圓洞世界徧成虗	日 見 鼻 中 氣 出 入 如 煙 身 心 內 明 圓 洞 世 界 徧 成 虗 
X13n0285_005:0306a01	淨猶如瑠璃煙相漸消鼻息成白心開漏盡諸出入	淨 猶 如 瑠 璃 煙 相 漸 消 鼻 息 成 白 心 開 漏 盡 諸 出 入 
X13n0285_005:0306a02	息化為光明照十方界得阿羅漢世尊記我當得菩	息 化 為 光 明 照 十 方 界 得阿羅漢 世 尊 記 我 當 得 菩 
X13n0285_005:0306a03	提佛問圓通我以消息息久發明明圓滅漏斯為第	提 佛 問 圓 通 我 以 消 息 息 久 發 明 明 圓 滅 漏 斯 為 第 
X13n0285_005:0306a04	一。	一 
X13n0285_005:0306a05	孫陀羅此云艶難陀此云喜以妻彰名也境通別	孫 陀 羅 此 云 艶 難 陀 此 云 喜 以 妻 彰 名 也 境 通 別 
X13n0285_005:0306a06	者分別香臭諸氣通名鼻識此識本無色質可見	者 分 別 香 臭 諸 氣 通 名 鼻 識 此 識 本 無 色 質 可 見 
X13n0285_005:0306a07	但依鼻識而造諸惡名為黑業攝鼻識而制心一	但 依 鼻 識 而 造 諸 惡 名 為 黑 業 攝 鼻 識 而 制 心 一 
X13n0285_005:0306a08	處名為白業故令觀鼻端白以攝散心別是一種	處 名 為 白 業 故 令 觀 鼻 端 白 以 攝 散 心 別 是 一 種 
X13n0285_005:0306a09	權巧法門也此與通明禪觀相似□□□□□□	權 巧 法 門 也 此 與 通 明 禪 觀 相 似 
X13n0285_005:0306a10	觀之盈縮亦如眼識中說證本迹者出入如煙迹	觀 之 盈 縮 亦 如 眼 識 中 說 證 本 迹 者 出 入 如 煙 迹 
X13n0285_005:0306a11	在通教性地鼻息成白迹在見地得阿羅漢是已	在 通 教 性 地 鼻 息 成 白 迹 在 見 地 得阿羅漢 是 已 
X13n0285_005:0306a12	辦地記得菩提當是方等般若中記息久發明明	辦 地 記 得 菩 提 當 是 方 等 般 若 中 記 息 久 發 明 明 
X13n0285_005:0306a13	圓滅漏所謂鼻識即如來藏妙覺湛然等也。四	圓 滅 漏 所 謂 鼻 識 即 如 來 藏 妙 覺 湛 然 等 也 四 
X13n0285_005:0306a14	滿慈觀舌識。	滿 慈 觀 舌 識 
X13n0285_005:0306a15	富樓那彌多羅尼子即從座起頂禮佛足而白佛言	富 樓 那 彌 多 羅 尼 子 即 從 座 起 頂禮佛足 而 白 佛 言 
X13n0285_005:0306a16	我曠劫來辯才無礙宣說苦空深達實相如是乃至	我 曠 劫 來 辯才無礙 宣 說 苦 空 深 達 實 相 如 是 乃 至 
X13n0285_005:0306a17	恒沙如來祕密法門我於眾中微妙開示得無所畏	恒 沙 如 來 祕 密 法 門 我 於 眾 中 微 妙 開 示 得無所畏 
X13n0285_005:0306a18	世尊知我有大辯才以音聲輪教我發揚我於佛前	世 尊 知 我 有 大 辯 才 以 音 聲 輪 教 我 發 揚 我 於 佛 前 
X13n0285_005:0306a19	助佛轉輪因師子吼成阿羅漢世尊印我說法無上	助 佛 轉 輪 因 師 子 吼 成 阿 羅 漢 世 尊 印 我 說 法 無 上 
X13n0285_005:0306a20	佛問圓通我以法音降伏魔怨消滅諸漏斯為第一。	佛 問 圓 通 我 以 法 音 降伏魔怨 消 滅 諸 漏 斯 為 第 一 
X13n0285_005:0306a21	境通別者舌根有二功能一甞味二語言舌識亦	境 通 別 者 舌 根 有 二 功 能 一 甞 味 二 語 言 舌 識 亦 
X13n0285_005:0306a22	有二種功能一分別諸味二具定四辯所謂法無	有 二 種 功 能 一 分 別 諸 味 二 具 定 四 辯 所 謂 法 無 
X13n0285_005:0306a23	礙辯義無礙辯辭無礙辯樂說無礙辯皆是清淨	礙 辯 義 無 礙 辯 辭 無 礙 辯 樂 說 無 礙 辯 皆 是 清 淨 
X13n0285_005:0306a24	舌識與同時意識之力具足種種名句法味今不	舌 識 與 同 時 意 識 之 力 具 足 種 種 名 句 法 味 今 不 
X13n0285_005:0306b01	取分別諸味乃取無礙辯才其境別也觀盈縮者	取 分 別 諸 味 乃 取 無 礙 辯 才 其 境 別 也 觀 盈 縮 者 
X13n0285_005:0306b02	依於舌識四無礙辯宣說苦空即藏教意宣說三	依 於 舌 識 四 無 礙 辯 宣 說 苦 空 即 藏 教 意 宣 說 三 
X13n0285_005:0306b03	乘共實相即通教意宣說出二諦外之實相即別	乘 共 實 相 即 通 教 意 宣 說 出 二 諦 外 之 實 相 即 別 
X13n0285_005:0306b04	教意深達一切無非實相即圓教意也證本迹者	教 意 深 達 一 切 無 非 實 相 即 圓 教 意 也 證 本 迹 者 
X13n0285_005:0306b05	因師子吼成阿羅漢迹是通教以不離文字說解	因 師 子 吼 成 阿 羅 漢 迹 是 通 教 以 不 離 文 字 說 解 
X13n0285_005:0306b06	脫故法音降伏魔怨等者以生滅無生二種法音	脫 故 法 音 降伏魔怨 等 者 以 生 滅 無 生 二 種 法 音 
X13n0285_005:0306b07	降界內四魔消滅見思諸漏以無量無作二種法	降 界 內 四 魔 消 滅 見 思 諸 漏 以 無 量 無 作 二 種 法 
X13n0285_005:0306b08	音降界外四魔消滅塵沙無明諸漏當知本地甚	音 降 界 外 四 魔 消 滅 塵 沙 無 明 諸 漏 當 知 本 地 甚 
X13n0285_005:0306b09	深遠矣。五波離觀身識。	深 遠 矣 五 波 離 觀 身 識 
X13n0285_005:0306b10	優波離即從座起頂禮佛足而白佛言我親隨佛踰	優 波 離 即 從 座 起 頂禮佛足 而 白 佛 言 我 親 隨 佛 踰 
X13n0285_005:0306b11	城出家親觀如來六年勤苦親見如來降伏諸魔制	城 出 家 親 觀 如 來 六 年 勤 苦 親 見 如 來 降 伏 諸 魔 制 
X13n0285_005:0306b12	諸外道解脫世間貪欲諸漏承佛教戒如是乃至三	諸 外 道 解 脫 世 間 貪 欲 諸 漏 承 佛 教 戒 如 是 乃 至 三 
X13n0285_005:0306b13	千威儀八萬微細性業遮業悉皆清淨身心寂滅成	千 威 儀 八 萬 微 細 性 業 遮 業 悉 皆 清 淨 身 心 寂 滅 成 
X13n0285_005:0306b14	阿羅漢我是如來眾中綱紀親印我心持戒修身眾	阿 羅 漢 我 是 如 來 眾 中 綱 紀 親 印 我 心 持 戒 修 身 眾 
X13n0285_005:0306b15	推為上佛問圓通我以執身身得自在次第執心心	推 為 上 佛 問 圓 通 我 以 執 身 身 得 自 在 次 第 執 心 心 
X13n0285_005:0306b16	得通達然後身心一切通利斯為第一。	得 通 達 然 後 身 心 一 切 通 利 斯 為 第 一 
X13n0285_005:0306b17	優波離此云上首或云近執隨佛踰城處處說是	優 波 離 此 云 上 首 或 云 近 執 隨 佛 踰 城 處 處 說 是 
X13n0285_005:0306b18	闡陀今優波離敘此緣起恐是隨機不同示現各	闡 陀 今 優 波 離 敘 此 緣 起 恐 是 隨 機 不 同 示 現 各 
X13n0285_005:0306b19	別也境通別者分別違順俱非諸觸通名身識今	別 也 境 通 別 者 分 別 違 順 俱 非 諸 觸 通 名 身 識 今 
X13n0285_005:0306b20	持戒檢身別緣違情之境言三千威儀者行住坐	持 戒 檢 身 別 緣 違 情 之 境 言 三 千 威 儀 者 行 住 坐 
X13n0285_005:0306b21	臥各二百五十戒共成一千以對三聚即成三千	臥 各 二百五十戒 共 成 一 千 以 對 三 聚 即 成 三 千 
X13n0285_005:0306b22	言八萬微細者以三千威儀歷身口七支共成二	言 八 萬 微 細 者 以 三 千 威 儀 歷 身 口 七 支 共 成 二 
X13n0285_005:0306b23	萬一千約貪分瞋分癡分等分煩惱以論對治故	萬 一 千 約 貪 分 瞋 分 癡 分 等 分 煩 惱 以 論 對 治 故 
X13n0285_005:0306b24	有八萬四千今特舉大數耳言性業者無論受與	有 八萬四千 今 特 舉 大 數 耳 言 性 業 者 無 論 受 與 
X13n0285_005:0306c01	不受犯之法爾有罪如殺盜邪婬妄語等是也言	不 受 犯 之 法 爾 有 罪 如 殺 盜 邪 婬 妄 語 等 是 也 言 
X13n0285_005:0306c02	遮業者佛為行人既遮制後犯則有罪如飲酒及	遮 業 者 佛 為 行 人 既 遮 制 後 犯 則 有 罪 如 飲 酒 及 
X13n0285_005:0306c03	非時食等是也觀盈縮者通途觀於身識例如眼	非 時 食 等 是 也 觀 盈 縮 者 通 途 觀 於 身 識 例 如 眼 
X13n0285_005:0306c04	識中說別就持戒論於觀門若依此戒滅惡生善	識 中 說 別 就 持 戒 論 於 觀 門 若 依 此 戒 滅 惡 生 善 
X13n0285_005:0306c05	次第成就定共道共即藏教意惡既性空善亦非	次 第 成 就 定 共 道 共 即 藏 教 意 惡 既 性 空 善 亦 非 
X13n0285_005:0306c06	有所持如幻能持亦然是通教意於一戒品出生	有 所 持 如 幻 能 持 亦 然 是 通 教 意 於 一 戒 品 出 生 
X13n0285_005:0306c07	十界種種因果是別教意戒為法界一切法趣戒	十 界 種 種 因 果 是 別 教 意 戒 為 法 界 一 切 法 趣 戒 
X13n0285_005:0306c08	是趣不過即圓教意也證本迹者執身是律儀戒	是 趣 不 過 即 圓 教 意 也 證 本 迹 者 執 身 是 律 儀 戒 
X13n0285_005:0306c09	執心是定共道共戒迹在藏教而身心一切通利	執 心 是 定 共 道 共 戒 迹 在 藏 教 而 身 心 一 切 通 利 
X13n0285_005:0306c10	則密悟如來藏性所謂清淨法身常住真心矣。	則 密 悟 如 來 藏 性 所 謂 清 淨 法 身 常 住 真 心 矣 
X13n0285_005:0306c11	六目連觀意識。	六 目 連 觀 意 識 
X13n0285_005:0306c12	大目犍連即從座起頂禮佛足而白佛言我初於路	大 目 犍 連 即 從 座 起 頂禮佛足 而 白 佛 言 我 初 於 路 
X13n0285_005:0306c13	乞食逢遇優樓頻螺伽耶那提三迦葉波宣說如來	乞 食 逢 遇 優 樓 頻 螺 伽 耶 那 提 三 迦 葉 波 宣 說 如 來 
X13n0285_005:0306c14	因緣深義我頓發心得大通達如來惠我袈娑著身	因 緣 深 義 我 頓 發 心 得 大 通 達 如 來 惠 我 袈 娑 著 身 
X13n0285_005:0306c15	鬚髮自落我遊十方得無罣礙神通發明推為無上	鬚 髮 自 落 我 遊 十 方 得 無 罣 礙 神 通 發 明 推 為 無 上 
X13n0285_005:0306c16	成阿羅漢寧唯世尊十方如來歎我神力圓明清淨	成 阿 羅 漢 寧 唯 世 尊 十 方 如 來 歎 我 神 力 圓 明 清 淨 
X13n0285_005:0306c17	自在無畏佛問圓通我以旋湛心光發宣如澄濁流	自 在 無 畏 佛 問 圓 通 我 以 旋 湛 心 光 發 宣 如 澄 濁 流 
X13n0285_005:0306c18	久成清瑩斯為第一。	久 成 清 瑩 斯 為 第 一 
X13n0285_005:0306c19	優樓頻螺此云木瓜癃伽耶山名亦城名此云象	優 樓 頻 螺 此 云 木 瓜 癃 伽 耶 山 名 亦 城 名 此 云 象 
X13n0285_005:0306c20	頭那提河名兄弟三人皆先事火後受佛化為常	頭 那 提 河 名 兄 弟 三 人 皆 先 事 火 後 受 佛 化 為 常 
X13n0285_005:0306c21	隨眾者也境通別者善識惡識及無記識或緣過	隨 眾 者 也 境 通 別 者 善 識 惡 識 及 無 記 識 或 緣 過 
X13n0285_005:0306c22	去或緣現在未來或緣現量或緣比量非量隨其	去 或 緣 現在未來 或 緣 現 量 或 緣 比 量 非 量 隨 其 
X13n0285_005:0306c23	所起介爾之心皆得為所觀境是名為別今但云	所 起 介 爾 之 心 皆 得 為 所 觀 境 是 名 為 別 今 但 云 
X13n0285_005:0306c24	旋湛其境通也觀盈縮者觀此意識是因緣所生	旋 湛 其 境 通 也 觀 盈 縮 者 觀 此 意 識 是 因緣所生 
X13n0285_005:0307a01	無常無我即藏教意觀此意識不自生不他生不	無 常 無 我 即 藏 教 意 觀 此 意 識 不 自 生 不 他 生 不 
X13n0285_005:0307a02	共生不無因生因緣即空是通教意觀此意識因	共 生 不 無 因 生 因 緣 即 空 是 通 教 意 觀 此 意 識 因 
X13n0285_005:0307a03	緣假名能成十界種種因果是別教意觀此意識	緣 假 名 能 成 十 界 種 種 因 果 是 別 教 意 觀 此 意 識 
X13n0285_005:0307a04	本如來藏如來藏中性識明知覺明真識妙覺湛	本 如 來 藏 如 來 藏 中 性 識 明 知 覺 明 真 識 妙 覺 湛 
X13n0285_005:0307a05	然徧周法界含吐十虗寧有方所循業發現即圓	然 徧 周 法 界 含 吐 十 虗 寧 有 方 所 循 業 發 現 即 圓 
X13n0285_005:0307a06	教意也證本迹者我頓發心得大通達謂了知正	教 意 也 證 本 迹 者 我 頓 發 心 得 大 通 達 謂 了 知 正 
X13n0285_005:0307a07	因緣境不隨分別邪見發得本有無漏真明迹在	因 緣 境 不 隨 分 別 邪 見 發 得 本 有 無 漏 真 明 迹 在 
X13n0285_005:0307a08	通教見地神名天心通名慧性天然之性照徹無	通 教 見 地 神 名 天 心 通 名 慧 性 天 然 之 性 照 徹 無 
X13n0285_005:0307a09	礙成阿羅漢迹在已辦而圓明清淨自在無畏是	礙 成 阿 羅 漢 迹 在 已 辦 而 圓 明 清 淨 自 在 無 畏 是 
X13n0285_005:0307a10	密入藏性也如澄濁流久成清瑩者以五疊渾濁	密 入 藏 性 也 如 澄 濁 流 久 成 清 瑩 者 以 五 疊 渾 濁 
X13n0285_005:0307a11	唯是五陰五陰根由唯是妄想故此第六意識名	唯 是 五 陰 五 陰 根 由 唯 是 妄 想 故 此 第六意識 名 
X13n0285_005:0307a12	為功首罪魁是故二十五種圓通所觀之境雖別	為 功 首 罪 魁 是 故 二 十 五 種 圓 通 所 觀 之 境 雖 別 
X13n0285_005:0307a13	能觀之智是同若不依此第六識心以為妙觀察	能 觀 之 智 是 同 若 不 依 此 第 六 識 心 以 為 妙 觀 察 
X13n0285_005:0307a14	智何由成辦大菩提果當知澄濁成清此為關要	智 何 由 成 辦 大菩提果 當 知 澄 濁 成 清 此 為 關 要 
X13n0285_005:0307a15	所以圓頓止觀立此為境名為去丈就尺去尺就	所 以 圓 頓 止 觀 立 此 為 境 名 為 去 丈 就 尺 去 尺 就 
X13n0285_005:0307a16	寸譬如伐樹得根灸病得穴也而後世漫言首破	寸 譬 如 伐 樹 得 根 灸 病 得 穴 也 而 後 世 漫 言 首 破 
X13n0285_005:0307a17	六識是誤認緣影以為六識豈知性識明知覺明	六 識 是 誤 認 緣 影 以 為 六 識 豈 知 性 識 明 知 覺 明 
X13n0285_005:0307a18	真識全妄即真者耶。四觀七大為七初火頭觀	真 識 全 妄 即 真 者 耶 四 觀 七 大 為 七 初 火 頭 觀 
X13n0285_005:0307a19	火大(至)七勢至觀根大。今初。	火 大 至 七 勢 至 觀 根 大 今 初 
X13n0285_005:0307a20	烏芻瑟摩於如來前合掌頂禮佛之雙足而白佛言	烏 芻 瑟 摩 於 如 來 前 合 掌 頂 禮 佛 之 雙 足 而 白 佛 言 
X13n0285_005:0307a21	我常先憶久遠劫前性多貪欲有佛出世名曰空王	我 常 先 憶 久 遠 劫 前 性 多 貪 欲 有 佛 出 世 名 曰 空 王 
X13n0285_005:0307a22	說多婬人成猛火聚教我徧觀百骸四肢諸冷煖氣	說 多 婬 人 成 猛 火 聚 教 我 徧 觀 百 骸 四 肢 諸 冷 煖 氣 
X13n0285_005:0307a23	神光內凝化多婬心成智慧火從是諸佛皆呼召我	神 光 內 凝 化 多 婬 心 成 智 慧 火 從 是 諸 佛 皆 呼 召 我 
X13n0285_005:0307a24	名為火頭我以火光三昧力故成阿羅漢心發大願	名 為 火 頭 我 以 火 光 三 昧 力 故 成 阿 羅 漢 心 發 大 願 
X13n0285_005:0307b01	諸佛成道我為力士親伏魔怨佛問圓通我以諦觀	諸 佛 成 道 我 為 力 士 親 伏 魔 怨 佛 問 圓 通 我 以 諦 觀 
X13n0285_005:0307b02	身心煖觸無礙流通諸漏既銷生大寶燄登無上覺	身 心 煖 觸 無 礙 流 通 諸 漏 既 銷 生 大 寶 燄 登 無 上 覺 
X13n0285_005:0307b03	斯為第一。	斯 為 第 一 
X13n0285_005:0307b04	七大之首應先地大今先火大亦為對治生死根	七 大 之 首 應 先 地 大 今 先 火 大 亦 為 對 治 生 死 根 
X13n0285_005:0307b05	本故也烏芻瑟摩此云火頭境通別者十法界內	本 故 也 烏 芻 瑟 摩 此 云 火 頭 境 通 別 者 十 法 界 內 
X13n0285_005:0307b06	火外火通名火大今觀凡夫身內婬火此境別也	火 外 火 通 名 火 大 今 觀 凡 夫 身 內 婬 火 此 境 別 也 
X13n0285_005:0307b07	觀盈縮者觀此婬火苦惱不淨是藏教意觀此婬	觀 盈 縮 者 觀 此 婬 火 苦 惱 不 淨 是 藏 教 意 觀 此 婬 
X13n0285_005:0307b08	火緣生即空是通教意觀此婬火因緣假名能成	火 緣 生 即 空 是 通 教 意 觀 此 婬 火 因 緣 假 名 能 成 
X13n0285_005:0307b09	十界諸因果法是別教意觀此婬火即如來藏性	十 界 諸 因 果 法 是 別 教 意 觀 此 婬 火 即 如 來 藏 性 
X13n0285_005:0307b10	火真空性空真火隨心應量循業發現是圓教意	火 真 空 性 空 真 火 隨 心 應 量 循 業 發 現 是 圓 教 意 
X13n0285_005:0307b11	也證本迹者火光三昧成阿羅漢是通教體法觀	也 證 本 迹 者 火 光 三 昧 成 阿 羅 漢 是 通 教 體 法 觀 
X13n0285_005:0307b12	門心發大願則接入四教矣。二持地觀地大。	門 心 發 大 願 則 接 入 四 教 矣 二 持 地 觀 地 大 
X13n0285_005:0307b13	持地菩薩即從座起頂禮佛足而白佛言我念往昔	持 地 菩 薩 即 從 座 起 頂禮佛足 而 白 佛 言 我 念 往 昔 
X13n0285_005:0307b14	普光如來出現於世我為比丘常於一切要路津口	普 光 如 來 出 現 於 世 我 為 比 丘 常 於 一 切 要 路 津 口 
X13n0285_005:0307b15	田地險隘有不如法妨損車馬我皆平填或作橋梁	田 地 險 隘 有 不 如 法 妨 損 車 馬 我 皆 平 填 或 作 橋 梁 
X13n0285_005:0307b16	或負沙土如是勤苦經無量佛出現於世或有眾生	或 負 沙 土 如 是 勤 苦 經 無 量 佛 出 現 於 世 或 有 眾 生 
X13n0285_005:0307b17	於闤闠處要人擎物我先為擎至其所詣放物即行	於 闤 闠 處 要 人 擎 物 我 先 為 擎 至 其 所 詣 放 物 即 行 
X13n0285_005:0307b18	不取其直毗舍浮佛現在世時世多饑荒我為負人	不 取 其 直 毗 舍 浮 佛 現 在 世 時 世 多 饑 荒 我 為 負 人 
X13n0285_005:0307b19	無問遠近唯取一錢或有車牛被於泥溺我有神力	無 問 遠 近 唯 取 一 錢 或 有 車 牛 被 於 泥 溺 我 有 神 力 
X13n0285_005:0307b20	為其推輪拔其苦惱時國大王延佛設齋我於爾時	為 其 推 輪 拔 其 苦 惱 時 國 大 王 延 佛 設 齋 我 於 爾 時 
X13n0285_005:0307b21	平地待佛毗舍如來摩頂謂我當平心地則世界地	平 地 待 佛 毗 舍 如 來 摩 頂 謂 我 當 平 心 地 則 世 界 地 
X13n0285_005:0307b22	一切皆平我即心開見身微塵與造世界所有微塵	一 切 皆 平 我 即 心 開 見 身 微 塵 與 造 世 界 所 有 微 塵 
X13n0285_005:0307b23	等無差別微塵自性不相觸摩乃至刀兵亦無所觸	等 無 差 別 微 塵 自 性 不 相 觸 摩 乃 至 刀 兵 亦 無 所 觸 
X13n0285_005:0307b24	我於法性悟無生忍成阿羅漢迴心今入菩薩位中	我 於 法 性 悟 無 生 忍 成 阿 羅 漢 迴 心 今 入 菩 薩 位 中 
X13n0285_005:0307c01	(但)聞諸(十方)如來(有)宣(說)妙蓮華佛知見地(者)我(即)先	 但 聞 諸 十 方 如 來 有 宣 說 妙 蓮 華 佛 知 見 地 者 我 即 先 
X13n0285_005:0307c02	(往)證明而為上首佛問圓通我以諦觀身界二塵等	 往 證 明 而 為 上 首 佛 問 圓 通 我 以 諦 觀 身 界 二 塵 等 
X13n0285_005:0307c03	無差別本如來藏虗妄發塵塵銷智圓成無上道斯	無 差 別 本 如 來 藏 虗 妄 發 塵 塵 銷 智 圓 成 無 上 道 斯 
X13n0285_005:0307c04	為第一。	為 第 一 
X13n0285_005:0307c05	毗舍浮此云徧一切自在乃莊嚴劫最後佛也境	毗 舍 浮 此 云 徧 一 切 自 在 乃 莊 嚴 劫 最 後 佛 也 境 
X13n0285_005:0307c06	通別者內色外色通名地大今初以平地為行別	通 別 者 內 色 外 色 通 名 地 大 今 初 以 平 地 為 行 別 
X13n0285_005:0307c07	在外色後悟當平心地則內外不二也觀盈縮者	在 外 色 後 悟 當 平 心 地 則 內 外 不 二 也 觀 盈 縮 者 
X13n0285_005:0307c08	觀地無常無我等是藏教意觀地即空是通教意	觀 地 無 常 無 我 等 是 藏 教 意 觀 地 即 空 是 通 教 意 
X13n0285_005:0307c09	觀地十界假名無量是別教意觀地即如來藏性	觀 地 十 界 假 名 無 量 是 別 教 意 觀 地 即 如 來 藏 性 
X13n0285_005:0307c10	色真空性空真色等是圓教意證本迹者初是藏	色 真 空 性 空 真 色 等 是 圓 教 意 證 本 迹 者 初 是 藏 
X13n0285_005:0307c11	教事度後乃圓悟藏性而云成阿羅漢迴心今入	教 事 度 後 乃 圓 悟 藏 性 而 云 成 阿 羅 漢 迴 心 今 入 
X13n0285_005:0307c12	菩薩位者只是麤垢先落心不取證意耳。三月	菩 薩 位 者 只 是 麤 垢 先 落 心 不 取 證 意 耳 三 月 
X13n0285_005:0307c13	光觀水大。	光 觀 水 大 
X13n0285_005:0307c14	月光童子即從座起頂禮佛足而白佛言我憶往昔	月 光 童 子 即 從 座 起 頂禮佛足 而 白 佛 言 我 憶 往 昔 
X13n0285_005:0307c15	恒河沙劫有佛出世名為水天教諸菩薩修習水觀	恒 河 沙 劫 有 佛 出 世 名 為 水 天 教 諸 菩 薩 修 習 水 觀 
X13n0285_005:0307c16	入三摩地觀於身中水性無奪初從涕唾如是窮盡	入 三 摩 地 觀 於 身 中 水 性 無 奪 初 從 涕 唾 如 是 窮 盡 
X13n0285_005:0307c17	津液精血大小便利身中旋復水性一同見水身中	津 液 精 血 大小便利 身 中 旋 復 水 性 一 同 見 水 身 中 
X13n0285_005:0307c18	與世界外浮幢王剎諸香水海等無差別我於是時	與 世 界 外 浮 幢 王 剎 諸 香 水 海 等 無 差 別 我 於 是 時 
X13n0285_005:0307c19	初成此觀但見其水未得無身當為比丘室中安禪	初 成 此 觀 但 見 其 水 未 得 無 身 當 為 比 丘 室 中 安 禪 
X13n0285_005:0307c20	我有弟子窺窻觀室唯見清水徧在室中了無所見	我 有 弟 子 窺 窻 觀 室 唯 見 清 水 徧 在 室 中 了 無 所 見 
X13n0285_005:0307c21	童稚無知取一瓦礫投於水內激水作聲顧盻而去	童 稚 無 知 取 一 瓦 礫 投 於 水 內 激 水 作 聲 顧 盻 而 去 
X13n0285_005:0307c22	我出定後頓覺心痛如舍利弗遭違害鬼我自思惟	我 出 定 後 頓 覺 心 痛 如 舍 利 弗 遭 違 害 鬼 我 自 思 惟 
X13n0285_005:0307c23	今我已得阿羅漢道久離病緣云何今日忽生心痛	今 我 已 得阿羅漢 道 久 離 病 緣 云 何 今 日 忽 生 心 痛 
X13n0285_005:0307c24	將無退失爾時童子捷來我前說如上事我則告言	將 無 退 失 爾 時 童 子 捷 來 我 前 說 如 上 事 我 則 告 言 
X13n0285_005:0308a01	汝更見水可即開門入此水中除去瓦礫童子奉教	汝 更 見 水 可 即 開 門 入 此 水 中 除 去 瓦 礫 童 子 奉 教 
X13n0285_005:0308a02	後入定時還復見水瓦礫宛然開門除去我後出定	後 入 定 時 還 復 見 水 瓦 礫 宛 然 開 門 除 去 我 後 出 定 
X13n0285_005:0308a03	身質如初逢無量佛如是至於山海自在通王如來	身 質 如 初 逢 無 量 佛 如 是 至 於 山 海 自 在 通 王 如 來 
X13n0285_005:0308a04	方得亡身與十方界諸香水海性合真空無二無別	方 得 亡 身 與 十 方 界 諸 香 水 海 性 合 真 空 無 二 無 別 
X13n0285_005:0308a05	今於如來得童真名預菩薩會佛問圓通我以水性	今 於 如 來 得 童 真 名 預 菩 薩 會 佛 問 圓 通 我 以 水 性 
X13n0285_005:0308a06	一味流通得無生忍圓滿菩提斯為第一。	一 味 流 通 得無生忍 圓 滿 菩 提 斯 為 第 一 
X13n0285_005:0308a07	境通別者內水外水各可別觀今觀身中水性及	境 通 別 者 內 水 外 水 各 可 別 觀 今 觀 身 中 水 性 及 
X13n0285_005:0308a08	香水海其境通也觀盈縮如地大中說證本迹者	香 水 海 其 境 通 也 觀 盈 縮 如 地 大 中 說 證 本 迹 者 
X13n0285_005:0308a09	初成此觀即圓初信至七信位或是別七住位所	初 成 此 觀 即 圓 初 信 至 七 信 位 或 是 別 七 住 位 所 
X13n0285_005:0308a10	謂但破見思未破無明雖得六銷猶未亡一故云	謂 但 破 見 思 未 破 無 明 雖 得 六 銷 猶 未 亡 一 故 云 
X13n0285_005:0308a11	但見其水未得無身此即以彼清水三昧而為其	但 見 其 水 未 得 無 身 此 即 以 彼 清 水 三 昧 而 為 其 
X13n0285_005:0308a12	身不同凡夫有我身見也阿羅漢道約圓七信或	身 不 同 凡 夫 有 我 身 見 也 阿羅漢道 約 圓 七 信 或 
X13n0285_005:0308a13	別七住對藏通而言之羅漢但有四大不調外感	別 七 住 對 藏 通 而 言 之 羅 漢 但 有 四大不調 外 感 
X13n0285_005:0308a14	之病無有怱然意外之病故云久離病緣方得亡	之 病 無 有 怱 然 意 外 之 病 故 云 久 離 病 緣 方 得 亡 
X13n0285_005:0308a15	身等者證圓初住了知性水真空性空真水水與	身 等 者 證 圓 初 住 了 知 性 水 真 空 性 空 真 水 水 與 
X13n0285_005:0308a16	瓦礫皆如來藏但發俱現唯海唯山故云一味流	瓦 礫 皆 如 來 藏 但 發 俱 現 唯 海 唯 山 故 云 一 味 流 
X13n0285_005:0308a17	通也。四瑠璃光觀風大。	通 也 四 瑠 璃 光 觀 風 大 
X13n0285_005:0308a18	瑠離光法王子即從座起頂禮佛足而白佛言我憶	瑠 離 光 法 王 子 即 從 座 起 頂禮佛足 而 白 佛 言 我 憶 
X13n0285_005:0308a19	往昔經恒沙劫有佛出世名無量聲開示菩薩本覺	往 昔 經 恒 沙 劫 有 佛 出 世 名 無 量 聲 開 示 菩 薩 本 覺 
X13n0285_005:0308a20	妙明(元無動靜)觀此世界及眾生身皆(不過)是妄緣風力所	妙 明 元 無 動 靜 觀 此 世 界 及 眾 生 身 皆 不 過 是 妄 緣 風 力 所 
X13n0285_005:0308a21	轉我於爾時觀界安立觀世動時觀身動止觀心動	轉 我 於 爾 時 觀 界 安 立 觀 世 動 時 觀 身 動 止 觀 心 動 
X13n0285_005:0308a22	念諸動無二等無差別我時覺了此羣動性來無所	念 諸 動 無 二 等 無 差 別 我 時 覺 了 此 羣 動 性 來 無 所 
X13n0285_005:0308a23	從去無所至十方微塵顛倒眾生同一虗妄如是乃	從 去 無 所 至 十 方 微 塵 顛 倒 眾 生 同 一 虗 妄 如 是 乃 
X13n0285_005:0308a24	至三千大千一世界內所有眾生如一器中貯百蚊	至 三千大千 一 世 界 內 所 有 眾 生 如 一 器 中 貯 百 蚊 
X13n0285_005:0308b01	蚋啾啾亂鳴於分寸中鼓發狂閙逢佛未幾得無生	蚋 啾 啾 亂 鳴 於 分 寸 中 鼓 發 狂 閙 逢 佛 未 幾 得 無 生 
X13n0285_005:0308b02	忍爾時心開乃見東方不動佛國為法王子事十方	忍 爾 時 心 開 乃 見 東 方 不 動 佛 國 為 法 王 子 事 十 方 
X13n0285_005:0308b03	佛身心發光洞徹無礙佛問圓通我以觀察風力無	佛 身 心 發 光 洞 徹 無 礙 佛 問 圓 通 我 以 觀 察 風 力 無 
X13n0285_005:0308b04	依悟菩提心入三摩地合十方佛傳一妙心斯為第	依 悟 菩 提 心 入 三 摩 地 合 十 方 佛 傳 一 妙 心 斯 為 第 
X13n0285_005:0308b05	一。	一 
X13n0285_005:0308b06	境通別者內風外風各可別觀今通以諸動為所	境 通 別 者 內 風 外 風 各 可 別 觀 今 通 以 諸 動 為 所 
X13n0285_005:0308b07	觀也觀盈縮亦如地大中說證則本迹俱圓言來	觀 也 觀 盈 縮 亦 如 地 大 中 說 證 則 本 迹 俱 圓 言 來 
X13n0285_005:0308b08	無所從去無所至者所謂風大即如來藏性真常	無 所 從 去 無 所 至 者 所 謂 風 大 即 如 來 藏 性 真 常 
X13n0285_005:0308b09	中求於去來迷悟生死了無所得也東方為羣動	中 求 於 去 來 迷 悟 生 死 了 無 所 得 也 東 方 為 羣 動 
X13n0285_005:0308b10	之首而有不動佛國正表動即非動此動而常寂	之 首 而 有 不 動 佛 國 正 表 動 即 非 動 此 動 而 常 寂 
X13n0285_005:0308b11	之理乃諸佛所傳心法也。五虗空藏觀空大。	之 理 乃 諸 佛 所 傳 心 法 也 五 虗 空 藏 觀 空 大 
X13n0285_005:0308b12	虗空藏菩薩即從座起頂禮佛足而白佛言我與如	虗 空 藏 菩 薩 即 從 座 起 頂禮佛足 而 白 佛 言 我 與 如 
X13n0285_005:0308b13	來(昔在)定光佛所(即已)得無邊身爾時手執四大寶珠照	來 昔 在 定 光 佛 所 即 已 得 無 邊 身 爾 時 手 執 四 大 寶 珠 照 
X13n0285_005:0308b14	明十方微塵佛剎化成虗空又於自心現大圓鏡內	明 十 方 微 塵 佛 剎 化 成 虗 空 又 於 自 心 現 大 圓 鏡 內 
X13n0285_005:0308b15	放十種微妙寶光流灌十方盡虗空際諸幢王剎來	放 十 種 微 妙 寶 光 流 灌 十 方 盡 虗 空 際 諸 幢 王 剎 來 
X13n0285_005:0308b16	入鏡內涉入我身身同虗空不相妨礙身能善入微	入 鏡 內 涉 入 我 身 身 同 虗 空 不 相 妨 礙 身 能 善 入 微 
X13n0285_005:0308b17	塵國土廣行佛事得大隨順此大神力由我諦觀四	塵 國 土 廣 行 佛 事 得 大 隨 順 此 大 神 力 由 我 諦 觀 四 
X13n0285_005:0308b18	大無依(不過皆是)妄想生滅(均與)虗空無二(而一切)佛國本同	大 無 依 不 過 皆 是 妄 想 生 滅 均 與 虗 空 無 二 而 一 切 佛 國 本 同 
X13n0285_005:0308b19	於同發明得無生忍佛問圓通我以觀察虗空無邊	於 同 發 明 得無生忍 佛 問 圓 通 我 以 觀 察 虗 空 無 邊 
X13n0285_005:0308b20	入三摩地妙力圓明斯為第一。	入 三 摩 地 妙 力 圓 明 斯 為 第 一 
X13n0285_005:0308b21	此亦先敘果上勝德次此大神力下方說修證本	此 亦 先 敘 果 上 勝 德 次 此 大 神 力 下 方 說 修 證 本 
X13n0285_005:0308b22	因也四大寶珠即是觀四大之妙智照明佛剎化	因 也 四 大 寶 珠 即 是 觀 四 大 之 妙 智 照 明 佛 剎 化 
X13n0285_005:0308b23	戒虗空即是了知性色真空性火真空等也現大	戒 虗 空 即 是 了 知 性 色 真 空 性 火 真 空 等 也 現 大 
X13n0285_005:0308b24	圓鏡即是觀空大之妙智放十寶光流灌空際即	圓 鏡 即 是 觀 空 大 之 妙 智 放 十 寶 光 流 灌 空 際 即 
X13n0285_005:0308c01	是了知性空真色性空真火等具足十界隨緣之	是 了 知 性 空 真 色 性 空 真 火 等 具 足 十 界 隨 緣 之 
X13n0285_005:0308c02	用也諸幢王剎來入鏡內乃至不相妨礙一含一	用 也 諸 幢 王 剎 來 入 鏡 內 乃 至 不 相 妨 礙 一 含 一 
X13n0285_005:0308c03	切一切入一也身能善入乃至得大隨順一切含	切 一 切 入 一 也 身 能 善 入 乃 至 得 大 隨 順 一 切 含 
X13n0285_005:0308c04	一一入一切也得無邊身是證法身體大四珠圓	一 一 入 一 切 也 得 無 邊 身 是 證 法 身 體 大 四 珠 圓 
X13n0285_005:0308c05	鏡是表般若相大身土互入是明解脫用大境通	鏡 是 表 般 若 相 大 身 土 互 入 是 明 解 脫 用 大 境 通 
X13n0285_005:0308c06	別者內空外空皆可別觀今通觀也觀盈縮者滅	別 者 內 空 外 空 皆 可 別 觀 今 通 觀 也 觀 盈 縮 者 滅 
X13n0285_005:0308c07	色空是藏教意即色空是通教意出二邊空是別	色 空 是 藏 教 意 即 色 空 是 通 教 意 出 二 邊 空 是 別 
X13n0285_005:0308c08	教意性覺真空性空真覺是圓教意證則本迹俱	教 意 性 覺 真 空 性 空 真 覺 是 圓 教 意 證 則 本 迹 俱 
X13n0285_005:0308c09	圓。六彌勒觀識大。	圓 六 彌 勒 觀 識 大 
X13n0285_005:0308c10	彌勒菩薩即從座起頂禮佛足而白佛言我憶往昔	彌 勒 菩 薩 即 從 座 起 頂禮佛足 而 白 佛 言 我 憶 往 昔 
X13n0285_005:0308c11	經微塵劫有佛出世名日月燈明我從彼佛而得出	經 微 塵 劫 有 佛 出 世 名 日 月 燈 明 我 從 彼 佛 而 得 出 
X13n0285_005:0308c12	家心重世名好遊族姓爾時世尊教我修習唯心識	家 心 重 世 名 好 遊 族 姓 爾 時 世 尊 教 我 修 習 唯 心 識 
X13n0285_005:0308c13	定入三摩地歷劫已來以此三昧事恒沙佛求世名	定 入 三 摩 地 歷 劫 已 來 以 此 三 昧 事 恒 沙 佛 求 世 名 
X13n0285_005:0308c14	心歇滅無有至然燈佛出現於世我乃得成無上妙	心 歇 滅 無 有 至 然 燈 佛 出 現 於 世 我 乃 得 成 無 上 妙 
X13n0285_005:0308c15	圓識心三昧乃至盡空如來國土淨穢有無皆是我	圓 識 心 三 昧 乃 至 盡 空 如 來 國 土 淨 穢 有 無 皆 是 我 
X13n0285_005:0308c16	心變化所現世尊我了如是唯心識故識性流出無	心 變 化 所 現 世 尊 我 了 如 是 唯 心 識 故 識 性 流 出 無 
X13n0285_005:0308c17	量如來今得授記次補佛處佛問圓通我以諦觀十	量 如 來 今 得 授 記 次 補 佛 處 佛 問 圓 通 我 以 諦 觀 十 
X13n0285_005:0308c18	方唯識識心圓明入圓成實遠離依他及徧計執得	方 唯 識 識 心 圓 明 入 圓 成 實 遠 離 依 他 及 徧 計 執 得 
X13n0285_005:0308c19	無生忍斯為第一。	無 生 忍 斯 為 第 一 
X13n0285_005:0308c20	彌勒此云慈氏名阿逸多此云無能勝即當來龍	彌 勒 此 云 慈 氏 名 阿 逸 多 此 云 無 能 勝 即 當 來 龍 
X13n0285_005:0308c21	華教主也境通別者六種轉識各可別觀如前六	華 教 主 也 境 通 別 者 六 種 轉 識 各 可 別 觀 如 前 六 
X13n0285_005:0308c22	識圓通所明第八藏識初心決不能觀以其行相	識 圓 通 所 明 第 八 藏 識 初 心 決 不 能 觀 以 其 行 相 
X13n0285_005:0308c23	難了知故今云修習唯心識定通以六識為所觀	難 了 知 故 今 云 修 習 唯 心 識 定 通 以 六 識 為 所 觀 
X13n0285_005:0308c24	境兼復進觀八識葢由不達現前所緣六塵唯是	境 兼 復 進 觀 八 識 葢 由 不 達 現 前 所 緣 六 塵 唯 是 
X13n0285_005:0309a01	六識自家相分妄於心外取境所以心重世名好	六 識 自 家 相 分 妄 於 心 外 取 境 所 以 心 重 世 名 好 
X13n0285_005:0309a02	遊族姓今令諦觀眼所緣緣決定不離眼識乃至	遊 族 姓 今 令 諦 觀 眼 所 緣 緣 決 定 不 離 眼 識 乃 至 
X13n0285_005:0309a03	意所緣緣決定不離意識次觀根身器界諸本質	意 所 緣 緣 決 定 不 離 意 識 次 觀 根 身 器 界 諸 本 質 
X13n0285_005:0309a04	境亦決不離根本藏識則識心之外更無少許實	境 亦 決 不 離 根 本 藏 識 則 識 心 之 外 更 無 少 許 實 
X13n0285_005:0309a05	法可得何所可重何所可好故得求世名心歇滅	法 可 得 何 所 可 重 何 所 可 好 故 得 求 世 名 心 歇 滅 
X13n0285_005:0309a06	無有也觀盈縮者觀六種識皆是因緣所生無常	無 有 也 觀 盈 縮 者 觀 六 種 識 皆 是 因緣所生 無 常 
X13n0285_005:0309a07	無我即藏教意緣生即空是通教意依根本識出	無 我 即 藏 教 意 緣 生 即 空 是 通 教 意 依 根 本 識 出 
X13n0285_005:0309a08	生十界染淨因果即別教意六識皆如來藏如來	生 十 界 染 淨 因 果 即 別 教 意 六 識 皆 如 來 藏 如 來 
X13n0285_005:0309a09	藏中性識明知覺明真識妙覺湛然徧周法界含	藏 中 性 識 明 知 覺 明 真 識 妙 覺 湛 然 徧 周 法 界 含 
X13n0285_005:0309a10	吐十虗寧有方所循業發現故有十界染淨諸識	吐 十 虗 寧 有 方 所 循 業 發 現 故 有 十 界 染 淨 諸 識 
X13n0285_005:0309a11	不同一一識性還復互徧互具不可思識是圓教	不 同 一 一 識 性 還 復 互 徧 互 具 不 可 思 識 是 圓 教 
X13n0285_005:0309a12	意也證本迹者初修此定迹在別教得成無上妙	意 也 證 本 迹 者 初 修 此 定 迹 在 別 教 得 成 無 上 妙 
X13n0285_005:0309a13	圓識心三昧即是初歡喜地通達之位此則證道	圓 識 心 三 昧 即 是 初歡喜地 通 達 之 位 此 則 證 道 
X13n0285_005:0309a14	同圓是故了知一切唯識乃至四土三身皆是識	同 圓 是 故 了 知 一 切 唯 識 乃 至 四 土 三 身 皆 是 識 
X13n0285_005:0309a15	性變化流出所謂心佛眾生三無差別互攝互含	性 變 化 流 出 所 謂 心 佛 眾 生 三無差別 互 攝 互 含 
X13n0285_005:0309a16	不可思議有云只須消歸自己不必以他佛他土	不可思議 有 云 只 須 消 歸 自 己 不 必 以 他 佛 他 土 
X13n0285_005:0309a17	為言者未達自他不二之體故也圓成實者了知	為 言 者 未 達 自 他 不 二 之 體 故 也 圓 成 實 者 了 知 
X13n0285_005:0309a18	此見及緣元是菩提妙淨明體如了繩即麻依他	此 見 及 緣 元 是 菩 提 妙 淨 明 體 如 了 繩 即 麻 依 他 
X13n0285_005:0309a19	執者本是妙明無上菩提淨圓真心妄為色空及	執 者 本 是 妙 明 無上菩提 淨 圓 真 心 妄 為 色 空 及 
X13n0285_005:0309a20	與聞見如麻上見繩徧計執者以攀緣心而為自	與 聞 見 如 麻 上 見 繩 徧 計 執 者 以 攀 緣 心 而 為 自 
X13n0285_005:0309a21	性妄計實我實法如繩上計蛇今既識心圓明入	性 妄 計 實 我 實 法 如 繩 上 計 蛇 今 既 識 心 圓 明 入 
X13n0285_005:0309a22	圓成實則依他徧計二執不期遠離而自遠離矣。	圓 成 實 則 依 他 徧 計 二 執 不 期 遠 離 而 自 遠 離 矣 
X13n0285_005:0309a23	七勢至觀根大。	七 勢 至 觀 根 大 
X13n0285_005:0309a24	大勢至法王子與其同倫五十二菩薩即從座起頂	大 勢 至 法 王 子 與 其 同 倫 五 十 二 菩 薩 即 從 座 起 頂 
X13n0285_005:0309b01	禮佛足而白佛言我憶往昔恒河沙劫有佛出世名	禮 佛 足 而 白 佛 言 我 憶 往 昔 恒 河 沙 劫 有 佛 出 世 名 
X13n0285_005:0309b02	無量光十二如來相繼一劫其最後佛名超日月光	無 量 光 十 二 如 來 相 繼 一 劫 其 最 後 佛 名 超 日 月 光 
X13n0285_005:0309b03	彼佛教我念佛三昧譬如有人一專為憶一人專忘	彼 佛 教 我 念佛三昧 譬 如 有 人 一 專 為 憶 一 人 專 忘 
X13n0285_005:0309b04	如是二人若逢不逢或見非見二人相憶二憶念深	如 是 二 人 若 逢 不 逢 或 見 非 見 二 人 相 憶 二 憶 念 深 
X13n0285_005:0309b05	如是乃至從生至生同於形影不相乖異十方如來	如 是 乃 至 從 生 至 生 同 於 形 影 不 相 乖 異 十 方 如 來 
X13n0285_005:0309b06	憐念眾生如母憶子若子逃逝雖憶何為子若憶母	憐 念 眾 生 如 母 憶 子 若 子 逃 逝 雖 憶 何 為 子 若 憶 母 
X13n0285_005:0309b07	如母憶時母子歷生不相違遠若眾生心憶佛念佛	如 母 憶 時 母 子 歷 生 不 相 違 遠 若 眾 生 心 憶 佛 念 佛 
X13n0285_005:0309b08	現前當來必定見佛去佛不遠不假方便自得心開	現 前 當 來 必 定 見 佛 去 佛 不 遠 不 假 方 便 自 得 心 開 
X13n0285_005:0309b09	如染香人身有香氣此則名曰香光莊嚴我本因地	如 染 香 人 身 有 香 氣 此 則 名 曰 香 光 莊 嚴 我 本 因 地 
X13n0285_005:0309b10	以念佛心入無生忍今於此界攝念佛人歸於淨土	以 念 佛 心 入 無 生 忍 今 於 此 界 攝 念 佛 人 歸 於 淨 土 
X13n0285_005:0309b11	佛問圓通我無選擇都攝六根淨念相繼得三摩地	佛 問 圓 通 我 無 選 擇 都 攝 六 根 淨 念 相 繼 得 三 摩 地 
X13n0285_005:0309b12	斯為第一。	斯 為 第 一 
X13n0285_005:0309b13	七大次第先根後識今識大後方明根大者以此	七 大 次 第 先 根 後 識 今 識 大 後 方 明 根 大 者 以 此 
X13n0285_005:0309b14	念佛三昧亦逗此方機宜末世眾生須依念佛得	念佛三昧 亦 逗 此 方 機 宜 末 世 眾 生 須 依 念 佛 得 
X13n0285_005:0309b15	度又四種三昧同名念佛念佛三昧名為三昧中	度 又 四 種 三 昧 同 名 念 佛 念佛三昧 名 為 三 昧 中 
X13n0285_005:0309b16	王能攝一切三昧故也十六觀經云但見此菩薩	王 能 攝 一 切 三 昧 故 也 十 六 觀 經 云 但 見 此 菩 薩 
X13n0285_005:0309b17	一毛孔光即見十方無量諸佛淨妙光明是故號	一 毛 孔 光 即 見 十 方 無 量 諸 佛 淨 妙 光 明 是 故 號 
X13n0285_005:0309b18	此菩薩名無邊光以智慧光普照一切令離三塗	此 菩 薩 名 無 邊 光 以 智 慧 光 普 照 一 切 令 離 三 塗 
X13n0285_005:0309b19	得無上力是故號此菩薩名大勢至釋此圓通亦	得 無 上 力 是 故 號 此 菩 薩 名 大 勢 至 釋 此 圓 通 亦 
X13n0285_005:0309b20	為三意一明境通別者別則隨舉一根皆得為所	為 三 意 一 明 境 通 別 者 別 則 隨 舉 一 根 皆 得 為 所 
X13n0285_005:0309b21	觀境如那律等五人及下文觀音大士是也今云	觀 境 如 那 律 等 五 人 及 下 文 觀 音 大 士 是 也 今 云 
X13n0285_005:0309b22	都攝六根其境則通依此六根而修念佛三昧復	都 攝 六 根 其 境 則 通 依 此 六 根 而 修 念佛三昧 復 
X13n0285_005:0309b23	有三種不同一者惟念自佛二者惟念他佛三者	有 三 種 不 同 一 者 惟 念 自 佛 二 者 惟 念 他 佛 三 者 
X13n0285_005:0309b24	自他但念若惟念自佛則與二十四種圓通是同	自 他 但 念 若 惟 念 自 佛 則 與 二 十 四 種 圓 通 是 同 
X13n0285_005:0309c01	惟須一重能所所謂以六根為所觀以妙觀察智	惟 須 一 重 能 所 所 謂 以 六 根 為 所 觀 以 妙觀察智 
X13n0285_005:0309c02	相應心品為能觀如央掘經云所謂彼眼根於諸	相 應 心 品 為 能 觀 如 央 掘 經 云 所 謂 彼 眼 根 於 諸 
X13n0285_005:0309c03	如來常具足無滅修了了分明見乃至彼意根於	如 來 常 具 足 無 滅 修 了 了 分 明 見 乃 至 彼 意 根 於 
X13n0285_005:0309c04	諸如來常具足無滅修了了分明知等此則該攝	諸 如 來 常 具 足 無 滅 修 了 了 分 明 知 等 此 則 該 攝 
X13n0285_005:0309c05	一切諸教一切禪宗直指法門罄無不盡也若惟	一 切 諸 教 一 切 禪 宗 直 指 法 門 罄 無 不 盡 也 若 惟 
X13n0285_005:0309c06	念他佛則與二十四種圓通有別須知兩重能所	念 他 佛 則 與 二 十 四 種 圓 通 有 別 須 知 兩 重 能 所 
X13n0285_005:0309c07	所謂妙觀察智為能觀六根為所觀六根為能念	所 謂 妙觀察智 為 能 觀 六 根 為 所 觀 六 根 為 能 念 
X13n0285_005:0309c08	諸佛果德為所念由第六識夾持六根專注佛境	諸 佛 果 德 為 所 念 由 第 六 識 夾 持 六 根 專 注 佛 境 
X13n0285_005:0309c09	俾眼所見無非佛色耳所聞無非佛聲鼻所嗅無	俾 眼 所 見 無 非 佛 色 耳 所 聞 無 非 佛 聲 鼻 所 嗅 無 
X13n0285_005:0309c10	非佛香舌所宣無非佛號身所對無非佛境意所	非 佛 香 舌 所 宣 無 非 佛 號 身 所 對 無 非 佛 境 意 所 
X13n0285_005:0309c11	緣無非佛法此則該攝彌陀藥師上生等經及蓮	緣 無 非 佛 法 此 則 該 攝 彌 陀 藥 師 上 生 等 經 及 蓮 
X13n0285_005:0309c12	社事想法門罄無不盡也若自他俱念則與二十	社 事 想 法 門 罄 無 不 盡 也 若 自 他 俱 念 則 與 二 十 
X13n0285_005:0309c13	四聖圓通同而復別先須開圓頓解了知心佛眾	四 聖 圓 通 同 而 復 別 先 須 開 圓 頓 解 了 知 心 佛 眾 
X13n0285_005:0309c14	生三無差別自他本自不二乃托他佛以顯本性	生 三無差別 自 他 本 自 不 二 乃 托 他 佛 以 顯 本 性 
X13n0285_005:0309c15	故應佛顯知本性明托外義成唯心觀立此則開	故 應 佛 顯 知 本 性 明 托 外 義 成 唯 心 觀 立 此 則 開 
X13n0285_005:0309c16	圓解處與諸聖同托他佛處與諸聖異十六觀經	圓 解 處 與 諸 聖 同 托 他 佛 處 與 諸 聖 異 十 六 觀 經 
X13n0285_005:0309c17	所謂勝異方便今文所謂不假方便自得心開由	所 謂 勝 異 方 便 今 文 所 謂 不 假 方 便 自 得 心 開 由 
X13n0285_005:0309c18	其方便最為勝異故更不假餘方便也二明觀盈	其 方 便 最 為 勝 異 故 更 不 假 餘 方 便 也 二 明 觀 盈 
X13n0285_005:0309c19	縮者通途教觀具如前文五根中說今明念佛三	縮 者 通 途 教 觀 具 如 前 文 五 根 中 說 今 明 念 佛 三 
X13n0285_005:0309c20	昧亦有四教不同一一教中亦復各有念自念他	昧 亦 有 四 教 不 同 一 一 教 中 亦 復 各 有 念 自 念 他 
X13n0285_005:0309c21	自他俱念三種差別藏教三者觀此六根無我我	自 他 俱 念 三 種 差 別 藏 教 三 者 觀 此 六 根 無 我 我 
X13n0285_005:0309c22	所證入滅諦涅槃名念自佛以此六根緣佛三十	所 證 入 滅 諦 涅 槃 名 念 自 佛 以 此 六 根 緣 佛 三 十 
X13n0285_005:0309c23	二相八十種好滅罪生福成出世因名念他佛緣	二 相 八十種好 滅 罪 生 福 成 出 世 因 名 念 他 佛 緣 
X13n0285_005:0309c24	想佛境攝我六根為欲淨諸戒品生定發慧現證	想 佛 境 攝 我 六 根 為 欲 淨 諸 戒 品 生 定 發 慧 現 證 
X13n0285_005:0310a01	果故名自他俱念也通教三者觀此六根當體即	果 故 名 自 他 俱 念 也 通 教 三 者 觀 此 六 根 當 體 即 
X13n0285_005:0310a02	空非滅故空名念自佛六根如幻佛身亦然以如	空 非 滅 故 空 名 念 自 佛 六 根 如 幻 佛 身 亦 然 以 如 
X13n0285_005:0310a03	幻根緣如幻佛滅如幻罪生如幻福乃至得證如	幻 根 緣 如 幻 佛 滅 如 幻 罪 生 如 幻 福 乃 至 得 證 如 
X13n0285_005:0310a04	幻涅槃名念他佛所念能念無二幻故托如幻境	幻 涅 槃 名 念 他 佛 所 念 能 念 無 二 幻 故 托 如 幻 境 
X13n0285_005:0310a05	成如幻觀名自他俱念也別教三者觀此六根依	成 如 幻 觀 名 自 他 俱 念 也 別 教 三 者 觀 此 六 根 依 
X13n0285_005:0310a06	無明有斷無明故九界六根得滅佛界六根得成	無 明 有 斷 無 明 故 九 界 六 根 得 滅 佛 界 六 根 得 成 
X13n0285_005:0310a07	名念自佛正因佛性雖復理同我無緣了諸佛已	名 念 自 佛 正 因 佛 性 雖 復 理 同 我 無 緣 了 諸 佛 已 
X13n0285_005:0310a08	具緣念諸佛果中勝德不生疲厭名念他佛我與	具 緣 念 諸 佛 果 中 勝 德 不 生 疲 厭 名 念 他 佛 我 與 
X13n0285_005:0310a09	諸佛三因平等諸佛圓證我今在迷先念化身佛	諸 佛 三 因 平 等 諸 佛 圓 證 我 今 在 迷 先 念 化 身 佛 
X13n0285_005:0310a10	助我緣因次念報身佛助我了因後念法身佛顯	助 我 緣 因 次 念 報 身 佛 助 我 了 因 後 念 法 身 佛 顯 
X13n0285_005:0310a11	我正因名自他俱念也圓教三者六根皆如來藏	我 正 因 名 自 他 俱 念 也 圓 教 三 者 六 根 皆 如 來 藏 
X13n0285_005:0310a12	如來藏中性見覺明覺精明見如一見根見周法	如 來 藏 中 性 見 覺 明 覺 精 明 見 如 一 見 根 見 周 法 
X13n0285_005:0310a13	界聞齅覺知亦復如是妙德瑩然周徧法界是念	界 聞 齅 覺 知 亦復如是 妙 德 瑩 然 周 徧 法 界 是 念 
X13n0285_005:0310a14	自佛觀一佛身即是一切諸佛之身觀一相好即	自 佛 觀 一 佛 身 即 是 一切諸佛 之 身 觀 一 相 好 即 
X13n0285_005:0310a15	是一切相好之海稱一佛名即是一切諸佛之名	是 一 切 相 好 之 海 稱 一 佛 名 即 是 一切諸佛 之 名 
X13n0285_005:0310a16	觀一法門即是一切微妙法門觀於佛土一塵一	觀 一 法 門 即 是 一 切 微 妙 法 門 觀 於 佛 土 一 塵 一 
X13n0285_005:0310a17	法即是一切諸塵諸法見一色身即是圓見法報	法 即 是 一 切 諸 塵 諸 法 見 一 色 身 即 是 圓 見 法 報 
X13n0285_005:0310a18	化身瞻一影像即是如來三身實相名念他佛諸	化 身 瞻 一 影 像 即 是 如 來 三 身 實 相 名 念 他 佛 諸 
X13n0285_005:0310a19	佛乃眾生心內之佛眾生乃諸佛心內眾生觀身	佛 乃 眾 生 心 內 之 佛 眾 生 乃 諸 佛 心 內 眾 生 觀 身 
X13n0285_005:0310a20	實相觀佛亦然全繇性具三德成彼諸佛果上三	實 相 觀 佛 亦 然 全 繇 性 具 三 德 成 彼 諸 佛 果 上 三 
X13n0285_005:0310a21	身觀彼諸佛果上三身即發自心本有三智名自	身 觀 彼 諸 佛 果 上 三 身 即 發 自 心 本 有 三 智 名 自 
X13n0285_005:0310a22	他俱念也三明證本迹者自行則本迹俱圓化他	他 俱 念 也 三 明 證 本 迹 者 自 行 則 本 迹 俱 圓 化 他 
X13n0285_005:0310a23	則四教俱用還須先約三種念佛以釋今文次明	則 四 教 俱 用 還 須 先 約 三 種 念 佛 以 釋 今 文 次 明 
X13n0285_005:0310a24	四種淨土以彰能攝約念他佛釋今文者一專為	四 種 淨 土 以 彰 能 攝 約 念 他 佛 釋 今 文 者 一 專 為 
X13n0285_005:0310b01	憶即指十方如來一人專忘即指迷倒眾生佛常	憶 即 指 十 方 如 來 一 人 專 忘 即 指 迷 倒 眾 生 佛 常 
X13n0285_005:0310b02	逢見眾生眾生常不逢見諸佛故云若逢不逢或	逢 見 眾 生 眾 生 常 不 逢 見 諸 佛 故 云 若 逢 不 逢 或 
X13n0285_005:0310b03	見非見次喻佛憶眾生更與尋常憶念不同直如	見 非 見 次 喻 佛 憶 眾 生 更 與 尋 常 憶 念 不 同 直 如 
X13n0285_005:0310b04	慈母憶子子今憶母亦須如母憶子方得歷生不	慈 母 憶 子 子 今 憶 母 亦 須 如 母 憶 子 方 得 歷 生 不 
X13n0285_005:0310b05	相違遠憶者恒審思量念者注心一境憶念若深	相 違 遠 憶 者 恒 審 思 量 念 者 注 心 一 境 憶 念 若 深 
X13n0285_005:0310b06	則有現前即見佛者如遠公三見聖相之類是也	則 有 現 前 即 見 佛 者 如 遠 公 三 見 聖 相 之 類 是 也 
X13n0285_005:0310b07	亦有當來乃見佛者如臨終佛迎乃至華開見佛	亦 有 當 來 乃 見 佛 者 如 臨 終 佛 迎 乃 至 華 開 見 佛 
X13n0285_005:0310b08	之類是也不惟得見果佛亦去果佛不遠如經所	之 類 是 也 不 惟 得 見 果 佛 亦 去 果 佛 不 遠 如 經 所 
X13n0285_005:0310b09	明不退菩提多有一生補處是也不假方便謂即	明 不 退 菩 提 多 有 一生補處 是 也 不 假 方 便 謂 即 
X13n0285_005:0310b10	以念佛為第一勝異方便非餘一切方便所可及	以 念 佛 為 第 一 勝 異 方 便 非 餘 一 切 方 便 所 可 及 
X13n0285_005:0310b11	也香喻諸佛果德染香人身有香氣等喻攬果成	也 香 喻 諸 佛 果 德 染 香 人 身 有 香 氣 等 喻 攬 果 成 
X13n0285_005:0310b12	因因能克果也約念自佛釋今文者一專為憶以	因 因 能 克 果 也 約 念 自 佛 釋 今 文 者 一 專 為 憶 以 
X13n0285_005:0310b13	喻本覺之性隨諸眾生流轉五道不相暫離一人	喻 本 覺 之 性 隨 諸 眾 生 流 轉 五 道 不 相 暫 離 一 人 
X13n0285_005:0310b14	專忘以喻始覺在無明時念念背覺合塵始本不	專 忘 以 喻 始 覺 在 無 明 時 念 念 背 覺 合 塵 始 本 不 
X13n0285_005:0310b15	離故若逢始本不合故不逢本即在始故或見始	離 故 若 逢 始 本 不 合 故 不 逢 本 即 在 始 故 或 見 始 
X13n0285_005:0310b16	恒迷本故非見也十方如來即指眾生本覺之性	恒 迷 本 故 非 見 也 十 方 如 來 即 指 眾 生 本 覺 之 性 
X13n0285_005:0310b17	元自豎窮橫徧能生始覺喻之如母始覺在無明	元 自 豎 窮 橫 徧 能 生 始 覺 喻 之 如 母 始 覺 在 無 明 
X13n0285_005:0310b18	時全體從本覺起而違背本覺喻以如子逃逝也	時 全 體 從 本 覺 起 而 違 背 本 覺 喻 以 如 子 逃 逝 也 
X13n0285_005:0310b19	現前見佛是圓初住親見本覺法身當來見佛是	現 前 見 佛 是 圓 初 住 親 見 本 覺 法 身 當 來 見 佛 是 
X13n0285_005:0310b20	圓五品六根相似見於本覺去佛不遠謂去自心	圓 五 品 六 根 相 似 見 於 本 覺 去 佛 不 遠 謂 去 自 心 
X13n0285_005:0310b21	妙覺極果不遠不假方便謂不假諸餘方便非謂	妙 覺 極 果 不 遠 不 假 方 便 謂 不 假 諸 餘 方 便 非 謂 
X13n0285_005:0310b22	念自心佛不是勝妙方便也香喻本覺理性染香	念 自 心 佛 不 是 勝 妙 方 便 也 香 喻 本 覺 理 性 染 香 
X13n0285_005:0310b23	人身有香氣喻無明熏變成始覺也約自他俱念	人 身 有 香 氣 喻 無 明 熏 變 成 始 覺 也 約 自 他 俱 念 
X13n0285_005:0310b24	例此可知次明四種淨土以彰能攝者所謂凡聖	例 此 可 知 次 明 四 種 淨 土 以 彰 能 攝 者 所 謂 凡 聖 
X13n0285_005:0310c01	同居淨土方便有餘淨土實報無障礙淨土常寂	同 居 淨 土 方 便 有 餘 淨 土 實 報 無 障 礙 淨 土 常 寂 
X13n0285_005:0310c02	光淨土也今以藏通二教念他佛念自他佛二種	光 淨 土 也 今 以 藏 通 二 教 念 他 佛 念 自 他 佛 二 種 
X13n0285_005:0310c03	三昧攝歸同居方便二種淨土謂藏七賢通乾慧	三 昧 攝 歸 同 居 方 便 二 種 淨 土 謂 藏 七 賢 通 乾 慧 
X13n0285_005:0310c04	性地皆歸同居淨藏四果通見地已上皆歸方便	性 地 皆 歸 同 居 淨 藏 四 果 通 見 地 已 上 皆 歸 方 便 
X13n0285_005:0310c05	淨也以別教二種念佛三昧攝歸同居方便實報	淨 也 以 別 教 二 種 念佛三昧 攝 歸 同 居 方 便 實 報 
X13n0285_005:0310c06	三種淨土十信位歸同居淨十住十行十迴向位	三 種 淨 土 十 信 位 歸 同 居 淨 十 住 十 行 十 迴 向 位 
X13n0285_005:0310c07	歸方便淨十地證道同圓由念他佛之力歸實報	歸 方 便 淨 十 地 證 道 同 圓 由 念 他 佛 之 力 歸 實 報 
X13n0285_005:0310c08	淨也以圓教二種念佛三昧攝歸四種淨土五品	淨 也 以 圓 教 二 種 念佛三昧 攝 歸 四 種 淨 土 五 品 
X13n0285_005:0310c09	位歸同居淨十信位歸方便淨初住去歸實報淨	位 歸 同 居 淨 十 信 位 歸 方 便 淨 初 住 去 歸 實 報 淨 
X13n0285_005:0310c10	亦復分證寂光妙覺位歸於究竟寂光淨也若夫	亦 復 分 證 寂 光 妙 覺 位 歸 於 究 竟 寂 光 淨 也 若 夫 
X13n0285_005:0310c11	單念自佛則通教已辦地上能歸方便淨土乾慧	單 念 自 佛 則 通 教 已 辦 地 上 能 歸 方 便 淨 土 乾 慧 
X13n0285_005:0310c12	性地不能歸同居淨土藏教一總不能圓教能歸	性 地 不 能 歸 同 居 淨 土 藏 教 一 總 不 能 圓 教 能 歸 
X13n0285_005:0310c13	實報寂光二種淨土別教不能又圓教但念自佛	實 報 寂 光 二 種 淨 土 別 教 不 能 又 圓 教 但 念 自 佛 
X13n0285_005:0310c14	者但能竪入上三淨土不能橫超西方淨土又單	者 但 能 竪 入 上 三 淨 土 不 能 橫 超 西方淨土 又 單 
X13n0285_005:0310c15	念自佛則是諸聖所同不顯此門獨妙又單被四	念 自 佛 則 是 諸 聖 所 同 不 顯 此 門 獨 妙 又 單 被 四 
X13n0285_005:0310c16	教利根不能普被四教三根故非勢至化他之本	教 利 根 不 能 普 被 四 教 三 根 故 非 勢 至 化 他 之 本 
X13n0285_005:0310c17	旨也問曰但念他佛得非心外取境耶答曰圓人	旨 也 問 曰 但 念 他 佛 得 非 心 外 取 境 耶 答 曰 圓 人 
X13n0285_005:0310c18	熾然但念他佛了知他佛不離自心權乘縱未了	熾 然 但 念 他 佛 了 知 他 佛 不 離 自 心 權 乘 縱 未 了 
X13n0285_005:0310c19	達自心究竟心外決無別佛故此念佛三昧若迷	達 自 心 究 竟 心 外 決 無 別 佛 故 此 念佛三昧 若 迷 
X13n0285_005:0310c20	若悟皆可共遵迷者遵之則不假方便自得心開	若 悟 皆 可 共 遵 迷 者 遵 之 則 不 假 方 便 自 得 心 開 
X13n0285_005:0310c21	悟者遵之則自他不二始覺合本矣名為三昧中	悟 者 遵 之 則 自 他 不 二 始 覺 合 本 矣 名 為 三 昧 中 
X13n0285_005:0310c22	王不亦宜乎。	王 不 亦 宜 乎 
X13n0285_006:0311a07	大佛頂如來密因修證了義諸菩薩萬行首楞嚴經	大 佛 頂 如 來 密 因 修 證 了 義 諸 菩 薩 萬 行 首 楞 嚴 經 
X13n0285_006:0311a08	卷第六文句	卷 第 六 文 句 
X13n0285_006:0311a09	唐天竺沙門般剌密諦　譯經	唐 天 竺 沙 門 般 剌 密 諦 譯 經 
X13n0285_006:0311a10	明菩薩沙彌古吳智旭　文句	明 菩 薩 沙 彌 古 吳 智 旭 文 句 
X13n0285_006:0311a11	明菩薩比丘溫陵道昉　參訂	明 菩 薩 比 丘 溫 陵 道 昉 參 訂 
X13n0285_006:0311a12	五觀耳根此門次序本應在那律後由其正被當	五 觀 耳 根 此 門 次 序 本 應 在 那 律 後 由 其 正 被 當 
X13n0285_006:0311a13	機故俟眾聖各已略陳乃廣陳修證之相也文分	機 故 俟 眾 聖 各 已 略 陳 乃 廣 陳 修 證 之 相 也 文 分 
X13n0285_006:0311a14	為二初敘悟緣起二牒證結答。初中三初值佛	為 二 初 敘 悟 緣 起 二 牒 證 結 答 初 中 三 初 值 佛 
X13n0285_006:0311a15	稟教二依教修證三由證起用。今初。	稟 教 二 依 教 修 證 三 由 證 起 用 今 初 
X13n0285_006:0311a16	爾時觀世音菩薩即從座起頂禮佛足而白佛言世	爾 時 觀 世 音 菩 薩 即 從 座 起 頂禮佛足 而 白 佛 言 世 
X13n0285_006:0311a17	尊憶念我昔無數恒河沙劫於時有佛出現於世名	尊 憶 念 我 昔 無 數 恒 河 沙 劫 於 時 有 佛 出 現 於 世 名 
X13n0285_006:0311a18	觀世音我於彼佛發菩提心彼佛教我從聞思修入	觀 世 音 我 於 彼 佛 發菩提心 彼 佛 教 我 從 聞 思 修 入 
X13n0285_006:0311a19	三摩地。	三 摩 地 
X13n0285_006:0311a20	觀者能觀之智所謂一心三觀也世音者所觀之	觀 者 能 觀 之 智 所 謂 一 心 三 觀 也 世 音 者 所 觀 之 
X13n0285_006:0311a21	境所謂一境三諦也世有三種一器世間所謂同	境 所 謂 一 境 三 諦 也 世 有 三 種 一 器 世 間 所 謂 同 
X13n0285_006:0311a22	居方便實報寂光二眾生世間所謂天人阿修羅	居 方 便 實 報 寂 光 二 眾 生 世 間 所 謂 天 人 阿 修 羅 
X13n0285_006:0311a23	地獄鬼畜生三正覺世間所謂佛菩薩緣覺聲聞	地 獄 鬼 畜 生 三 正 覺 世 間 所 謂 佛 菩 薩 緣 覺 聲 聞 
X13n0285_006:0311a24	以要言之即十法界若依若正也音者依正所出	以要言之 即 十 法 界 若 依 若 正 也 音 者 依 正 所 出 
X13n0285_006:0311b01	種種音聲此音本即如來藏性循業發現眾生迷	種 種 音 聲 此 音 本 即 如 來 藏 性 循 業 發 現 眾 生 迷 
X13n0285_006:0311b02	本聞循聲流轉故於十界依正音聲不能普徧圓	本 聞 循 聲 流 轉 故 於 十 界 依 正 音 聲 不 能 普 徧 圓 
X13n0285_006:0311b03	觀又於所聞音聲或是有漏或是無漏或善或惡	觀 又 於 所 聞 音 聲 或 是 有 漏 或 是 無 漏 或 善 或 惡 
X13n0285_006:0311b04	或樂或苦隨其妄想起諸分別不達一切音聲皆	或 樂 或 苦 隨 其 妄 想 起 諸 分 別 不 達 一 切 音 聲 皆 
X13n0285_006:0311b05	如來藏三諦妙理惟此菩薩善證耳根圓通觀一	如 來 藏 三 諦 妙 理 惟 此 菩 薩 善 證 耳 根 圓 通 觀 一 
X13n0285_006:0311b06	切音皆妙三諦故名觀世音也古佛亦名為觀世	切 音 皆 妙 三 諦 故 名 觀 世 音 也 古 佛 亦 名 為 觀 世 
X13n0285_006:0311b07	音正顯師資一揆我於彼佛發菩提心者亦如阿	音 正 顯 師 資 一 揆 我 於 彼 佛 發菩提心 者 亦 如 阿 
X13n0285_006:0311b08	難圓悟藏性深發四弘也彼佛教我從聞思修入	難 圓 悟 藏 性 深 發 四 弘 也 彼 佛 教 我 從 聞 思 修 入 
X13n0285_006:0311b09	三摩地者亦如今佛開示阿難定境修觀也聞思	三 摩 地 者 亦 如 今 佛 開 示 阿 難 定 境 修 觀 也 聞 思 
X13n0285_006:0311b10	修三字尋常作三慧釋今則稍異謂以聞根為所	修 三 字 尋 常 作 三 慧 釋 今 則 稍 異 謂 以 聞 根 為 所 
X13n0285_006:0311b11	觀境從此思惟修習而入三昧下正備明思惟修	觀 境 從 此 思 惟 修 習 而 入 三 昧 下 正 備 明 思 惟 修 
X13n0285_006:0311b12	習及證入起用之相也釋此圓通亦須三意境通	習 及 證 入 起 用 之 相 也 釋 此 圓 通 亦 須 三 意 境 通 
X13n0285_006:0311b13	別者隨聞一動一靜一聲一響皆可觸發聞機別	別 者 隨 聞 一 動 一 靜 一 聲 一 響 皆 可 觸 發 聞 機 別 
X13n0285_006:0311b14	成所觀之境今但云從聞思修其境通也觀盈縮	成 所 觀 之 境 今 但 云 從 聞 思 修 其 境 通 也 觀 盈 縮 
X13n0285_006:0311b15	者觀此耳入因緣所生全體虗妄無我我所是藏	者 觀 此 耳 入 因緣所生 全 體 虗 妄 無我我所 是 藏 
X13n0285_006:0311b16	教意耳入即空是通教意耳入出生十界因果是	教 意 耳 入 即 空 是 通 教 意 耳 入 出 生 十 界 因 果 是 
X13n0285_006:0311b17	別教意耳入本如來藏如來藏中性聞覺明覺精	別 教 意 耳 入 本 如 來 藏 如 來 藏 中 性 聞 覺 明 覺 精 
X13n0285_006:0311b18	明聞妙德瑩然周徧法界等是圓教意也證則本	明 聞 妙 德 瑩 然 周 徧 法 界 等 是 圓 教 意 也 證 則 本 
X13n0285_006:0311b19	迹俱圓具如下釋。二依教修證二初總敘圓修	迹 俱 圓 具 如 下 釋 二 依 教 修 證 二 初 總 敘 圓 修 
X13n0285_006:0311b20	二別明破陰。今初。	二 別 明 破 陰 今 初 
X13n0285_006:0311b21	初於聞中入流亡所。	初 於 聞 中 入 流 亡 所 
X13n0285_006:0311b22	初於聞中四字明其所觀之境雖十八界皆得為	初 於 聞 中 四 字 明 其 所 觀 之 境 雖 十 八 界 皆 得 為 
X13n0285_006:0311b23	所觀境而大士初下手時別從耳聞而入故定聞	所 觀 境 而 大 士 初 下 手 時 別 從 耳 聞 而 入 故 定 聞 
X13n0285_006:0311b24	根為所觀境此境不取所聞聲相亦不取耳識能	根 為 所 觀 境 此 境 不 取 所 聞 聲 相 亦 不 取 耳 識 能 
X13n0285_006:0311c01	分別相但聞而已入之一字明其能觀之智眾生	分 別 相 但 聞 而 已 入 之 一 字 明 其 能 觀 之 智 眾 生 
X13n0285_006:0311c02	循聲流轉非背而背名之為出大士反聞自性非	循 聲 流 轉 非 背 而 背 名 之 為 出 大 士 反 聞 自 性 非 
X13n0285_006:0311c03	合而合名之為入即一心三止三觀也流之一字	合 而 合 名 之 為 入 即 一 心 三 止 三 觀 也 流 之 一 字 
X13n0285_006:0311c04	明其所顯之諦下文云此則圓真實此則通真實	明 其 所 顯 之 諦 下 文 云 此 則 圓 真 實 此 則 通 真 實 
X13n0285_006:0311c05	此則常真實乃是聞性真流以此圓通常性不變	此 則 常 真 實 乃 是 聞 性 真 流 以 此 圓 通 常 性 不 變 
X13n0285_006:0311c06	隨緣隨緣不變故名為流若隨染緣則流為九界	隨 緣 隨 緣 不 變 故 名 為 流 若 隨 染 緣 則 流 為 九 界 
X13n0285_006:0311c07	若隨淨緣則流為佛界九界名生死流佛界名涅	若 隨 淨 緣 則 流 為 佛 界 九 界 名 生 死 流 佛 界 名 涅 
X13n0285_006:0311c08	槃流正隨流時水性不變十界俱非十界名真諦	槃 流 正 隨 流 時 水 性 不 變 十 界 俱 非 十 界 名 真 諦 
X13n0285_006:0311c09	法流惟一水性隨十界流十界俱即十界名俗諦	法 流 惟 一 水 性 隨 十 界 流 十 界 俱 即 十 界 名 俗 諦 
X13n0285_006:0311c10	法流流外無水水外無流非水非流即流即水十	法 流 流 外 無 水 水 外 無 流 非 水 非 流 即 流 即 水 十 
X13n0285_006:0311c11	界俱離即離非是即非即名中諦法流真諦即圓	界 俱 離 即 離 非 是 即 非 即 名 中 諦 法 流 真 諦 即 圓 
X13n0285_006:0311c12	真實俗諦即通真實中諦即常真實又三諦俱圓	真 實 俗 諦 即 通 真 實 中 諦 即 常 真 實 又 三 諦 俱 圓 
X13n0285_006:0311c13	量周徧故三諦皆通具勝用故三諦皆常體不變	量 周 徧 故 三 諦 皆 通 具 勝 用 故 三 諦 皆 常 體 不 變 
X13n0285_006:0311c14	故若以能入止觀對所入法流須知橫竪二義方	故 若 以 能 入 止 觀 對 所 入 法 流 須 知 橫 竪 二 義 方 
X13n0285_006:0311c15	達非橫非竪言竪入者體真止空觀入真諦流方	達 非 橫 非 竪 言 竪 入 者 體 真 止 空 觀 入 真 諦 流 方 
X13n0285_006:0311c16	便隨緣止假觀入俗諦流息二邊分別止中觀入	便 隨 緣 止 假 觀 入 俗 諦 流 息 二 邊 分 別 止 中 觀 入 
X13n0285_006:0311c17	中諦流言橫入者一心三止入真諦流一心三觀	中 諦 流 言 橫 入 者 一 心 三 止 入 真 諦 流 一 心 三 觀 
X13n0285_006:0311c18	入俗諦流止觀不二入中諦流如此橫豎即非橫	入 俗 諦 流 止 觀 不 二 入 中 諦 流 如 此 橫 豎 即 非 橫 
X13n0285_006:0311c19	豎又所觀聞境本具三諦總名妙假能觀止觀三	豎 又 所 觀 聞 境 本 具 三 諦 總 名 妙 假 能 觀 止 觀 三 
X13n0285_006:0311c20	智一心總名為空所入法流能所雙絕總名為中	智 一 心 總 名 為 空 所 入 法 流 能 所 雙 絕 總 名 為 中 
X13n0285_006:0311c21	當知約義說三實非二體非一非三而三而一根	當 知 約 義 說 三 實 非 二 體 非 一 非 三 而 三 而 一 根 
X13n0285_006:0311c22	塵識性一一咸爾眾生迷悶日用不知今以妙止	塵 識 性 一 一 咸 爾 眾 生 迷 悶 日 用 不 知 今 以 妙 止 
X13n0285_006:0311c23	觀力向耳門中圓顯此理則一顯一切顯矣言亡	觀 力 向 耳 門 中 圓 顯 此 理 則 一 顯 一 切 顯 矣 言 亡 
X13n0285_006:0311c24	所者亡之一字總顯澄濁得清妄結得解之功所	所 者 亡 之 一 字 總 顯 澄 濁 得 清 妄 結 得 解 之 功 所 
X13n0285_006:0312a01	之一字總指耳根門頭五疊渾濁虗妄結根之相	之 一 字 總 指 耳 根 門 頭 五 疊 渾 濁 虗 妄 結 根 之 相 
X13n0285_006:0312a02	葢迷背時全即以此真流之理而成妄所今了悟	葢 迷 背 時 全 即 以 此 真 流 之 理 而 成 妄 所 今 了 悟 
X13n0285_006:0312a03	時全即融彼妄所之法而成真流故云入流亡所	時 全 即 融 彼 妄 所 之 法 而 成 真 流 故 云 入 流 亡 所 
X13n0285_006:0312a04	又復應知入之一字一心三止三觀止觀不二是	又 復 應 知 入 之 一 字 一 心 三 止 三 觀 止 觀 不 二 是 
X13n0285_006:0312a05	般若德流之一字一境三諦三非定三是法身德	般 若 德 流 之 一 字 一 境 三 諦 三 非 定 三 是 法 身 德 
X13n0285_006:0312a06	亡所二字即解脫德所無實體則亡無可亡所是	亡 所 二 字 即 解 脫 德 所 無 實 體 則 亡 無 可 亡 所 是 
X13n0285_006:0312a07	幻妄則不亡而亡所非有無則非亡非不亡而論	幻 妄 則 不 亡 而 亡 所 非 有 無 則 非 亡 非 不 亡 而 論 
X13n0285_006:0312a08	於亡也。二別明破陰夫所亡妄所元無實體能	於 亡 也 二 別 明 破 陰 夫 所 亡 妄 所 元 無 實 體 能 
X13n0285_006:0312a09	亡觀智亦無漸次但就迷中五疊渾濁不無淺深	亡 觀 智 亦 無 漸 次 但 就 迷 中 五 疊 渾 濁 不 無 淺 深 
X13n0285_006:0312a10	故令悟時不妨無次第中說於次第直是語不頓	故 令 悟 時 不 妨 無 次 第 中 說 於 次 第 直 是 語 不 頓 
X13n0285_006:0312a11	彰實則次第元非次第也分文為五初圓破色陰	彰 實 則 次 第 元 非 次 第 也 分 文 為 五 初 圓 破 色 陰 
X13n0285_006:0312a12	超劫濁(至)五圓破識陰超命濁。今初。	超 劫 濁 至 五 圓 破 識 陰 超 命 濁 今 初 
X13n0285_006:0312a13	所入既寂動靜二相了然不生。	所 入 既 寂 動 靜 二 相 了 然 不 生 
X13n0285_006:0312a14	此以一心圓妙止觀直觀聞性本圓本通本常了	此 以 一 心 圓 妙 止 觀 直 觀 聞 性 本 圓 本 通 本 常 了 
X13n0285_006:0312a15	知耳根所對動靜二塵本如來藏妙真如性動亦	知 耳 根 所 對 動 靜 二 塵 本 如 來 藏 妙 真 如 性 動 亦 
X13n0285_006:0312a16	不生靜亦不生不生之理了然即在二相之中非	不 生 靜 亦 不 生 不 生 之 理 了 然 即 在 二 相 之 中 非 
X13n0285_006:0312a17	滅二相而後為不生也夫動靜二相既已了然不	滅 二 相 而 後 為 不 生 也 夫 動 靜 二 相 既 已 了 然 不 
X13n0285_006:0312a18	生則凡明暗通塞恬變合離生滅等相又豈有生	生 則 凡 明 暗 通 塞 恬 變 合 離 生 滅 等 相 又 豈 有 生 
X13n0285_006:0312a19	故得圓破色陰超劫濁也欲知此中修德淺深仍	故 得 圓 破 色 陰 超 劫 濁 也 欲 知 此 中 修 德 淺 深 仍 
X13n0285_006:0312a20	須善達橫竪二義竪約六即橫約四土竪中有橫	須 善 達 橫 竪 二 義 竪 約 六 即 橫 約 四 土 竪 中 有 橫 
X13n0285_006:0312a21	橫中有豎乃能會入非橫非豎言六即者眾生循	橫 中 有 豎 乃 能 會 入 非 橫 非 豎 言 六 即 者 眾 生 循 
X13n0285_006:0312a22	聲流轉妄計動滅靜生靜滅動生而動本無動靜	聲 流 轉 妄 計 動 滅 靜 生 靜 滅 動 生 而 動 本 無 動 靜 
X13n0285_006:0312a23	本無靜是謂理即不生知此動靜二相來無所從	本 無 靜 是 謂 理 即 不 生 知 此 動 靜 二 相 來 無 所 從 
X13n0285_006:0312a24	去無所至是謂名字即不生依於聞根而觀聞性	去 無 所 至 是 謂 名 字 即 不 生 依 於 聞 根 而 觀 聞 性 
X13n0285_006:0312b01	深達不生之理圓伏五住是謂觀行即不生觀力	深 達 不 生 之 理 圓 伏 五 住 是 謂 觀 行 即 不 生 觀 力 
X13n0285_006:0312b02	既深相似理現六根清淨粗垢先除是謂相似即	既 深 相 似 理 現 六 根 清 淨 粗 垢 先 除 是 謂 相 似 即 
X13n0285_006:0312b03	不生無明豁破祕藏理顯一動一靜無非三德是	不 生 無 明 豁 破 祕 藏 理 顯 一 動 一 靜 無 非 三 德 是 
X13n0285_006:0312b04	謂分證即不生動亦法界靜亦法界法界圓照性	謂 分 證 即 不 生 動 亦 法 界 靜 亦 法 界 法 界 圓 照 性 
X13n0285_006:0312b05	妙覺明是謂究竟即不生今一往約竪先亡聲塵	妙 覺 明 是 謂 究 竟 即 不 生 今 一 往 約 竪 先 亡 聲 塵 
X13n0285_006:0312b06	之所位在觀行若即竪論橫通於究竟不生也言	之 所 位 在 觀 行 若 即 竪 論 橫 通 於 究 竟 不 生 也 言 
X13n0285_006:0312b07	四土者六凡眾生以聲生為動聲滅為靜是同居	四 土 者 六 凡 眾 生 以 聲 生 為 動 聲 滅 為 靜 是 同 居 
X13n0285_006:0312b08	土動靜二相二乘以生死為動涅槃為靜是方便	土 動 靜 二 相 二 乘 以 生 死 為 動 涅 槃 為 靜 是 方 便 
X13n0285_006:0312b09	土動靜二相菩薩以二邊為動中道為靜是實報	土 動 靜 二 相 菩 薩 以 二 邊 為 動 中 道 為 靜 是 實 報 
X13n0285_006:0312b10	土動靜二相佛以不變隨緣為動隨緣不變為靜	土 動 靜 二 相 佛 以 不 變 隨 緣 為 動 隨 緣 不 變 為 靜 
X13n0285_006:0312b11	又不變隨緣故非動說動非靜說靜隨緣不變故	又 不 變 隨 緣 故 非 動 說 動 非 靜 說 靜 隨 緣 不 變 故 
X13n0285_006:0312b12	動亦不生靜亦不生是寂光土動靜二相今一往	動 亦 不 生 靜 亦 不 生 是 寂 光 土 動 靜 二 相 今 一 往 
X13n0285_006:0312b13	約橫則四土動靜皆悉了然不生即橫論豎則六	約 橫 則 四 土 動 靜 皆 悉 了 然 不 生 即 橫 論 豎 則 六 
X13n0285_006:0312b14	凡動靜二相了然不生超同居土劫濁位在圓教	凡 動 靜 二 相 了 然 不 生 超 同 居 土 劫 濁 位 在 圓 教 
X13n0285_006:0312b15	七信二乘動靜二相了然不生超方便土劫濁位	七 信 二 乘 動 靜 二 相 了 然 不 生 超 方 便 土 劫 濁 位 
X13n0285_006:0312b16	在十信菩薩動靜二相了然不生超實報土劫濁	在 十 信 菩 薩 動 靜 二 相 了 然 不 生 超 實 報 土 劫 濁 
X13n0285_006:0312b17	位在初住已上佛界動靜二相了然不生證寂光	位 在 初 住 已 上 佛 界 動 靜 二 相 了 然 不 生 證 寂 光 
X13n0285_006:0312b18	土真善妙色一念普觀無量劫一塵普現十方界	土 真 善 妙 色 一 念 普 觀 無 量 劫 一 塵 普 現 十 方 界 
X13n0285_006:0312b19	十世古今始終不離於當念微塵剎土自他不隔	十 世 古 今 始 終 不 離 於 當 念 微 塵 剎 土 自 他 不 隔 
X13n0285_006:0312b20	於毫端又能示現種種時劫種種延促皆悉自在	於 毫 端 又 能 示 現 種 種 時 劫 種 種 延 促 皆 悉 自 在 
X13n0285_006:0312b21	位在妙覺也是謂初於聞中入色陰本如來藏之	位 在 妙 覺 也 是 謂 初 於 聞 中 入 色 陰 本 如 來 藏 之 
X13n0285_006:0312b22	流亡九界劫濁之所。二圓破受陰超見濁。	流 亡 九 界 劫 濁 之 所 二 圓 破 受 陰 超 見 濁 
X13n0285_006:0312b23	如是漸增聞所聞盡。	如 是 漸 增 聞 所 聞 盡 
X13n0285_006:0312b24	如是漸增者理則頓悟乘悟併銷事非頓除因次	如 是 漸 增 者 理 則 頓 悟 乘 悟 併 銷 事 非 頓 除 因 次 
X13n0285_006:0312c01	第盡縱令利刀一截千紙而中間層數元自不亂	第 盡 縱 令 利 刀 一 截 千 紙 而 中 間 層 數 元 自 不 亂 
X13n0285_006:0312c02	縱令大鵬一舉九萬而中間尋尺亦自歷然故不	縱 令 大 鵬 一 舉 九 萬 而 中 間 尋 尺 亦 自 歷 然 故 不 
X13n0285_006:0312c03	妨於非漸次中說漸次也動靜二相了然不生則	妨 於 非 漸 次 中 說 漸 次 也 動 靜 二 相 了 然 不 生 則 
X13n0285_006:0312c04	所聞之性本盡所聞既盡能聞亦然所謂施聞與	所 聞 之 性 本 盡 所 聞 既 盡 能 聞 亦 然 所 謂 施 聞 與 
X13n0285_006:0312c05	聲脫能脫欲誰名夫能聞所聞既盡則能見所見	聲 脫 能 脫 欲 誰 名 夫 能 聞 所 聞 既 盡 則 能見所見 
X13n0285_006:0312c06	能嗅所嗅能嘗所嘗能覺所覺能知所知又豈不	能 嗅 所 嗅 能 嘗 所 嘗 能 覺 所 覺 能 知 所 知 又 豈 不 
X13n0285_006:0312c07	盡故得圓破受陰超見濁也約六即者眾生終日	盡 故 得 圓 破 受 陰 超 見 濁 也 約 六 即 者 眾 生 終 日 
X13n0285_006:0312c08	循聲流轉而聲本無性聞亦本空是理即盡達此	循 聲 流 轉 而 聲 本 無 性 聞 亦 本 空 是 理 即 盡 達 此 
X13n0285_006:0312c09	本盡之理是名字即盡餘可例知今一往約豎次	本 盡 之 理 是 名 字 即 盡 餘 可 例 知 今 一 往 約 豎 次 
X13n0285_006:0312c10	亡聞根之所位在初信乃至七信若即豎論橫通	亡 聞 根 之 所 位 在 初 信 乃 至 七 信 若 即 豎 論 橫 通 
X13n0285_006:0312c11	於究竟盡也約四見者六凡以根為能聞聲為所	於 究 竟 盡 也 約 四 見 者 六 凡 以 根 為 能 聞 聲 為 所 
X13n0285_006:0312c12	聞起有我見二乘以慧耳為能聞以真諦為所聞	聞 起 有 我 見 二 乘 以 慧 耳 為 能 聞 以 真 諦 為 所 聞 
X13n0285_006:0312c13	起無我見菩薩以法耳為能聞以俗諦為所聞起	起 無 我 見 菩 薩 以 法 耳 為 能 聞 以 俗 諦 為 所 聞 起 
X13n0285_006:0312c14	亦我亦無我見佛以佛耳為能聞以中諦為所聞	亦 我 亦 無 我 見 佛 以 佛 耳 為 能 聞 以 中 諦 為 所 聞 
X13n0285_006:0312c15	成非我非無我無上正見今一往約橫則四種聞	成 非 我 非 無 我 無 上 正 見 今 一 往 約 橫 則 四 種 聞 
X13n0285_006:0312c16	所聞皆盡即橫論豎則凡夫聞所聞盡超有我見	所 聞 皆 盡 即 橫 論 豎 則 凡 夫 聞 所 聞 盡 超 有 我 見 
X13n0285_006:0312c17	濁位在七信二乘聞所聞盡超無我見濁位在十	濁 位 在 七 信 二 乘 聞 所 聞 盡 超 無 我 見 濁 位 在 十 
X13n0285_006:0312c18	信菩薩聞所聞盡超亦我亦無我見濁位在初住	信 菩 薩 聞 所 聞 盡 超 亦 我 亦 無 我 見 濁 位 在 初 住 
X13n0285_006:0312c19	已上佛界聞所聞盡成非我非無我正見位在妙	已 上 佛 界 聞 所 聞 盡 成 非 我 非 無 我 正 見 位 在 妙 
X13n0285_006:0312c20	覺也是謂初於聞中入受陰本如來藏之流亡九	覺 也 是 謂 初 於 聞 中 入 受 陰 本 如 來 藏 之 流 亡 九 
X13n0285_006:0312c21	界見濁之所。三圓破想陰超煩惱濁。	界 見 濁 之 所 三 圓 破 想 陰 超 煩 惱 濁 
X13n0285_006:0312c22	盡聞不住覺所覺空。	盡 聞 不 住 覺 所 覺 空 
X13n0285_006:0312c23	不住二字即是於未足中不生滿足證也後文云	不 住 二 字 即 是 於 未 足 中 不 生 滿 足 證 也 後 文 云 
X13n0285_006:0312c24	若動念盡浮想銷除於覺明心如去塵垢一倫生	若 動 念 盡 浮 想 銷 除 於 覺 明 心 如 去 塵 垢 一 倫 生 
X13n0285_006:0313a01	死首尾圓照名想陰盡又云想陰盡者是人平常	死 首 尾 圓 照 名 想 陰 盡 又 云 想 陰 盡 者 是 人 平 常 
X13n0285_006:0313a02	夢想銷滅寤寐恒一覺明虗靜猶如晴空無復麤	夢 想 銷 滅 寤 寐 恒 一 覺 明 虗 靜 猶 如 晴 空 無 復 麤 
X13n0285_006:0313a03	重前塵影事乃至唯一精真故知此文是圓破想	重 前 塵 影 事 乃 至 唯 一 精 真 故 知 此 文 是 圓 破 想 
X13n0285_006:0313a04	陰以超煩惱濁也約六即者眾生終日起諸妄想	陰 以 超 煩 惱 濁 也 約 六 即 者 眾 生 終 日 起 諸 妄 想 
X13n0285_006:0313a05	而妄想無性是能覺所覺理即是空知此妄想無	而 妄 想 無 性 是 能 覺 所 覺 理 即 是 空 知 此 妄 想 無 
X13n0285_006:0313a06	性無能無所是名字即空餘可例知今一往約豎	性 無 能 無 所 是 名 字 即 空 餘 可 例 知 今 一 往 約 豎 
X13n0285_006:0313a07	次亡覺觀之所位亦在圓七信若即豎論橫通於	次 亡 覺 觀 之 所 位 亦 在 圓 七 信 若 即 豎 論 橫 通 於 
X13n0285_006:0313a08	究竟即空也約四慧者凡夫以根塵為所覺邪慧	究 竟 即 空 也 約 四 慧 者 凡 夫 以 根 塵 為 所 覺 邪 慧 
X13n0285_006:0313a09	為能覺成見思煩惱二乘以真諦為所覺空慧為	為 能 覺 成 見 思 煩 惱 二 乘 以 真 諦 為 所 覺 空 慧 為 
X13n0285_006:0313a10	能覺成塵沙煩惱菩薩以二諦為所覺道慧為能	能 覺 成 塵 沙 煩 惱 菩 薩 以 二 諦 為 所 覺 道 慧 為 能 
X13n0285_006:0313a11	覺成無明煩惱佛以中諦為所覺佛慧為能覺成	覺 成 無 明 煩 惱 佛 以 中 諦 為 所 覺 佛 慧 為 能 覺 成 
X13n0285_006:0313a12	無上菩提今一往約橫則四種覺所覺皆空即橫	無上菩提 今 一 往 約 橫 則 四 種 覺 所 覺 皆 空 即 橫 
X13n0285_006:0313a13	論竪則凡夫覺所覺空超見思煩惱濁位在七信	論 竪 則 凡 夫 覺 所 覺 空 超 見 思 煩 惱 濁 位 在 七 信 
X13n0285_006:0313a14	二乘覺所覺空超塵沙煩惱濁位在十信菩薩覺	二 乘 覺 所 覺 空 超 塵 沙 煩 惱 濁 位 在 十 信 菩 薩 覺 
X13n0285_006:0313a15	所覺空超無明煩惱濁位在初住已上佛界覺所	所 覺 空 超 無 明 煩 惱 濁 位 在 初 住 已 上 佛 界 覺 所 
X13n0285_006:0313a16	覺空煩惱即菩提位在妙覺也是謂初於聞中入	覺 空 煩 惱 即 菩 提 位 在 妙 覺 也 是 謂 初 於 聞 中 入 
X13n0285_006:0313a17	想陰本如來藏之流亡九界煩惱濁之所。四圓	想 陰 本 如 來 藏 之 流 亡 九 界 煩 惱 濁 之 所 四 圓 
X13n0285_006:0313a18	破行陰超眾生濁。	破 行 陰 超 眾 生 濁 
X13n0285_006:0313a19	空覺極圓空所空滅生滅既滅寂滅現前。	空 覺 極 圓 空 所 空 滅 生 滅 既 滅 寂 滅 現 前 
X13n0285_006:0313a20	極之一字即是不生滿足任運增進之功也後文	極 之 一 字 即 是 不 生 滿 足 任 運 增 進 之 功 也 後 文 
X13n0285_006:0313a21	云若此清擾熠熠元性性入元澄如波瀾滅化為	云 若 此 清 擾 熠 熠 元 性 性 入 元 澄 如 波 瀾 滅 化 為 
X13n0285_006:0313a22	澄水名行陰盡又云行陰盡者諸世間性幽清擾	澄 水 名 行 陰 盡 又 云 行 陰 盡 者 諸 世 間 性 幽 清 擾 
X13n0285_006:0313a23	動同分生機倐然隳裂沉細綱紐補特伽羅酬業	動 同 分 生 機 倐 然 隳 裂 沉 細 綱 紐 補 特 伽 羅 酬 業 
X13n0285_006:0313a24	深脉感應懸絕於涅槃天將大明悟內外湛明入	深 脉 感 應 懸 絕 於 涅 槃 天 將 大 明 悟 內 外 湛 明 入 
X13n0285_006:0313b01	無所入乃至已滅生滅而於寂滅精妙未圓故知	無 所 入 乃 至 已 滅 生 滅 而 於 寂 滅 精 妙 未 圓 故 知 
X13n0285_006:0313b02	此文是圓破行陰以超眾生濁也約六即者眾生	此 文 是 圓 破 行 陰 以 超 眾 生 濁 也 約 六 即 者 眾 生 
X13n0285_006:0313b03	妄見種種生滅而本無生滅可得是謂理即寂滅	妄 見 種 種 生 滅 而 本 無 生 滅 可 得 是 謂 理 即 寂 滅 
X13n0285_006:0313b04	餘可例知今一往約豎次亡空理生滅之所位在	餘 可 例 知 今 一 往 約 豎 次 亡 空 理 生 滅 之 所 位 在 
X13n0285_006:0313b05	十信若即豎論橫通於究竟寂滅也約四行者凡	十 信 若 即 豎 論 橫 通 於 究竟寂滅 也 約 四 行 者 凡 
X13n0285_006:0313b06	夫以有名生以無名滅成有漏行作世間眾生二	夫 以 有 名 生 以 無 名 滅 成 有 漏 行 作 世 間 眾 生 二 
X13n0285_006:0313b07	乘以生死為生滅偏真為寂滅成無漏行作出世	乘 以 生 死 為 生 滅 偏 真 為 寂 滅 成 無 漏 行 作 出 世 
X13n0285_006:0313b08	眾生菩薩以二邊為生滅但中為寂滅成漏無漏	眾 生 菩 薩 以 二 邊 為 生 滅 但 中 為 寂 滅 成 漏 無 漏 
X13n0285_006:0313b09	行作大道心成就眾生佛以不變隨緣為生滅隨	行 作 大 道 心 成 就 眾 生 佛 以 不 變 隨 緣 為 生 滅 隨 
X13n0285_006:0313b10	緣不變為寂滅成不思議行作無上眾生今一往	緣 不 變 為 寂 滅 成 不 思 議 行 作 無 上 眾 生 今 一 往 
X13n0285_006:0313b11	約橫則四種生滅皆滅若即橫論豎則凡夫生滅	約 橫 則 四 種 生 滅 皆 滅 若 即 橫 論 豎 則 凡 夫 生 滅 
X13n0285_006:0313b12	既滅超世間眾生濁位在七信二乘生滅既滅超	既 滅 超 世 間 眾 生 濁 位 在 七 信 二 乘 生 滅 既 滅 超 
X13n0285_006:0313b13	出世眾生濁位在十信菩薩生滅既滅超大心眾	出 世 眾 生 濁 位 在 十 信 菩 薩 生 滅 既 滅 超 大 心 眾 
X13n0285_006:0313b14	生濁位在初住已上佛界生滅既滅成無上眾生	生 濁 位 在 初 住 已 上 佛 界 生 滅 既 滅 成 無 上 眾 生 
X13n0285_006:0313b15	位在妙覺也是謂初於聞中入行陰本如來藏之	位 在 妙 覺 也 是 謂 初 於 聞 中 入 行 陰 本 如 來 藏 之 
X13n0285_006:0313b16	流亡九界眾生濁之所。五圓破識陰超命濁。	流 亡 九 界 眾 生 濁 之 所 五 圓 破 識 陰 超 命 濁 
X13n0285_006:0313b17	忽然超越世出世間十方圓明獲二殊勝一者上合	忽 然 超 越 世出世間 十 方 圓 明 獲 二 殊 勝 一 者 上 合 
X13n0285_006:0313b18	十方諸佛本妙覺心與佛如來同一慈力二者下合	十方諸佛 本 妙 覺 心 與 佛 如 來 同 一 慈 力 二 者 下 合 
X13n0285_006:0313b19	十方一切六道眾生與諸眾生同一悲仰。	十 方 一 切 六 道 眾 生 與 諸 眾 生 同 一 悲 仰 
X13n0285_006:0313b20	後文云十方世界及與身心如吠瑠璃內外明徹	後 文 云 十方世界 及 與 身 心 如 吠 瑠 璃 內 外 明 徹 
X13n0285_006:0313b21	名識陰盡又云識陰若盡則汝現前諸根互用從	名 識 陰 盡 又 云 識 陰 若 盡 則 汝 現 前 諸 根 互 用 從 
X13n0285_006:0313b22	互用中能入菩薩金剛乾慧圓明精心於中發化	互 用 中 能 入 菩 薩 金 剛 乾 慧 圓 明 精 心 於 中 發 化 
X13n0285_006:0313b23	如淨瑠璃內含寶月如是乃超十信十住等廼至	如 淨 瑠 璃 內 含 寶 月 如 是 乃 超 十 信 十 住 等 廼 至 
X13n0285_006:0313b24	圓滿菩提歸無所得故知此文是圓破識陰以超	圓 滿 菩 提 歸 無 所 得 故 知 此 文 是 圓 破 識 陰 以 超 
X13n0285_006:0313c01	命濁也夫如來藏妙真如性本自俱非世出世間	命 濁 也 夫 如 來 藏 妙 真 如 性 本 自 俱 非 世出世間 
X13n0285_006:0313c02	所以俱即世出世間由眾生迷悶背覺合塵妄為	所 以 俱 即 世出世間 由 眾 生 迷 悶 背 覺 合 塵 妄 為 
X13n0285_006:0313c03	五濁之所覆障是故凡夫以世間自囿聖人以出	五 濁 之 所 覆 障 是 故 凡 夫 以 世 間 自 囿 聖 人 以 出 
X13n0285_006:0313c04	世自局既囿且局則其相不圓其光不明譬如月	世 自 局 既 囿 且 局 則 其 相 不 圓 其 光 不 明 譬 如 月 
X13n0285_006:0313c05	體雖無增減而光相妄有盈虧今以稱性所起圓	體 雖 無 增 減 而 光 相 妄 有 盈 虧 今 以 稱 性 所 起 圓 
X13n0285_006:0313c06	頓止觀圓破五陰而澄五濁故得發本明曜徹證	頓 止 觀 圓 破 五 陰 而 澄 五 濁 故 得 發 本 明 曜 徹 證 
X13n0285_006:0313c07	三無差別之性而上合下同也諸佛本妙覺心即	三無差別 之 性 而 上 合 下 同 也 諸 佛 本 妙 覺 心 即 
X13n0285_006:0313c08	是眾生心內諸佛今既自證九界中本具佛界之	是 眾 生 心 內 諸 佛 今 既 自 證 九 界 中 本 具 佛 界 之 
X13n0285_006:0313c09	性便能徧與十界道滅故云與佛如來同一慈力	性 便 能 徧 與 十 界 道 滅 故 云 與 佛 如 來 同 一 慈 力 
X13n0285_006:0313c10	是名無緣大慈十方一切眾生即是諸佛心內眾	是 名 無 緣 大 慈 十 方 一 切 眾 生 即 是 諸 佛 心 內 眾 
X13n0285_006:0313c11	生今既自證佛界中本具九界之性便能徧拔十	生 今 既 自 證 佛 界 中 本 具 九 界 之 性 便 能 徧 拔 十 
X13n0285_006:0313c12	界苦集故云與諸眾生同一悲仰是名同體大悲	界 苦 集 故 云 與 諸 眾 生 同 一 悲 仰 是 名 同 體 大 悲 
X13n0285_006:0313c13	十界惟是一心慈悲本自不二且約究竟義顯故	十 界 惟 是 一 心 慈 悲 本 自 不 二 且 約 究 竟 義 顯 故 
X13n0285_006:0313c14	但稱諸佛本妙覺心非謂本妙覺心獨在諸佛又	但 稱 諸 佛 本 妙 覺 心 非 謂 本 妙 覺 心 獨 在 諸 佛 又 
X13n0285_006:0313c15	約拔苦義強故但稱一切六道眾生非謂同體悲	約 拔 苦 義 強 故 但 稱 一 切 六 道 眾 生 非 謂 同 體 悲 
X13n0285_006:0313c16	仰不偏九界也約六即者世間本非世間出世本	仰 不 偏 九 界 也 約 六 即 者 世 間 本 非 世 間 出 世 本 
X13n0285_006:0313c17	非出世是謂理即超越餘可例知今一往約豎次	非 出 世 是 謂 理 即 超 越 餘 可 例 知 今 一 往 約 豎 次 
X13n0285_006:0313c18	亡寂滅之所位在初住已上若即豎論橫通於觀	亡 寂 滅 之 所 位 在 初 住 已 上 若 即 豎 論 橫 通 於 觀 
X13n0285_006:0313c19	行超越乃至究竟超越也約四識者凡夫以現前	行 超 越 乃 至 究 竟 超 越 也 約 四 識 者 凡 夫 以 現 前 
X13n0285_006:0313c20	為世間妄計諸天神仙為出世間成有漏識起分	為 世 間 妄 計 諸 天 神 仙 為 出 世 間 成 有 漏 識 起 分 
X13n0285_006:0313c21	段命濁二乘以三界為世間以偏真涅槃為出世	段 命 濁 二 乘 以 三 界 為 世 間 以 偏 真 涅 槃 為 出 世 
X13n0285_006:0313c22	間成無漏識起方便土變易命濁菩薩以生死涅	間 成 無 漏 識 起 方 便 土 變 易 命 濁 菩 薩 以 生 死 涅 
X13n0285_006:0313c23	槃皆為世間以中道佛性逈超二諦為出世間成	槃 皆 為 世 間 以 中 道 佛 性 逈 超 二 諦 為 出 世 間 成 
X13n0285_006:0313c24	漏無漏識起果報土變易命濁佛以如來藏性不	漏 無 漏 識 起 果 報 土 變 易 命 濁 佛 以 如 來 藏 性 不 
X13n0285_006:0314a01	變隨緣為俱即世出世間隨緣不變為俱非世出	變 隨 緣 為 俱 即 世出世間 隨 緣 不 變 為 俱 非 世 出 
X13n0285_006:0314a02	世間成菴摩羅識證法性無量壽命今一往約橫	世 間 成 菴摩羅識 證 法 性 無 量 壽 命 今 一 往 約 橫 
X13n0285_006:0314a03	則四種世出世間皆悉超越若即橫論豎則破凡	則 四 種 世出世間 皆 悉 超 越 若 即 橫 論 豎 則 破 凡 
X13n0285_006:0314a04	夫世間有漏識陰超同居命濁位在七信破二乘	夫 世 間 有 漏 識 陰 超 同 居 命 濁 位 在 七 信 破 二 乘 
X13n0285_006:0314a05	出世間無漏識陰超方便命濁位在十信破菩薩	出 世 間 無 漏 識 陰 超 方 便 命 濁 位 在 十 信 破 菩 薩 
X13n0285_006:0314a06	亦世間亦出世間漏無漏識陰超實報命濁位在	亦 世 間 亦 出 世 間 漏 無 漏 識 陰 超 實 報 命 濁 位 在 
X13n0285_006:0314a07	初住已上顯佛界非世間非出世間菴摩羅識陰	初 住 已 上 顯 佛 界 非 世 間 非 出 世 間 菴摩羅識 陰 
X13n0285_006:0314a08	證寂光無量壽命位在妙覺也是謂初於聞中入	證 寂 光 無 量 壽 命 位 在 妙 覺 也 是 謂 初 於 聞 中 入 
X13n0285_006:0314a09	識陰本如來藏之流亡九界命濁之所。三由證	識 陰 本 如 來 藏 之 流 亡 九 界 命 濁 之 所 三 由 證 
X13n0285_006:0314a10	起用三初明三十二應二明十四無畏三明四不	起 用 三 初 明 三 十 二 應 二 明 十 四 無 畏 三 明 四 不 
X13n0285_006:0314a11	思議無作妙德二十四聖所證藏性既同則所具	思 議 無 作 妙 德 二 十 四 聖 所 證 藏 性 既 同 則 所 具 
X13n0285_006:0314a12	妙用亦等但非此會當機故皆略而不說慎勿因	妙 用 亦 等 但 非 此 會 當 機 故 皆 略 而 不 說 慎 勿 因 
X13n0285_006:0314a13	此作勝劣想也此三妙用不出慈悲感應以觀音	此 作 勝 劣 想 也 此 三 妙 用 不 出 慈 悲 感 應 以 觀 音 
X13n0285_006:0314a14	大士心中所有十界苦樂而為能感以十界眾生	大 士 心 中 所 有 十 界 苦 樂 而 為 能 感 以 十 界 眾 生 
X13n0285_006:0314a15	心中所具大士慈悲而為能應則有顯感顯應冥	心 中 所 具 大 士 慈 悲 而 為 能 應 則 有 顯 感 顯 應 冥 
X13n0285_006:0314a16	感顯應顯感冥應冥感冥應亦冥亦顯感而顯應	感 顯 應 顯 感 冥 應 冥 感 冥 應 亦 冥 亦 顯 感 而 顯 應 
X13n0285_006:0314a17	亦冥亦顯感而冥應之不同顯感顯應者眾生現	亦 冥 亦 顯 感 而 冥 應 之 不 同 顯 感 顯 應 者 眾 生 現 
X13n0285_006:0314a18	在三業精勤得見大士所現自身他身得聞大士	在 三 業 精 勤 得 見 大 士 所 現 自身他身 得 聞 大 士 
X13n0285_006:0314a19	所說權實諸法冥感顯應者眾生過去善根淳熟	所 說 權 實 諸 法 冥 感 顯 應 者 眾 生 過 去 善 根 淳 熟 
X13n0285_006:0314a20	得見大士自他等身得聞大士權實等法此二通	得 見 大 士 自 他 等 身 得 聞 大 士 權 實 等 法 此 二 通 
X13n0285_006:0314a21	於三十二應十四無畏及四妙德顯感冥應者現	於 三 十 二 應 十 四 無 畏 及 四 妙 德 顯 感 冥 應 者 現 
X13n0285_006:0314a22	在三業精勤雖不見身聞法而密得四益冥感冥	在 三 業 精 勤 雖 不 見 身 聞 法 而 密 得 四 益 冥 感 冥 
X13n0285_006:0314a23	應者過去善根淳熱密得四益此二惟在十四無	應 者 過 去 善 根 淳 熱 密 得 四 益 此 二 惟 在 十 四 無 
X13n0285_006:0314a24	畏及第四妙德亦冥亦顯感而顯應者過去善根	畏 及 第 四 妙 德 亦 冥 亦 顯 感 而 顯 應 者 過 去 善 根 
X13n0285_006:0314b01	淳熟現在三業精勤得見大士自他等身聞權實	淳 熟 現 在 三 業 精 勤 得 見 大 士 自 他 等 身 聞 權 實 
X13n0285_006:0314b02	法此亦通於三十二應十四無畏及四妙德亦冥	法 此 亦 通 於 三 十 二 應 十 四 無 畏 及 四 妙 德 亦 冥 
X13n0285_006:0314b03	亦顯感而冥應者過現善根業力雖不見身聞法	亦 顯 感 而 冥 應 者 過 現 善 根 業 力 雖 不 見 身 聞 法 
X13n0285_006:0314b04	密成四益此亦惟在十四無畏及第三第四二妙	密 成 四 益 此 亦 惟 在 十 四 無 畏 及 第 三 第 四 二 妙 
X13n0285_006:0314b05	德也然此三種妙用各有歡喜生善滅惡入理四	德 也 然 此 三 種 妙 用 各 有 歡 喜 生 善 滅 惡 入 理 四 
X13n0285_006:0314b06	益各有拔苦與樂二用而一往為語則三十二應	益 各 有 拔 苦 與 樂 二 用 而 一 往 為 語 則 三 十 二 應 
X13n0285_006:0314b07	與樂義強故承上文慈力言之十四無畏拔苦義	與 樂 義 強 故 承 上 文 慈 力 言 之 十 四 無 畏 拔 苦 義 
X13n0285_006:0314b08	強故承上文悲仰言之四無作德慈悲不二故名	強 故 承 上 文 悲 仰 言 之 四 無 作 德 慈 悲 不 二 故 名 
X13n0285_006:0314b09	不思議也又三十二應既稱與佛同慈而現身說	不 思 議 也 又 三 十 二 應 既 稱 與 佛 同 慈 而 現 身 說 
X13n0285_006:0314b10	法乃具十法界身則知眾生是諸佛心內眾生十	法 乃 具 十 法 界 身 則 知 眾 生 是 諸 佛 心 內 眾 生 十 
X13n0285_006:0314b11	四無畏既稱與眾生同仰而所獲功德不離大士	四 無 畏 既 稱 與 眾 生 同 仰 而 所 獲 功 德 不 離 大 士 
X13n0285_006:0314b12	身心則知大士是眾生心內大士矣。初明三十	身 心 則 知 大 士 是 眾 生 心 內 大 士 矣 初 明 三 十 
X13n0285_006:0314b13	二應此與法華普門示現同而不同同者皆現十	二 應 此 與 法 華 普 門 示 現 同 而 不 同 同 者 皆 現 十 
X13n0285_006:0314b14	法界身不同者法華說法惟指流通圓教此經說	法 界 身 不 同 者 法 華 說 法 惟 指 流 通 圓 教 此 經 說 
X13n0285_006:0314b15	法徧用權實四悉也又分為三初總明大用所起	法 徧 用 權 實 四 悉 也 又 分 為 三 初 總 明 大 用 所 起 
X13n0285_006:0314b16	二別明應說之相三結明功由三昧。今初。	二 別 明 應 說 之 相 三 結 明 功 由 三 昧 今 初 
X13n0285_006:0314b17	世尊由我供養觀音如來蒙彼如來授我如幻聞熏	世 尊 由 我 供 養 觀 音 如 來 蒙 彼 如 來 授 我 如 幻 聞 熏 
X13n0285_006:0314b18	聞修金剛三昧與佛如來同慈力故令我身成三十	聞 修 金 剛 三 昧 與 佛 如 來 同 慈 力 故 令 我 身 成 三 十 
X13n0285_006:0314b19	二應入諸國土。	二 應 入 諸 國 土 
X13n0285_006:0314b20	全性起修修即無修故云如幻以本覺聞性熏於	全 性 起 修 修 即 無 修 故 云 如 幻 以 本 覺 聞 性 熏 於 
X13n0285_006:0314b21	始覺以聞性中所起始覺修於本覺故云聞熏聞	始 覺 以 聞 性 中 所 起 始 覺 修 於 本 覺 故 云 聞 熏 聞 
X13n0285_006:0314b22	修以其頓破無明結根頓顯常住藏性故云金剛	修 以 其 頓 破 無 明 結 根 頓 顯 常 住 藏 性 故 云 金 剛 
X13n0285_006:0314b23	三昧也三十二應總不出十法界身入諸國土即	三 昧 也 三 十 二 應 總 不 出 十 法 界 身 入 諸 國 土 即 
X13n0285_006:0314b24	是於實報方便同居三土橫豎而入也。二別明	是 於 實 報 方 便 同 居 三 土 橫 豎 而 入 也 二 別 明 
X13n0285_006:0314c01	應說之相二初現四聖法界二現六凡法界。今	應 說 之 相 二 初 現 四 聖 法 界 二 現 六 凡 法 界 今 
X13n0285_006:0314c02	初。	初 
X13n0285_006:0314c03	世尊若諸菩薩入三摩地進修無漏勝解現圓我現	世 尊 若 諸 菩 薩 入 三 摩 地 進 修 無 漏 勝 解 現 圓 我 現 
X13n0285_006:0314c04	佛身而為說法令其解脫若諸有學寂靜妙明勝妙	佛 身 而 為 說 法 令 其 解 脫 若 諸 有 學 寂 靜 妙 明 勝 妙 
X13n0285_006:0314c05	現圓我於彼前現獨覺身而為說法令其解脫若諸	現 圓 我 於 彼 前 現 獨 覺 身 而 為 說 法 令 其 解 脫 若 諸 
X13n0285_006:0314c06	有學斷十二緣緣斷勝性勝妙現圓我於彼前現緣	有 學 斷 十 二 緣 緣 斷 勝 性 勝 妙 現 圓 我 於 彼 前 現 緣 
X13n0285_006:0314c07	覺身而為說法令其解脫若諸有學得四諦空修道	覺 身 而 為 說 法 令 其 解 脫 若 諸 有 學 得 四 諦 空 修 道 
X13n0285_006:0314c08	入滅勝性現圓我於彼前現聲聞身而為說法令其	入 滅 勝 性 現 圓 我 於 彼 前 現 聲 聞 身 而 為 說 法 令 其 
X13n0285_006:0314c09	解脫。	解 脫 
X13n0285_006:0314c10	諸菩薩者徧指四教因中大士現佛身者各現當	諸 菩 薩 者 徧 指 四 教 因 中 大 士 現 佛 身 者 各 現 當 
X13n0285_006:0314c11	教極果之身為說法者隨其所應說於四種第一	教 極 果 之 身 為 說 法 者 隨其所應 說 於 四 種 第 一 
X13n0285_006:0314c12	義悉令解脫者令證四教佛果解脫之道究竟歸	義 悉 令 解 脫 者 令 證 四 教 佛 果 解 脫 之 道 究 竟 歸 
X13n0285_006:0314c13	於圓教解脫也出無佛世名為獨覺寂靜妙明指	於 圓 教 解 脫 也 出 無 佛 世 名 為 獨 覺 寂 靜 妙 明 指 
X13n0285_006:0314c14	無生觀慧言也出有佛世稟因緣教名為緣覺緣	無 生 觀 慧 言 也 出 有 佛 世 稟 因 緣 教 名 為 緣 覺 緣 
X13n0285_006:0314c15	斷勝性言已能成就斷緣生之勝性也得四諦空	斷 勝 性 言 已 能 成 就 斷 緣 生 之 勝 性 也 得 四 諦 空 
X13n0285_006:0314c16	等言先於四諦悟生空理證須陀洹今進修無漏	等 言 先 於 四 諦 悟 生 空 理 證 須 陀 洹 今 進 修 無 漏 
X13n0285_006:0314c17	道品欲入滅度也不言現菩薩身者大士示居菩	道 品 欲 入 滅 度 也 不 言 現 菩 薩 身 者 大 士 示 居 菩 
X13n0285_006:0314c18	薩位故。二現六凡法界又為二初成就樂欲二	薩 位 故 二 現 六 凡 法 界 又 為 二 初 成 就 樂 欲 二 
X13n0285_006:0314c19	成就厭難。今初。	成 就 厭 難 今 初 
X13n0285_006:0314c20	若諸眾生欲(使其)心明悟不犯欲(染穢)塵欲(令其)身清淨我	若 諸 眾 生 欲 使 其 心 明 悟 不 犯 欲 染 穢 塵 欲 令 其 身 清 淨 我 
X13n0285_006:0314c21	於彼前現梵王身而為說法令其解脫若諸眾生欲	於 彼 前 現 梵 王 身 而 為 說 法 令 其 解 脫 若 諸 眾 生 欲 
X13n0285_006:0314c22	為天王統領諸天我於彼前現帝釋身而為說法令	為 天 王 統 領 諸 天 我 於 彼 前 現 帝 釋 身 而 為 說 法 令 
X13n0285_006:0314c23	其成就若諸眾生欲身自在遊行十方我於彼前現	其 成 就 若 諸 眾 生 欲 身 自 在 遊 行 十 方 我 於 彼 前 現 
X13n0285_006:0314c24	自在天身而為說法令其成就若諸眾生欲身自在	自 在 天 身 而 為 說 法 令 其 成 就 若 諸 眾 生 欲 身 自 在 
X13n0285_006:0315a01	飛行虗空我於彼前現大自在天身而為說法令其	飛 行 虗 空 我 於 彼 前 現 大 自 在 天 身 而 為 說 法 令 其 
X13n0285_006:0315a02	成就若諸眾生愛統鬼神救護國土我於彼前現天	成 就 若 諸 眾 生 愛 統 鬼 神 救 護 國 土 我 於 彼 前 現 天 
X13n0285_006:0315a03	大將軍身而為說法令其成就若諸眾生愛統世界	大 將 軍 身 而 為 說 法 令 其 成 就 若 諸 眾 生 愛 統 世 界 
X13n0285_006:0315a04	保護眾生我於彼前現四天王身而為說法令其成	保 護 眾 生 我 於 彼 前 現 四 天 王 身 而 為 說 法 令 其 成 
X13n0285_006:0315a05	就若諸眾生愛生天宮驅使鬼神我於彼前現四天	就 若 諸 眾 生 愛 生 天 宮 驅 使 鬼 神 我 於 彼 前 現 四 天 
X13n0285_006:0315a06	王國太子身而為說法令其成就若諸眾生樂為人	王 國 太 子 身 而 為 說 法 令 其 成 就 若 諸 眾 生 樂 為 人 
X13n0285_006:0315a07	王我於彼前現人王身而為說法令其成就若有眾	王 我 於 彼 前 現 人 王 身 而 為 說 法 令 其 成 就 若 有 眾 
X13n0285_006:0315a08	生愛主族姓世間推讓我於彼前現長者身而為說	生 愛 主 族 姓 世 間 推 讓 我 於 彼 前 現 長 者 身 而 為 說 
X13n0285_006:0315a09	法令其成就若諸眾生愛譚名言清淨自居我於彼	法 令 其 成 就 若 諸 眾 生 愛 譚 名 言 清 淨 自 居 我 於 彼 
X13n0285_006:0315a10	前現居士身而為說法令其成就若諸眾生愛治國	前 現 居 士 身 而 為 說 法 令 其 成 就 若 諸 眾 生 愛 治 國 
X13n0285_006:0315a11	土剖斷邦邑我於彼前現宰官身而為說法令其成	土 剖 斷 邦 邑 我 於 彼 前 現 宰 官 身 而 為 說 法 令 其 成 
X13n0285_006:0315a12	就若諸眾生愛諸數術攝(持護)衛(以)自居(身)我於彼前	就 若 諸 眾 生 愛 諸 數 術 攝 持 護 衛 以 自 居 身 我 於 彼 前 
X13n0285_006:0315a13	現婆羅門身而為說法令其成就若有男子好學出	現 婆 羅 門 身 而 為 說 法 令 其 成 就 若 有 男 子 好 學 出 
X13n0285_006:0315a14	家持諸戒律我於彼前現比丘身而為說法令其成	家 持 諸 戒 律 我 於 彼 前 現 比 丘 身 而 為 說 法 令 其 成 
X13n0285_006:0315a15	就若有女人好學出家持諸禁戒我於彼前現比丘	就 若 有 女 人 好 學 出 家 持 諸 禁 戒 我 於 彼 前 現 比 丘 
X13n0285_006:0315a16	尼身而為說法令其成就若有男子樂持五戒我於	尼 身 而 為 說 法 令 其 成 就 若 有 男 子 樂 持 五 戒 我 於 
X13n0285_006:0315a17	彼前現優婆塞身而為說法令其成就若有女子五	彼 前 現 優 婆 塞 身 而 為 說 法 令 其 成 就 若 有 女 子 五 
X13n0285_006:0315a18	戒自居我於彼前現優婆夷身而為說法令其成就	戒 自 居 我 於 彼 前 現 優 婆 夷 身 而 為 說 法 令 其 成 就 
X13n0285_006:0315a19	若有女子內政立身以修家國我於彼前現女主身	若 有 女 子 內 政 立 身 以 修 家 國 我 於 彼 前 現 女 主 身 
X13n0285_006:0315a20	及國夫人命婦大家而為說法令其成就若有眾生	及 國 夫 人 命 婦 大 家 而 為 說 法 令 其 成 就 若 有 眾 生 
X13n0285_006:0315a21	不壞男根我於彼前現童男身而為說法令其成就	不 壞 男 根 我 於 彼 前 現 童 男 身 而 為 說 法 令 其 成 就 
X13n0285_006:0315a22	若有處女愛樂處身不求侵暴我於彼前現童女身	若 有 處 女 愛 樂 處 身 不 求 侵 暴 我 於 彼 前 現 童 女 身 
X13n0285_006:0315a23	而為說法令其成就。	而 為 說 法 令 其 成 就 
X13n0285_006:0315a24	欲心明悟者且指欲界為暗色界為明欲染為迷	欲 心 明 悟 者 且 指 欲 界 為 暗 色 界 為 明 欲 染 為 迷 
X13n0285_006:0315b01	梵行為悟也梵天以上品十善根本禪定為因此	梵 行 為 悟 也 梵 天 以 上 品 十 善 根 本 禪 定 為 因 此 
X13n0285_006:0315b02	亦稱解脫者暫離欲界繫縛苦故又令轉入出世	亦 稱 解 脫 者 暫 離 欲 界 繫 縛 苦 故 又 令 轉 入 出 世 
X13n0285_006:0315b03	道故梵王即初禪天王帝釋即忉利天王以上品	道 故 梵 王 即 初 禪 天 王 帝 釋 即 忉 利 天 王 以 上 品 
X13n0285_006:0315b04	十善化他為因自在天居欲界頂以十善及未到	十 善 化 他 為 因 自 在 天 居 欲 界 頂 以 十 善 及 未 到 
X13n0285_006:0315b05	地定為因大自在天居色界頂以四禪及四無量	地 定 為 因 大 自 在 天 居 色 界 頂 以 四 禪 及 四 無 量 
X13n0285_006:0315b06	心為因天大將軍護世四王及王太子同以五戒	心 為 因 天 大 將 軍 護世四王 及 王 太 子 同 以 五 戒 
X13n0285_006:0315b07	十善摧邪輔正為因人王有五種一金輪王王四	十 善 摧 邪 輔 正 為 因 人 王 有 五 種 一 金 輪 王 王 四 
X13n0285_006:0315b08	天下二銀輪王王三天下除於北洲三銅輪王王	天 下 二 銀 輪 王 王 三 天 下 除 於 北 洲 三 銅 輪 王 王 
X13n0285_006:0315b09	二天下除西北二洲四鐵輪王王一天下唯統南	二 天 下 除 西 北 二 洲 四 鐵 輪 王 王 一 天 下 唯 統 南 
X13n0285_006:0315b10	洲五粟散王如西域十六國王此土諸侯王等同	洲 五 粟 散 王 如 西 域 十 六 國 王 此 土 諸 侯 王 等 同 
X13n0285_006:0315b11	以五戒十善化他為因長者須具十德一姓貴二	以 五 戒 十 善 化 他 為 因 長 者 須 具 十 德 一 姓 貴 二 
X13n0285_006:0315b12	位高三大富四威猛五智深六年耆七行淨八禮	位 高 三 大 富 四 威 猛 五 智 深 六 年 耆 七 行 淨 八 禮 
X13n0285_006:0315b13	備九上歎十下歸也居士者隱居求之志士名言	備 九 上 歎 十 下 歸 也 居 士 者 隱 居 求 之 志 士 名 言 
X13n0285_006:0315b14	者典雅名世之言宰官者上自卿相下至百僚婆	者 典 雅 名 世 之 言 宰 官 者 上 自 卿 相 下 至 百 僚 婆 
X13n0285_006:0315b15	羅門此云淨裔亦云梵志即道術之流比丘解現	羅 門 此 云 淨 裔 亦 云 梵 志 即 道 術 之 流 比 丘 解 現 
X13n0285_006:0315b16	初卷尼者女也優婆塞此云近事男優婆夷此云	初 卷 尼 者 女 也 優 婆 塞 此 云 近 事 男 優 婆 夷 此 云 
X13n0285_006:0315b17	近事女受持三歸五戒堪能親近承事三寶故也	近 事 女 受 持 三 歸 五 戒 堪 能 親 近 承 事 三 寶 故 也 
X13n0285_006:0315b18	大家家字讀作姑音廼后妃之所師事令其成就	大 家 家 字 讀 作 姑 音 廼 后 妃 之 所 師 事 令 其 成 就 
X13n0285_006:0315b19	各有二意一者現在成就樂欲二者密令將來成	各 有 二 意 一 者 現 在 成 就 樂 欲 二 者 密 令 將 來 成 
X13n0285_006:0315b20	就菩提。二成就厭離。	就 菩 提 二 成 就 厭 離 
X13n0285_006:0315b21	若有諸天樂出天倫我現天身而為說法令其成就	若 有 諸 天 樂 出 天 倫 我 現 天 身 而 為 說 法 令 其 成 就 
X13n0285_006:0315b22	若有諸龍樂出龍倫我現龍身而為說法令其成就	若 有 諸 龍 樂 出 龍 倫 我 現 龍 身 而 為 說 法 令 其 成 就 
X13n0285_006:0315b23	若有藥叉樂度本倫我於彼前現藥叉身而為說法	若 有 藥 叉 樂 度 本 倫 我 於 彼 前 現 藥 叉 身 而 為 說 法 
X13n0285_006:0315b24	令其成就若乾闥婆樂脫其倫我於彼前現乾闥婆	令 其 成 就 若 乾 闥 婆 樂 脫 其 倫 我 於 彼 前 現 乾 闥 婆 
X13n0285_006:0315c01	身而為說法令其成就若阿修羅樂脫其倫我於彼	身 而 為 說 法 令 其 成 就 若 阿 修 羅 樂 脫 其 倫 我 於 彼 
X13n0285_006:0315c02	前現阿修羅身而為說法令其成就若緊那羅樂脫	前 現 阿 修 羅 身 而 為 說 法 令 其 成 就 若 緊 那 羅 樂 脫 
X13n0285_006:0315c03	其倫我於彼前現緊那羅身而為說法令其成就若	其 倫 我 於 彼 前 現 緊 那 羅 身 而 為 說 法 令 其 成 就 若 
X13n0285_006:0315c04	摩呼羅伽樂脫其倫我於彼前現摩呼羅伽身而為	摩 呼 羅 伽 樂 脫 其 倫 我 於 彼 前 現 摩 呼 羅 伽 身 而 為 
X13n0285_006:0315c05	說法令其成就若諸眾生樂人修人我現人身而為	說 法 令 其 成 就 若 諸 眾 生 樂 人 修 人 我 現 人 身 而 為 
X13n0285_006:0315c06	說法令其成就若諸非人有形無形有想無想樂度	說 法 令 其 成 就 若 諸 非 人 有 形 無 形 有 想 無 想 樂 度 
X13n0285_006:0315c07	其倫我於彼前皆現其身而為說法令其成就。	其 倫 我 於 彼 前 皆 現 其 身 而 為 說 法 令 其 成 就 
X13n0285_006:0315c08	諸天雖樂亦有二苦一者為樂所醉不得見佛聞	諸 天 雖 樂 亦 有 二 苦 一 者 為 樂 所 醉 不 得 見 佛 聞 
X13n0285_006:0315c09	法二者復有一種天人雖由總業得受天身別業	法 二 者 復 有 一 種 天 人 雖 由 總 業 得 受 天 身 別 業 
X13n0285_006:0315c10	福微恒受饑渴故有樂出其倫者也龍有熱沙金	福 微 恒 受 饑 渴 故 有 樂 出 其 倫 者 也 龍 有 熱 沙 金 
X13n0285_006:0315c11	翅諸苦藥叉亦云夜叉此翻輕捷乾闥婆此云尋	翅 諸 苦 藥 叉 亦 云 夜 叉 此 翻 輕 捷 乾 闥 婆 此 云 尋 
X13n0285_006:0315c12	香行阿修羅此云無端正女美男醜又云無天有	香 行 阿 修 羅 此 云 無 端 正 女 美 男 醜 又 云 無 天 有 
X13n0285_006:0315c13	天福無天德又云無酒釀海為酒而不能成緊那	天 福 無 天 德 又 云 無 酒 釀 海 為 酒 而 不 能 成 緊 那 
X13n0285_006:0315c14	羅此云疑神亦云歌神摩呼羅伽此云地龍即大	羅 此 云 疑 神 亦 云 歌 神 摩 呼 羅 伽 此 云 地 龍 即 大 
X13n0285_006:0315c15	蟒腹行之神此等所受果報皆苦樂相雜而形相	蟒 腹 行 之 神 此 等 所 受 果 報 皆 苦 樂 相 雜 而 形 相 
X13n0285_006:0315c16	醜陋故每每樂脫本倫而欣慕人身以諸佛皆於	醜 陋 故 每 每 樂 脫 本 倫 而 欣 慕 人 身 以 諸 佛 皆 於 
X13n0285_006:0315c17	人中得道又人道最能趨菩提故有形者休咎精	人 中 得 道 又 人 道 最 能 趨 菩 提 故 有 形 者 休 咎 精 
X13n0285_006:0315c18	明之類無形者空散銷沉之類有想者神鬼精靈	明 之 類 無 形 者 空 散 銷 沉 之 類 有 想 者 神 鬼 精 靈 
X13n0285_006:0315c19	之類無想者精神化為土木金石之類此皆八難	之 類 無 想 者 精 神 化 為 土 木 金 石 之 類 此 皆 八 難 
X13n0285_006:0315c20	中攝雖不明言地獄之身而理必具有也令其成	中 攝 雖 不 明 言 地 獄 之 身 而 理 必 具 有 也 令 其 成 
X13n0285_006:0315c21	就亦各二意一者成就脫離二者成就菩提。三	就 亦 各 二 意 一 者 成 就 脫 離 二 者 成 就 菩 提 三 
X13n0285_006:0315c22	結明功由三昧。	結 明 功 由 三 昧 
X13n0285_006:0315c23	是名妙淨三十二應入國土身皆以三昧聞熏聞修	是 名 妙 淨 三 十 二 應 入 國 土 身 皆 以 三 昧 聞 熏 聞 修 
X13n0285_006:0315c24	無作妙力自在成就。	無 作 妙 力 自 在 成 就 
X13n0285_006:0316a01	隨類巧現故曰妙不染過患故曰淨稱性所起故	隨 類 巧 現 故 曰 妙 不 染 過 患 故 曰 淨 稱 性 所 起 故 
X13n0285_006:0316a02	曰無作妙力也。二明十四無畏此與法華七難	曰 無 作 妙 力 也 二 明 十 四 無 畏 此 與 法 華 七 難 
X13n0285_006:0316a03	三毒二求義同并其初文總答最後勸持名答其	三 毒 二 求 義 同 并 其 初 文 總 答 最 後 勸 持 名 答 其 
X13n0285_006:0316a04	成十四然法華但明果上勝用此經兼顯從因尅	成 十 四 然 法 華 但 明 果 上 勝 用 此 經 兼 顯 從 因 尅 
X13n0285_006:0316a05	果又法華雙明機應此經但明能應也分文為三	果 又 法 華 雙 明 機 應 此 經 但 明 能 應 也 分 文 為 三 
X13n0285_006:0316a06	初總明大用所起二別明施無畏相三結明福備	初 總 明 大 用 所 起 二 別 明 施 無 畏 相 三 結 明 福 備 
X13n0285_006:0316a07	眾生。今初。	眾 生 今 初 
X13n0285_006:0316a08	世尊我復以此聞熏聞修金剛三昧無作妙力與諸	世 尊 我 復 以 此 聞 熏 聞 修 金 剛 三 昧 無 作 妙 力 與 諸 
X13n0285_006:0316a09	十方三世六道一切眾生同悲仰故令諸眾生於我	十 方 三 世 六 道 一 切 眾 生 同 悲 仰 故 令 諸 眾 生 於 我 
X13n0285_006:0316a10	身心獲十四種無畏功德。	身 心 獲 十 四種無畏 功 德 
X13n0285_006:0316a11	悲能拔苦故令獲無畏也雖云六道實該九界。	悲 能 拔 苦 故 令 獲 無 畏 也 雖 云 六 道 實 該 九 界 
X13n0285_006:0316a12	二別明施無畏相五初總明脫苦無畏二別明七	二 別 明 施 無 畏 相 五 初 總 明 脫 苦 無 畏 二 別 明 七 
X13n0285_006:0316a13	難無畏三別明三毒無畏四別明二求無畏五結	難 無 畏 三 別 明 三 毒 無 畏 四 別 明 二 求 無 畏 五 結 
X13n0285_006:0316a14	明持名無畏。今初。	明 持 名 無 畏 今 初 
X13n0285_006:0316a15	一者由我不自觀音以觀觀者令彼十方苦惱眾生	一 者 由 我 不 自 觀 音 以 觀 觀 者 令 彼 十 方 苦 惱 眾 生 
X13n0285_006:0316a16	觀其音聲即得解脫。	觀 其 音 聲 即 得 解 脫 
X13n0285_006:0316a17	按法華經云無量眾生受諸苦惱聞是觀世音菩	按 法 華 經 云 無 量 眾 生 受諸苦惱 聞 是 觀 世 音 菩 
X13n0285_006:0316a18	薩一心稱名觀世音菩薩即時觀其音聲皆得解	薩 一 心 稱 名 觀 世 音 菩 薩 即 時 觀 其 音 聲 皆 得 解 
X13n0285_006:0316a19	脫實與此文互為表裏今先正釋此文後與法華	脫 實 與 此 文 互 為 表 裏 今 先 正 釋 此 文 後 與 法 華 
X13n0285_006:0316a20	會釋此文云由我不自觀音以觀觀者乃顯其從	會 釋 此 文 云 由 我 不 自 觀 音 以 觀 觀 者 乃 顯 其 從 
X13n0285_006:0316a21	因尅果從證起用之由致也旋聞與聲脫不復循	因 尅 果 從 證 起 用 之 由 致 也 旋 聞 與 聲 脫 不 復 循 
X13n0285_006:0316a22	聲流轉故言不自觀音反聞聞自性故言以觀觀	聲 流 轉 故 言 不 自 觀 音 反 聞 聞 自 性 故 言 以 觀 觀 
X13n0285_006:0316a23	者上觀字去聲呼之即是觀智下觀字平聲讀之	者 上 觀 字 去 聲 呼 之 即 是 觀 智 下 觀 字 平 聲 讀 之 
X13n0285_006:0316a24	即耳根境以耳根境名為觀者正顯六根無二故	即 耳 根 境 以 耳 根 境 名 為 觀 者 正 顯 六 根 無 二 故 
X13n0285_006:0316b01	也觀其音聲謂觀其稱菩薩名之音聲也眾生正	也 觀 其 音 聲 謂 觀 其 稱 菩 薩 名 之 音 聲 也 眾 生 正 
X13n0285_006:0316b02	稱菩薩名時即須一心觀彼音聲由能一心觀其	稱 菩 薩 名 時 即 須 一 心 觀 彼 音 聲 由 能 一 心 觀 其 
X13n0285_006:0316b03	音聲故得解脫觀此音聲有事有理事一心者歷	音 聲 故 得 解 脫 觀 此 音 聲 有 事 有 理 事 一 心 者 歷 
X13n0285_006:0316b04	歷分明稱名不亂理一心者了知音聲性空惟心	歷 分 明 稱 名 不 亂 理 一 心 者 了 知 音 聲 性 空 惟 心 
X13n0285_006:0316b05	所現能稱所稱體即法界能所宛然能所雙絕若	所 現 能 稱 所 稱 體 即 法 界 能 所 宛 然 能 所 雙 絕 若 
X13n0285_006:0316b06	但有事一心觀能脫事苦若具有理一心觀能脫	但 有 事 一 心 觀 能 脫 事 苦 若 具 有 理 一 心 觀 能 脫 
X13n0285_006:0316b07	理苦也與法華會釋者法華明言稱菩薩名今文	理 苦 也 與 法 華 會 釋 者 法 華 明 言 稱 菩 薩 名 今 文 
X13n0285_006:0316b08	不說法華觀其音聲意在於應今文觀其音聲意	不 說 法 華 觀 其 音 聲 意 在 於 應 今 文 觀 其 音 聲 意 
X13n0285_006:0316b09	在於機設無前機欲何所應設無能應何以接機	在 於 機 設 無 前 機 欲 何 所 應 設 無 能 應 何 以 接 機 
X13n0285_006:0316b10	故知相表裏耳又復應知法華是如來述此菩薩	故 知 相 表 裏 耳 又 復 應 知 法 華 是 如 來 述 此 菩 薩 
X13n0285_006:0316b11	果上化他功德意令眾生歸依得度今文是菩薩	果 上 化 他 功 德 意 令 眾 生 歸 依 得 度 今 文 是 菩 薩 
X13n0285_006:0316b12	自述始終修證體用意令當機悟入圓通得此意	自 述 始 終 修 證 體 用 意 令 當 機 悟 入 圓 通 得 此 意 
X13n0285_006:0316b13	已往釋下文十三無畏及四妙德妙旨冷然。二	已 往 釋 下 文 十 三 無 畏 及 四 妙 德 妙 旨 冷 然 二 
X13n0285_006:0316b14	別明七難無畏。	別 明 七 難 無 畏 
X13n0285_006:0316b15	二者知見旋復令諸眾生設入大火火不能燒三者	二 者 知 見 旋 復 令 諸 眾 生 設 入 大 火 火 不 能 燒 三 者 
X13n0285_006:0316b16	觀聽旋復令諸眾生大水所漂水不能溺四者斷滅	觀 聽 旋 復 令 諸 眾 生 大 水 所 漂 水 不 能 溺 四 者 斷 滅 
X13n0285_006:0316b17	妄想心無殺害令諸眾生入諸鬼國鬼不能害五者	妄 想 心 無 殺 害 令 諸 眾 生 入 諸 鬼 國 鬼 不 能 害 五 者 
X13n0285_006:0316b18	熏(彼妄)聞成(於)聞(性)六根(皆悉)銷復同於聲聽(之不相黏)能令	熏 彼 妄 聞 成 於 聞 性 六 根 皆 悉 銷 復 同 於 聲 聽 之 不 相 黏 能 令 
X13n0285_006:0316b19	眾生臨當被害刀段段壞使其兵戈猶如割水亦如	眾 生 臨 當 被 害 刀 段 段 壞 使 其 兵 戈 猶 如 割 水 亦 如 
X13n0285_006:0316b20	吹光性無搖動六者聞熏精明明徧法界則諸幽暗	吹 光 性 無 搖 動 六 者 聞 熏 精 明 明 徧 法 界 則 諸 幽 暗 
X13n0285_006:0316b21	(之)性(為明所自)不能(自)全能令眾生藥叉羅剎鳩槃茶鬼	 之 性 為 明 所 自 不 能 自 全 能 令 眾 生 藥 叉 羅 剎 鳩 槃 茶 鬼 
X13n0285_006:0316b22	及毗舍遮富單那等雖近其傍目不能視七者音性	及 毗 舍 遮 富 單 那 等 雖 近 其 傍 目 不 能 視 七 者 音 性 
X13n0285_006:0316b23	圓銷觀聽返入離諸塵妄能令眾生禁繫枷鎖所不	圓 銷 觀 聽 返 入 離 諸 塵 妄 能 令 眾 生 禁 繫 枷 鎖 所 不 
X13n0285_006:0316b24	能著八者滅音(塵之妄)圓(成)聞(性)徧生(同體)慈力能令眾	能 著 八 者 滅 音 塵 之 妄 圓 成 聞 性 徧 生 同 體 慈 力 能 令 眾 
X13n0285_006:0316c01	生經過險路賊不能劫。	生 經 過 險 路 賊 不 能 劫 
X13n0285_006:0316c02	見根屬火此火既滅何火能燒是故果報大火惡	見 根 屬 火 此 火 既 滅 何 火 能 燒 是 故 果 報 大 火 惡 
X13n0285_006:0316c03	業大火煩惱大火悉不能燒果報火上至初禪惡	業 大 火 煩 惱 大 火 悉 不 能 燒 果 報 火 上 至 初 禪 惡 
X13n0285_006:0316c04	業火通於三界煩惱火通於九界以要言之滅九	業 火 通 於 三 界 煩 惱 火 通 於 九 界 以要言之 滅 九 
X13n0285_006:0316c05	界妄火證佛界清涼也聞機屬水此水既滅何水	界 妄 火 證 佛 界 清 涼 也 聞 機 屬 水 此 水 既 滅 何 水 
X13n0285_006:0316c06	能溺果報水上至二禪惡業水通於三界煩惱水	能 溺 果 報 水 上 至 二 禪 惡 業 水 通 於 三 界 煩 惱 水 
X13n0285_006:0316c07	通於九界以要言之滅九界妄水登佛界彼岸也	通 於 九 界 以要言之 滅 九 界 妄 水 登 佛 界 彼 岸 也 
X13n0285_006:0316c08	妄想如鬼此鬼既滅何鬼能害果報鬼惟惱欲界	妄 想 如 鬼 此 鬼 既 滅 何 鬼 能 害 果 報 鬼 惟 惱 欲 界 
X13n0285_006:0316c09	惡業鬼通於三界煩惱鬼通於九界以要言之滅	惡 業 鬼 通 於 三 界 煩 惱 鬼 通 於 九 界 以要言之 滅 
X13n0285_006:0316c10	九界鬼倫證佛界神力也妄根如刀觸壞法界此	九 界 鬼 倫 證 佛 界 神 力 也 妄 根 如 刀 觸 壞 法 界 此 
X13n0285_006:0316c11	刀既銷何刀能害割水以喻無損吹光以喻無動	刀 既 銷 何 刀 能 害 割 水 以 喻 無 損 吹 光 以 喻 無 動 
X13n0285_006:0316c12	果報刀惟壞欲界惡業刀通於三界煩惱刀通於	果 報 刀 惟 壞 欲 界 惡 業 刀 通 於 三 界 煩 惱 刀 通 於 
X13n0285_006:0316c13	九界以要言之滅九界事理殺具成佛界慧劒智	九 界 以要言之 滅 九 界 事 理 殺 具 成 佛 界 慧 劒 智 
X13n0285_006:0316c14	刀也根塵為黑暗稠林此暗既除何暗不破藥叉	刀 也 根 塵 為 黑 暗 稠 林 此 暗 既 除 何 暗 不 破 藥 叉 
X13n0285_006:0316c15	是輕捷鬼羅剎是可畏鬼鳩槃茶是魘魅鬼毗舍	是 輕 捷 鬼 羅 剎 是 可 畏 鬼 鳩 槃 茶 是 魘 魅 鬼 毗 舍 
X13n0285_006:0316c16	遮是噉精氣鬼富單那是熱病鬼性皆幽暗果報	遮 是 噉 精 氣 鬼 富 單 那 是 熱 病 鬼 性 皆 幽 暗 果 報 
X13n0285_006:0316c17	暗僅在人世見思暗通於三界塵沙暗通於二乘	暗 僅 在 人 世 見 思 暗 通 於 三 界 塵 沙 暗 通 於 二 乘 
X13n0285_006:0316c18	無明暗通於九界以要言之滅九界暗妄證佛界	無 明 暗 通 於 九 界 以要言之 滅 九 界 暗 妄 證 佛 界 
X13n0285_006:0316c19	真明也所妄既立明理不踰以為枷鎖此鎖既開	真 明 也 所 妄 既 立 明 理 不 踰 以 為 枷 鎖 此 鎖 既 開 
X13n0285_006:0316c20	何鎖能禁果報鎖禁繫人畜惡業鎖禁繫六凡煩	何 鎖 能 禁 果 報 鎖 禁 繫 人 畜 惡 業 鎖 禁 繫 六 凡 煩 
X13n0285_006:0316c21	惱鎖禁繫三乘以要言之脫九界繫縛開佛界關	惱 鎖 禁 繫 三 乘 以要言之 脫 九 界 繫 縛 開 佛 界 關 
X13n0285_006:0316c22	鍵也六塵為賊劫奪家珍此賊既平何賊能劫果	鍵 也 六 塵 為 賊 劫 奪 家 珍 此 賊 既 平 何 賊 能 劫 果 
X13n0285_006:0316c23	報賊劫奪人間惡業賊劫於三界煩惱賊劫於三	報 賊 劫 奪 人 間 惡 業 賊 劫 於 三 界 煩 惱 賊 劫 於 三 
X13n0285_006:0316c24	乘以要言之降九界怨賊成佛界大慈也由我成	乘 以要言之 降 九 界 怨 賊 成 佛 界 大 慈 也 由 我 成 
X13n0285_006:0317a01	此妙應之本故令眾生稱名得脫。三別明三毒	此 妙 應 之 本 故 令 眾 生 稱 名 得 脫 三 別 明 三 毒 
X13n0285_006:0317a02	無畏。	無 畏 
X13n0285_006:0317a03	九者熏聞離塵色所不劫能令一切多婬眾生遠離	九 者 熏 聞 離 塵 色 所 不 劫 能 令 一 切 多 婬 眾 生 遠 離 
X13n0285_006:0317a04	貪欲十者純音無塵根境圓融無對所對能令一切	貪 欲 十 者 純 音 無 塵 根 境 圓 融 無 對 所 對 能 令 一 切 
X13n0285_006:0317a05	忿恨眾生離諸瞋恚十一者銷塵旋明法界身心猶	忿 恨 眾 生 離 諸 瞋 恚 十 一 者 銷 塵 旋 明 法 界 身 心 猶 
X13n0285_006:0317a06	如瑠璃明徹無礙能令一切昏鈍性障諸阿顛迦永	如 瑠 璃 明 徹 無 礙 能 令 一 切 昏 鈍 性 障 諸 阿 顛 迦 永 
X13n0285_006:0317a07	離癡暗。	離 癡 暗 
X13n0285_006:0317a08	二法相對妄生貪染名之為婬欲界以男女相染	二 法 相 對 妄 生 貪 染 名 之 為 婬 欲 界 以 男 女 相 染 
X13n0285_006:0317a09	而為貪欲色無色界以味禪相染而為貪欲二乘	而 為 貪 欲色無色界 以 味 禪 相 染 而 為 貪 欲 二 乘 
X13n0285_006:0317a10	貪染偏真涅槃菩薩貪染六度萬行亦復貪染但	貪 染 偏 真 涅 槃 菩 薩 貪 染 六 度 萬 行 亦 復 貪 染 但 
X13n0285_006:0317a11	中佛性今熏於聞根永離前塵了知色性本即藏	中 佛 性 今 熏 於 聞 根 永 離 前 塵 了 知 色 性 本 即 藏 
X13n0285_006:0317a12	性與諸聞性元無二性不應以聞劫聞以色劫色	性 與 諸 聞 性 元 無 二 性 不 應 以 聞 劫 聞 以 色 劫 色 
X13n0285_006:0317a13	是故更無能貪及所貪也二法相對妄生違忤名	是 故 更 無 能 貪 及 所 貪 也 二 法 相 對 妄 生 違 忤 名 
X13n0285_006:0317a14	之為瞋凡夫瞋於逆緣二乘厭惡三界菩薩輕鄙	之 為 瞋 凡 夫 瞋 於 逆 緣 二 乘 厭 惡 三 界 菩 薩 輕 鄙 
X13n0285_006:0317a15	小乘亦復棄捨二邊今既達純是法性妙音無復	小 乘 亦 復 棄 捨 二 邊 今 既 達 純 是 法 性 妙 音 無 復 
X13n0285_006:0317a16	塵相則根即是境境即是根稱性圓融無有能對	塵 相 則 根 即 是 境 境 即 是 根 稱 性 圓 融 無 有 能 對 
X13n0285_006:0317a17	及與所對是故更無一法可瞋恚也有明明覺失	及 與 所 對 是 故 更 無 一 法 可 瞋 恚 也 有 明 明 覺 失 
X13n0285_006:0317a18	彼精了迷己為物認物為己名為癡暗凡夫不達	彼 精 了 迷 己 為 物 認 物 為 己 名 為 癡 暗 凡 夫 不 達 
X13n0285_006:0317a19	諸法唯心本性空寂二乘不達諸法唯心假名無	諸 法 唯 心 本 性 空 寂 二 乘 不 達 諸 法 唯 心 假 名 無 
X13n0285_006:0317a20	量菩薩不達諸法唯心體即中道今既銷落塵緣	量 菩 薩 不 達 諸 法 唯 心 體 即 中 道 今 既 銷 落 塵 緣 
X13n0285_006:0317a21	旋歸明性則法法唯心法法圓照故法界身心朗	旋 歸 明 性 則 法 法 唯 心 法 法 圓 照 故 法 界 身 心 朗 
X13n0285_006:0317a22	徹無礙也阿顛迦此云無善心不知心佛眾生三	徹 無 礙 也 阿 顛 迦 此 云 無 善 心 不 知 心 佛 眾 生 三 
X13n0285_006:0317a23	無差別不知性具緣了二善皆名為無善心此亦	無 差 別 不 知 性 具 緣 了 二 善 皆 名 為 無 善 心 此 亦 
X13n0285_006:0317a24	自行功成化他有本故令眾生念者離毒。四別	自 行 功 成 化 他 有 本 故 令 眾 生 念 者 離 毒 四 別 
X13n0285_006:0317b01	明二求無畏。	明 二 求 無 畏 
X13n0285_006:0317b02	十二者融形復聞不動道場涉入世間不壞世界能	十 二 者 融 形 復 聞 不 動 道 場 涉 入 世 間 不 壞 世 界 能 
X13n0285_006:0317b03	徧十方供養微塵諸佛如來各各佛邊為法王子能	徧 十 方 供 養 微 塵 諸佛如來 各 各 佛 邊 為 法 王 子 能 
X13n0285_006:0317b04	令法界無子眾生欲求男者誕生福德智慧之男十	令 法 界 無 子 眾 生 欲 求 男 者 誕 生 福 德 智 慧 之 男 十 
X13n0285_006:0317b05	三者六根圓通明照無二含十方界立大圓鏡空如	三 者 六 根 圓 通 明 照 無 二 含 十 方 界 立 大 圓 鏡 空 如 
X13n0285_006:0317b06	來藏承順十方微塵如來祕密法門受領無失能令	來 藏 承 順 十 方 微 塵 如 來 祕 密 法 門 受 領 無 失 能 令 
X13n0285_006:0317b07	法界無子眾生欲求女者誕生端正福德柔順眾人	法 界 無 子 眾 生 欲 求 女 者 誕 生 端 正 福 德 柔 順 眾 人 
X13n0285_006:0317b08	愛敬有相之女。	愛 敬 有 相 之 女 
X13n0285_006:0317b09	權智幹事義之如男實智順理義之如女融形復	權 智 幹 事 義 之 如 男 實 智 順 理 義 之 如 女 融 形 復 
X13n0285_006:0317b10	聞言融滅妄形而復還聞性也不動道場證諸法	聞 言 融 滅 妄 形 而 復 還 聞 性 也 不 動 道 場 證 諸 法 
X13n0285_006:0317b11	之實性也涉入世間等者由實智而起權智也明	之 實 性 也 涉 入 世 間 等 者 由 實 智 而 起 權 智 也 明 
X13n0285_006:0317b12	照無二等者照諸法之差別也立大圓鏡等者即	照 無 二 等 者 照 諸 法 之 差 別 也 立 大 圓 鏡 等 者 即 
X13n0285_006:0317b13	權智而歸實智也果報男女惟在欲界法門男女	權 智 而 歸 實 智 也 果 報 男 女 惟 在 欲 界 法 門 男 女 
X13n0285_006:0317b14	通於十界惡法男女此非所求今約善法以辨男	通 於 十 界 惡 法 男 女 此 非 所 求 今 約 善 法 以 辨 男 
X13n0285_006:0317b15	女復為六意一約五戒二約十善三約四禪四約	女 復 為 六 意 一 約 五 戒 二 約 十 善 三 約 四 禪 四 約 
X13n0285_006:0317b16	二乘五約菩薩六約佛法一約五戒者不殺是仁	二 乘 五 約 菩 薩 六 約 佛 法 一 約 五 戒 者 不 殺 是 仁 
X13n0285_006:0317b17	不盜是義此二屬定法表之以女不邪婬是禮不	不 盜 是 義 此 二 屬 定 法 表 之 以 女 不 邪 婬 是 禮 不 
X13n0285_006:0317b18	妄語是信不飲酒是智此三屬慧法表之以男若	妄 語 是 信 不 飲 酒 是 智 此 三 屬 慧 法 表 之 以 男 若 
X13n0285_006:0317b19	不得此男女失人天身墮諸惡趣窮苦孤獨今令	不 得 此 男 女 失 人 天 身 墮諸惡趣 窮 苦 孤 獨 今 令 
X13n0285_006:0317b20	求五戒者戒得清淨即是誕生福德智慧男女也	求 五 戒 者 戒 得 清 淨 即 是 誕 生 福 德 智 慧 男 女 也 
X13n0285_006:0317b21	夫不婬不妄不飲一往說是慧法而慧必有定如	夫 不 婬 不 妄 不 飲 一 往 說 是 慧 法 而 慧 必 有 定 如 
X13n0285_006:0317b22	男子雖尚智能亦必具於福德不殺不盜一往說	男 子 雖 尚 智 能 亦 必 具 於 福 德 不 殺 不 盜 一 往 說 
X13n0285_006:0317b23	是定法而定必有慧如女子雖尚福相亦必具於	是 定 法 而 定 必 有 慧 如 女 子 雖 尚 福 相 亦 必 具 於 
X13n0285_006:0317b24	端正端正即是慧無邪醜由福德故人愛之由端	端 正 端 正 即 是 慧 無 邪 醜 由 福 德 故 人 愛 之 由 端 
X13n0285_006:0317c01	正故人敬之也二約十善者不殺不盜屬女不婬	正 故 人 敬 之 也 二 約 十 善 者 不 殺 不 盜 屬 女 不 婬 
X13n0285_006:0317c02	及口四意三屬男餘如上說三約四禪者且約五	及 口 四 意 三 屬 男 餘 如 上 說 三 約 四 禪 者 且 約 五 
X13n0285_006:0317c03	法修於初禪及初禪所證五支言之修五法中樂	法 修 於 初 禪 及 初 禪 所 證 五 支 言 之 修 五 法 中 樂 
X13n0285_006:0317c04	欲精進及慧三屬男念及一心二屬女證五支中	欲 精 進 及 慧 三 屬 男 念 及 一 心 二 屬 女 證 五 支 中 
X13n0285_006:0317c05	覺觀喜三支為男樂一心二支為女餘如上說四	覺 觀 喜 三 支 為 男 樂 一 心 二 支 為 女 餘 如 上 說 四 
X13n0285_006:0317c06	約二乘者出世禪定為女出世觀慧為男若不得	約 二 乘 者 出 世 禪 定 為 女 出 世 觀 慧 為 男 若 不 得 
X13n0285_006:0317c07	此男女即當墮落三界飄零孤露餘如上說五約	此 男 女 即 當 墮 落 三 界 飄 零 孤 露 餘 如 上 說 五 約 
X13n0285_006:0317c08	菩薩者藏教事度以前五度為女般若為男通教	菩 薩 者 藏 教 事 度 以 前 五 度 為 女 般 若 為 男 通 教 
X13n0285_006:0317c09	以人空斷惑為男出假慈悲為女別教以功德莊	以 人 空 斷 惑 為 男 出 假 慈 悲 為 女 別 教 以 功 德 莊 
X13n0285_006:0317c10	嚴為女智慧莊嚴為男六約佛法者即實智之權	嚴 為 女 智慧莊嚴 為 男 六 約 佛 法 者 即 實 智 之 權 
X13n0285_006:0317c11	智為男即權智之實智為女若不得此男女不能	智 為 男 即 權 智 之 實 智 為 女 若 不 得 此 男 女 不 能 
X13n0285_006:0317c12	究竟自利利他今大士自既男女具足亦令眾生	究 竟 自利利他 今 大 士 自 既 男 女 具 足 亦 令 眾 生 
X13n0285_006:0317c13	得具足也。五結明持名無畏。	得 具 足 也 五 結 明 持 名 無 畏 
X13n0285_006:0317c14	十四者此三千大千世界百億日月現住世間諸法	十 四 者 此 三千大千世界 百 億 日 月 現 住 世 間 諸 法 
X13n0285_006:0317c15	王子有六十二億恒河沙數修法垂範教化眾生隨	王 子 有 六 十 二 億 恒 河 沙 數 修 法 垂 範 教 化 眾 生 隨 
X13n0285_006:0317c16	須眾生方便智慧各各不同由我所得圓通本根(乃是)	須 眾 生 方便智慧 各各不同 由 我 所 得 圓 通 本 根 乃 是 
X13n0285_006:0317c17	發妙(悟於)耳門然後身心(一切)微妙含容周徧法界能令	發 妙 悟 於 耳 門 然 後 身 心 一 切 微 妙 含 容 周 徧 法 界 能 令 
X13n0285_006:0317c18	眾生持我名號與彼其持六十二億恒河沙諸法王	眾 生 持 我 名 號 與 彼 其 持 六 十 二 億 恒 河 沙 諸 法 王 
X13n0285_006:0317c19	子二人福德正等無異世尊我一名號與彼眾多名	子 二 人 福 德 正 等 無 異 世 尊 我 一 名 號 與 彼 眾 多 名 
X13n0285_006:0317c20	號無異由我修習得真圓通。	號 無 異 由 我 修 習 得 真 圓 通 
X13n0285_006:0317c21	名號秪是音聲音聲即是如來藏性未達藏性妄	名 號 秪 是 音 聲 音 聲 即 是 如 來 藏 性 未 達 藏 性 妄 
X13n0285_006:0317c22	存一多情計既達藏性則一亦法界多亦法界一	存 一 多 情 計 既 達 藏 性 則 一 亦 法 界 多 亦 法 界 一 
X13n0285_006:0317c23	不為少多不為多良由聞性圓明不由聲塵而起	不 為 少 多 不 為 多 良 由 聞 性 圓 明 不 由 聲 塵 而 起 
X13n0285_006:0317c24	知見故也由我修習得真圓通者正逗阿難及此	知 見 故 也 由 我 修 習 得 真 圓 通 者 正 逗 阿 難 及 此 
X13n0285_006:0318a01	方之機故名為真非謂二十四聖有未真也。三	方 之 機 故 名 為 真 非 謂 二 十 四 聖 有 未 真 也 三 
X13n0285_006:0318a02	結明福備眾生。	結 明 福 備 眾 生 
X13n0285_006:0318a03	是名十四施無畏力福備眾生。	是 名 十 四 施 無 畏 力 福 備 眾 生 
X13n0285_006:0318a04	諸畏既滅淨福自成拔九界畏成佛界福徧於十	諸 畏 既 滅 淨 福 自 成 拔 九 界 畏 成 佛 界 福 徧 於 十 
X13n0285_006:0318a05	方。	方 
X13n0285_006:0318a06	亘於三際故名為備也。	亘 於 三 際 故 名 為 備 也 
X13n0285_006:0318a07	三明四不思議無作妙德二初總明大用所起二	三 明 四 不 思 議 無 作 妙 德 二 初 總 明 大 用 所 起 二 
X13n0285_006:0318a08	別明不思議相。今初。	別 明 不 思 議 相 今 初 
X13n0285_006:0318a09	世尊我又獲是圓通修證無上道故又能善獲四不	世 尊 我 又 獲 是 圓 通 修 證 無 上 道 故 又 能 善 獲 四 不 
X13n0285_006:0318a10	思議無作妙德。	思 議 無 作 妙 德 
X13n0285_006:0318a11	二別明不思議相四初現容不思議二說呪不思	二 別 明 不 思 議 相 四 初 現 容 不 思 議 二 說 呪 不 思 
X13n0285_006:0318a12	議三受供不思議四興供不思議。今初。	議 三 受 供 不 思 議 四 興 供 不 思 議 今 初 
X13n0285_006:0318a13	一者由我初獲妙妙聞心心精遺聞見聞覺知不能	一 者 由 我 初 獲 妙 妙 聞 心 心 精 遺 聞 見聞覺知 不 能 
X13n0285_006:0318a14	分隔成一圓融清淨寶覺故我能現眾多妙容能說	分 隔 成 一 圓 融 清 淨 寶 覺 故 我 能 現 眾 多 妙 容 能 說 
X13n0285_006:0318a15	無邊祕密神呪其中或現一首三首五首七首九首	無 邊 祕 密 神 呪 其 中 或 現 一 首 三 首 五 首 七 首 九 首 
X13n0285_006:0318a16	十一首如是乃至一百八首千首萬首八萬四千爍	十 一 首 如 是 乃 至 一 百 八 首 千 首 萬 首 八萬四千 爍 
X13n0285_006:0318a17	迦羅首二臂四臂六臂八臂十臂十二臂十四十六	迦 羅 首 二 臂 四 臂 六 臂 八 臂 十 臂 十 二 臂 十 四 十 六 
X13n0285_006:0318a18	十八二十至二十四如是乃至一百八臂千臂萬臂	十 八 二 十 至 二 十 四 如 是 乃 至 一 百 八 臂 千 臂 萬 臂 
X13n0285_006:0318a19	八萬四千母陀羅臂二目三目四目九目如是乃至	八萬四千 母 陀 羅 臂 二 目 三 目 四 目 九 目 如 是 乃 至 
X13n0285_006:0318a20	一百八目千目萬目八萬四千清淨寶目或慈或威	一 百 八 目 千 目 萬 目 八萬四千 清 淨 寶 目 或 慈 或 威 
X13n0285_006:0318a21	或定或慧救護眾生得大自在。	或 定 或 慧 救 護 眾 生 得 大 自 在 
X13n0285_006:0318a22	此雖容呪並說而結歸在現容也妙妙聞心初妙	此 雖 容 呪 並 說 而 結 歸 在 現 容 也 妙 妙 聞 心 初 妙 
X13n0285_006:0318a23	字是妙諦次妙字是妙境妙諦約性通於諸法妙	字 是 妙 諦 次 妙 字 是 妙 境 妙 諦 約 性 通 於 諸 法 妙 
X13n0285_006:0318a24	境從機獨在耳根以此方眾生耳根最利易顯圓	境 從 機 獨 在 耳 根 以 此 方 眾 生 耳 根 最 利 易 顯 圓 
X13n0285_006:0318b01	通常性故也爍迦羅首者金剛堅固之首表法身	通 常 性 故 也 爍 迦 羅 首 者 金剛堅固 之 首 表 法 身 
X13n0285_006:0318b02	德母陀羅臂者印手表於方便是解脫德清淨寶	德 母 陀 羅 臂 者 印 手 表 於 方 便 是 解 脫 德 清 淨 寶 
X13n0285_006:0318b03	目者表於實慧是般若德各言八萬四千者意顯	目 者 表 於 實 慧 是 般 若 德 各 言 八萬四千 者 意 顯 
X13n0285_006:0318b04	眾生迷本覺性具足八萬四千塵勞煩惱即此煩	眾 生 迷 本 覺 性 具 足 八萬四千 塵 勞 煩 惱 即 此 煩 
X13n0285_006:0318b05	惱業果一一無非三德祕藏也。二說呪不思議。	惱 業 果 一 一 無 非 三 德 祕 藏 也 二 說 呪 不 思 議 
X13n0285_006:0318b06	二者由我聞思脫出六塵如聲度垣不能為礙故我	二 者 由 我 聞 思 脫 出 六 塵 如 聲 度 垣 不 能 為 礙 故 我 
X13n0285_006:0318b07	妙能現一一形誦一一呪其形其呪能以無畏施諸	妙 能 現 一 一 形 誦 一 一 呪 其 形 其 呪 能 以 無 畏 施 諸 
X13n0285_006:0318b08	眾生是故十方微塵國土皆名我為施無畏者。	眾 生 是 故 十 方 微 塵 國 土 皆 名 我 為 施 無 畏 者 
X13n0285_006:0318b09	此亦容呪並說而結歸在誦呪也現一一形即指	此 亦 容 呪 並 說 而 結 歸 在 誦 呪 也 現 一 一 形 即 指 
X13n0285_006:0318b10	前文首臂目等誦一一呪具如不空罥索經等。	前 文 首 臂 目 等 誦 一 一 呪 具 如 不 空 罥 索 經 等 
X13n0285_006:0318b11	三受供不思議。	三 受 供 不 思 議 
X13n0285_006:0318b12	三者由我修習本妙圓通清淨本根所遊世界皆令	三 者 由 我 修 習 本 妙 圓 通 清 淨 本 根 所 遊 世 界 皆 令 
X13n0285_006:0318b13	眾生捨身珍寶求我哀愍。	眾 生 捨 身 珍 寶 求 我 哀 愍 
X13n0285_006:0318b14	所遊世界即實報方便同居諸土也九界眾生雲	所 遊 世 界 即 實 報 方 便 同 居 諸 土 也 九 界 眾 生 雲 
X13n0285_006:0318b15	興供養以求哀愍良由不受諸受故能無所不受。	興 供 養 以 求 哀 愍 良 由 不 受 諸 受 故 能 無 所 不 受 
X13n0285_006:0318b16	四興供不思議。	四 興 供 不 思 議 
X13n0285_006:0318b17	四者我得佛心證於究竟能以珍寶種種供養十方	四 者 我 得 佛 心 證 於 究 竟 能 以 珍 寶 種種供養 十 方 
X13n0285_006:0318b18	如來傍及法界六道眾生求妻得妻求子得子求三	如 來 傍 及 法 界 六 道 眾 生 求 妻 得 妻 求 子 得 子 求 三 
X13n0285_006:0318b19	昧得三昧求長壽得長壽如是乃至求大涅槃得大	昧 得 三 昧 求 長 壽 得 長 壽 如 是 乃 至 求 大 涅 槃 得 大 
X13n0285_006:0318b20	涅槃。	涅 槃 
X13n0285_006:0318b21	不惟供十方佛亦供法界眾生無所不徧良由圓	不 惟 供 十 方 佛 亦 供 法 界 眾 生 無 所 不 徧 良 由 圓 
X13n0285_006:0318b22	滿菩提歸無所得故能無所不得。二牒證結答。	滿 菩 提 歸 無 所 得 故 能 無 所 不 得 二 牒 證 結 答 
X13n0285_006:0318b23	佛問圓通我從耳門圓照三昧緣心自在因入流相	佛 問 圓 通 我 從 耳 門 圓 照 三 昧 緣 心 自 在 因 入 流 相 
X13n0285_006:0318b24	得三摩提成就菩提斯為第一世尊彼佛如來歎我	得 三 摩 提 成 就 菩 提 斯 為 第 一 世 尊 彼 佛 如 來 歎 我 
X13n0285_006:0318c01	善得圓通法門於大會中授記我為觀世音號由我	善 得 圓 通 法 門 於 大 會 中 授 記 我 為 觀 世 音 號 由 我 
X13n0285_006:0318c02	觀聽十方圓明故觀音名徧十方界。	觀 聽 十 方 圓 明 故 觀 音 名 徧 十 方 界 
X13n0285_006:0318c03	緣心自在等者不誤認緣心聽法則能因指見月	緣 心 自 在 等 者 不 誤 認 緣 心 聽 法 則 能 因 指 見 月 
X13n0285_006:0318c04	親見法性從此遂入圓通常法而成三昧也第三	親 見 法 性 從 此 遂 入 圓 通 常 法 而 成 三 昧 也 第 三 
X13n0285_006:0318c05	眾聖各說證門竟。四放光現瑞總印。	眾 聖 各 說 證 門 竟 四 放 光 現 瑞 總 印 
X13n0285_006:0318c06	爾時世尊於師子座從其五體同放寶光遠灌十方	爾 時 世 尊 於 師 子 座 從 其 五 體 同 放 寶 光 遠 灌 十 方 
X13n0285_006:0318c07	微塵如來及法王子諸菩薩頂彼諸如來亦於五體	微 塵 如 來 及 法 王 子 諸 菩 薩 頂 彼 諸 如 來 亦 於 五 體 
X13n0285_006:0318c08	同放寶光從微塵方來灌佛頂并灌會中諸大菩薩	同 放 寶 光 從 微 塵 方 來 灌 佛 頂 并 灌 會 中 諸 大 菩 薩 
X13n0285_006:0318c09	及阿羅漢林木池沼皆演法音交光相羅如寶絲網	及 阿 羅 漢 林 木 池 沼 皆 演 法 音 交 光 相 羅 如 寶 絲 網 
X13n0285_006:0318c10	是諸大眾得未曾有一切普獲金剛三昧即時天雨	是 諸 大 眾 得未曾有 一 切 普 獲 金 剛 三 昧 即 時 天 雨 
X13n0285_006:0318c11	百寶蓮華青黃赤白間錯紛糅十方虗空成七寶色	百 寶 蓮 華 青 黃 赤 白 間 錯 紛 糅 十 方 虗 空 成 七 寶 色 
X13n0285_006:0318c12	此娑婆界大地山河俱時不現唯見十方微塵國土	此 娑 婆 界 大 地 山 河 俱 時 不 現 唯 見 十 方 微 塵 國 土 
X13n0285_006:0318c13	合成一界梵唄詠歌自然敷奏。	合 成 一 界 梵 唄 詠 歌 自 然 敷 奏 
X13n0285_006:0318c14	五體同放寶光者表根根塵塵皆是圓通法門也	五 體 同 放 寶 光 者 表 根 根 塵 塵 皆 是 圓 通 法 門 也 
X13n0285_006:0318c15	遠灌佛菩薩頂者表一一圓通皆是無上大佛頂	遠 灌 佛 菩 薩 頂 者 表 一 一 圓 通 皆 是 無 上 大 佛 頂 
X13n0285_006:0318c16	法如來以之為密因菩薩依之修萬行者也彼諸	法 如 來 以 之 為 密 因 菩 薩 依 之 修 萬 行 者 也 彼 諸 
X13n0285_006:0318c17	如來亦於五體同放寶光者表佛佛道同也來灌	如 來 亦 於 五 體 同 放 寶 光 者 表 佛 佛 道 同 也 來 灌 
X13n0285_006:0318c18	佛頂并灌菩薩羅漢者表於因果一致二十五聖	佛 頂 并 灌 菩 薩 羅 漢 者 表 於 因 果 一 致 二 十 五 聖 
X13n0285_006:0318c19	同證大佛頂法實無優劣也林木池沼皆演法音	同 證 大 佛 頂 法 實 無 優 劣 也 林 木 池 沼 皆 演 法 音 
X13n0285_006:0318c20	者表有情無情同一圓通性也交光相羅如寶絲	者 表 有 情 無 情 同 一 圓 通 性 也 交 光 相 羅 如 寶 絲 
X13n0285_006:0318c21	網者表一一圓通法門各各互徧互攝一切圓通	網 者 表 一 一 圓 通 法 門 各 各 互 徧 互 攝 一 切 圓 通 
X13n0285_006:0318c22	法門也普獲金剛三昧者悟十八界七大皆如來	法 門 也 普 獲 金 剛 三 昧 者 悟 十 八 界 七 大 皆 如 來 
X13n0285_006:0318c23	藏妙真如性性不可壞也四色蓮華以表住行向	藏 妙 真 如 性 性 不 可 壞 也 四 色 蓮 華 以 表 住 行 向 
X13n0285_006:0318c24	地四十妙因間錯紛糅表諸大眾圓悟藏性以為	地 四 十 妙 因 間 錯 紛 糅 表 諸 大 眾 圓 悟 藏 性 以 為 
X13n0285_006:0319a01	真因故得因該果海果徹因源一位圓具一切諸	真 因 故 得 因 該 果 海 果 徹 因 源 一 位 圓 具 一 切 諸 
X13n0285_006:0319a02	位之功德也十方虗空成七寶色者表虗空頑暗	位 之 功 德 也 十 方 虗 空 成 七 寶 色 者 表 虗 空 頑 暗 
X13n0285_006:0319a03	之情執消殞而七大妙性一一周徧法界也娑婆	之 情 執 消 殞 而 七 大 妙 性 一 一 周 徧 法 界 也 娑 婆 
X13n0285_006:0319a04	大地山河俱時不現者表翳病得除狂勞顛倒華	大 地 山 河 俱 時 不 現 者 表 翳 病 得 除 狂 勞 顛 倒 華 
X13n0285_006:0319a05	相皆滅也微塵國土合成一界者表性真圓融惟	相 皆 滅 也 微 塵 國 土 合 成 一 界 者 表 性 真 圓 融 惟 
X13n0285_006:0319a06	一常寂光土也梵唄詠歌自然敷奏者表寂光真	一 常 寂 光 土 也 梵 唄 詠 歌 自 然 敷 奏 者 表 寂 光 真 
X13n0285_006:0319a07	土之中具足無量稱性法樂也幽溪云一本尊放	土 之 中 具 足 無 量 稱 性 法 樂 也 幽 溪 云 一 本 尊 放 
X13n0285_006:0319a08	光瑞二諸佛放光瑞為自他交互對三無情演法	光 瑞 二 諸 佛 放 光 瑞 為 自 他 交 互 對 三 無 情 演 法 
X13n0285_006:0319a09	瑞四寶光交羅瑞為依正圓融對五眾會獲益瑞	瑞 四 寶 光 交 羅 瑞 為 依 正 圓 融 對 五 眾 會 獲 益 瑞 
X13n0285_006:0319a10	六天雨四華瑞為法位相應對七空成寶色瑞八	六 天 雨 四 華 瑞 為 法 位 相 應 對 七 空 成 寶 色 瑞 八 
X13n0285_006:0319a11	大地不現瑞為空界俱銷對九國土合一瑞十梵	大 地 不 現 瑞 為 空 界 俱 銷 對 九 國 土 合 一 瑞 十 梵 
X13n0285_006:0319a12	唄敷奏瑞為法報冥同對。五佛敕文殊簡擇三	唄 敷 奏 瑞 為 法 報 冥 同 對 五 佛 敕 文 殊 簡 擇 三 
X13n0285_006:0319a13	初佛敕文殊二受命簡擇三時眾獲益。今初。	初 佛 敕 文 殊 二 受 命 簡 擇 三 時 眾 獲 益 今 初 
X13n0285_006:0319a14	於是如來告文殊師利法王子汝今觀此二十五無	於 是 如 來 告 文 殊 師 利 法 王 子 汝 今 觀 此 二 十 五 無 
X13n0285_006:0319a15	學諸大菩薩及阿羅漢各說最初成道方便皆言修	學 諸 大 菩 薩 及 阿 羅 漢 各 說 最 初 成 道 方 便 皆 言 修 
X13n0285_006:0319a16	習真實圓通彼等修行實無優劣前後差別我今欲	習 真 實 圓 通 彼 等 修 行 實 無 優 劣 前 後 差 別 我 今 欲 
X13n0285_006:0319a17	令阿難開悟二十五行誰當其根兼我滅後此界眾	令 阿 難 開 悟 二 十 五 行 誰 當 其 根 兼 我 滅 後 此 界 眾 
X13n0285_006:0319a18	生入菩薩乘求無上道何方便門得易成就。	生 入 菩 薩 乘 求 無 上 道 何 方 便 門 得 易 成 就 
X13n0285_006:0319a19	敕簡選者以前文但云得循圓根與不圓根日劫	敕 簡 選 者 以 前 文 但 云 得 循 圓 根 與 不 圓 根 日 劫 
X13n0285_006:0319a20	相倍然未的指何根最圓故須選也然如來不自	相 倍 然 未 的 指 何 根 最 圓 故 須 選 也 然 如 來 不 自 
X13n0285_006:0319a21	指示而敕文殊大旨有二一者若依果位中論則	指 示 而 敕 文 殊 大 旨 有 二 一 者 若 依 果 位 中 論 則 
X13n0285_006:0319a22	法法皆妙實無可選今之選根本為初機文殊正	法 法 皆 妙 實 無 可 選 今 之 選 根 本 為 初 機 文 殊 正 
X13n0285_006:0319a23	是初機導師如華嚴以文殊為幼男始則先說名	是 初 機 導 師 如 華 嚴 以 文 殊 為 幼 男 始 則 先 說 名 
X13n0285_006:0319a24	號四諦以開圓信後則指示善財徧參知識皆其	號 四 諦 以 開 圓 信 後 則 指 示 善 財 徧 參 知 識 皆 其 
X13n0285_006:0319b01	事也二者文殊即表眾生根本實智今明欲入圓	事 也 二 者 文 殊 即 表 眾 生 根 本 實 智 今 明 欲 入 圓 
X13n0285_006:0319b02	通須是自己決擇譬如圓覺二十五輪敕諸末世	通 須 是 自 己 決 擇 譬 如 圓 覺 二 十 五 輪 敕 諸 末 世 
X13n0285_006:0319b03	依鬮取決如來終不強以一法偏授人也彼等修	依 鬮 取 決 如 來 終 不 強 以 一 法 偏 授 人 也 彼 等 修 
X13n0285_006:0319b04	行實無優劣前後差別者正顯聖無可簡法亦無	行 實 無 優 劣 前 後 差 別 者 正 顯 聖 無 可 簡 法 亦 無 
X13n0285_006:0319b05	可簡也聖則迹有權實本皆大士法則三科七大	可 簡 也 聖 則 迹 有 權 實 本 皆 大 士 法 則 三 科 七 大 
X13n0285_006:0319b06	無非藏性故也我今欲令阿難等者正顯簡機不	無 非 藏 性 故 也 我 今 欲 令 阿 難 等 者 正 顯 簡 機 不 
X13n0285_006:0319b07	簡聖簡情不簡法也言阿難則不必人人皆爾言	簡 聖 簡 情 不 簡 法 也 言 阿 難 則 不 必 人 人 皆 爾 言 
X13n0285_006:0319b08	此界則不必十方盡然但以約機宜則所習有生	此 界 則 不 必 十 方 盡 然 但 以 約 機 宜 則 所 習 有 生 
X13n0285_006:0319b09	熟約迷情則諸根有利鈍故須簡耳。二受命簡	熟 約 迷 情 則 諸 根 有 利 鈍 故 須 簡 耳 二 受 命 簡 
X13n0285_006:0319b10	擇二初敘儀二正說。今初。	擇 二 初 敘 儀 二 正 說 今 初 
X13n0285_006:0319b11	文殊師利法王子奉佛慈旨即從座起頂禮佛足承	文 殊 師 利 法 王 子 奉 佛 慈 旨 即 從 座 起 頂禮佛足 承 
X13n0285_006:0319b12	佛威神說偈對佛。	佛 威 神 說 偈 對 佛 
X13n0285_006:0319b13	二正說二初頌真如不變之體以標真源二頌真	二 正 說 二 初 頌 真 如 不 變 之 體 以 標 真 源 二 頌 真 
X13n0285_006:0319b14	如隨緣之能以明染淨。今初。	如 隨 緣 之 能 以 明 染 淨 今 初 
X13n0285_006:0319b15	覺海性澄圓圓澄覺元妙。	覺 海 性 澄 圓 圓 澄 覺 元 妙 
X13n0285_006:0319b16	將明隨染淨緣以成迷悟先頌不變之體者正如	將 明 隨 染 淨 緣 以 成 迷 悟 先 頌 不 變 之 體 者 正 如 
X13n0285_006:0319b17	前文將破明不明之兩關先標性覺妙明本覺明	前 文 將 破 明 不 明 之 兩 關 先 標 性 覺 妙 明 本 覺 明 
X13n0285_006:0319b18	妙又如將破有為無為二法先標真性二字也覺	妙 又 如 將 破 有 為 無 為 二 法 先 標 真 性 二 字 也 覺 
X13n0285_006:0319b19	者本覺之性非覺非迷以其法爾靈知強名為覺	者 本 覺 之 性 非 覺 非 迷 以 其 法 爾 靈 知 強 名 為 覺 
X13n0285_006:0319b20	也海者喻也覺性豎窮橫徧本無一物可喻姑以	也 海 者 喻 也 覺 性 豎 窮 橫 徧 本 無 一 物 可 喻 姑 以 
X13n0285_006:0319b21	大海深廣喻之性澄圓者寂而常照即所謂性覺	大 海 深 廣 喻 之 性 澄 圓 者 寂 而 常 照 即 所 謂 性 覺 
X13n0285_006:0319b22	妙明也圓澄覺元妙者照而常寂即所謂本覺明	妙 明 也 圓 澄 覺 元 妙 者 照 而 常 寂 即 所 謂 本 覺 明 
X13n0285_006:0319b23	妙也須知此不變體即在隨緣之中正隨緣時全	妙 也 須 知 此 不 變 體 即 在 隨 緣 之 中 正 隨 緣 時 全 
X13n0285_006:0319b24	體不變即指吾人現前一念介爾之心一任昏迷	體 不 變 即 指 吾 人 現 前 一 念 介 爾 之 心 一 任 昏 迷 
X13n0285_006:0319c01	倒惑而妙明明妙性無變壞本自豎窮橫徧也是	倒 惑 而 妙 明 明 妙 性 無 變 壞 本 自 豎 窮 橫 徧 也 是 
X13n0285_006:0319c02	故直指人心見性成佛正是指此現前一念介爾	故 直 指 人 心 見 性 成 佛 正 是 指 此 現 前 一 念 介 爾 
X13n0285_006:0319c03	之心全真在妄全妄即真若捨却現前一念別指	之 心 全 真 在 妄 全 妄 即 真 若 捨 却 現 前 一 念 別 指 
X13n0285_006:0319c04	空劫已前則真時無妄妄時無真真則本有今無	空 劫 已 前 則 真 時 無 妄 妄 時 無 真 真 則 本 有 今 無 
X13n0285_006:0319c05	今無後有妄則本無今有今有後無其為戲論甚	今 無 後 有 妄 則 本無今有 今 有 後 無 其 為 戲 論 甚 
X13n0285_006:0319c06	矣。二頌真如隨緣之能以明染淨二初頌隨染	矣 二 頌 真 如 隨 緣 之 能 以 明 染 淨 二 初 頌 隨 染 
X13n0285_006:0319c07	緣從源出流二頌隨淨緣從流遡源。今初。	緣 從 源 出 流 二 頌 隨 淨 緣 從 流 遡 源 今 初 
X13n0285_006:0319c08	元明照生所所立照性亡迷妄有虗空依空立世界	元 明 照 生 所 所 立 照 性 亡 迷 妄 有 虗 空 依 空 立 世 界 
X13n0285_006:0319c09	想澄成國土知覺乃眾生。	想 澄 成 國 土 知 覺 乃 眾 生 
X13n0285_006:0319c10	元明照生所即所謂妄為明覺因明立所也所立	元 明 照 生 所 即 所 謂 妄 為 明 覺 因 明 立 所 也 所 立 
X13n0285_006:0319c11	照性亡言既生妄所遂失真性也迷妄有虗空所	照 性 亡 言 既 生 妄 所 遂 失 真 性 也 迷 妄 有 虗 空 所 
X13n0285_006:0319c12	謂晦昧為空也依空立世界想澄成國土即所謂	謂 晦 昧 為 空 也 依 空 立 世 界 想 澄 成 國 土 即 所 謂 
X13n0285_006:0319c13	結暗為色亦所謂起為世界靜成虗空虗空為同	結 暗 為 色 亦 所 謂 起 為 世 界 靜 成 虗 空 虗 空 為 同 
X13n0285_006:0319c14	世界為異也知覺乃眾生即所謂色雜妄想想相	世 界 為 異 也 知 覺 乃 眾 生 即 所 謂 色 雜 妄 想 想 相 
X13n0285_006:0319c15	為身也。二頌隨淨緣從流遡源二初總顯滅妄	為 身 也 二 頌 隨 淨 緣 從 流 遡 源 二 初 總 顯 滅 妄 
X13n0285_006:0319c16	歸真二別明歸真方便。今初。	歸 真 二 別 明 歸 真 方 便 今 初 
X13n0285_006:0319c17	空生大覺中如海一漚發有漏微塵國皆依空所生	空 生 大 覺 中 如 海 一 漚 發 有 漏 微 塵 國 皆 依 空 所 生 
X13n0285_006:0319c18	漚滅空本無況復諸三有。	漚 滅 空 本 無 況 復 諸 三 有 
X13n0285_006:0319c19	此言現前一念大覺之心本自豎窮橫徧亦無橫	此 言 現 前 一 念 大 覺 之 心 本 自 豎 窮 橫 徧 亦 無 橫 
X13n0285_006:0319c20	豎之相可得秪由認悟中迷方乃晦昧大覺之體	豎 之 相 可 得 秪 由 認 悟 中 迷 方 乃 晦 昧 大 覺 之 體 
X13n0285_006:0319c21	而為十方虗空是故虗空情量生於大覺心中不	而 為 十 方 虗 空 是 故 虗 空 情 量 生 於 大 覺 心 中 不 
X13n0285_006:0319c22	過如大海中之一漚發現而已至於十方有漏微	過 如 大 海 中 之 一 漚 發 現 而 已 至 於 十 方 有 漏 微 
X13n0285_006:0319c23	塵國土又依頑空妄想建立假說依空所生則知	塵 國 土 又 依 頑 空 妄 想 建 立 假 說 依 空 所 生 則 知 
X13n0285_006:0319c24	十方依正豈離我現前一念心性是故若能直觀	十 方 依 正 豈 離 我 現 前 一 念 心 性 是 故 若 能 直 觀 
X13n0285_006:0320a01	心性俾此虗妄無明漚滅則虗空情量元自本無	心 性 俾 此 虗 妄 無 明 漚 滅 則 虗 空 情 量 元 自 本 無 
X13n0285_006:0320a02	況復空中諸三有國土眾生而豈有哉。二別顯	況 復 空 中 諸 三 有 國 土 眾 生 而 豈 有 哉 二 別 顯 
X13n0285_006:0320a03	歸真方便二初總示方便須擇二正為選方便門。	歸 真 方 便 二 初 總 示 方 便 須 擇 二 正 為 選 方 便 門 
X13n0285_006:0320a04	今初。	今 初 
X13n0285_006:0320a05	歸元性無二方便有多門聖性無不通順逆皆方便	歸 元 性 無 二 方 便 有 多 門 聖 性 無 不 通 順 逆 皆 方 便 
X13n0285_006:0320a06	初心入三昧遲速不同倫。	初 心 入 三 昧 遲 速 不 同 倫 
X13n0285_006:0320a07	一性一切性一切性一性根塵識大皆如來藏如	一 性 一 切 性 一 切 性 一 性 根 塵 識 大 皆 如 來 藏 如 
X13n0285_006:0320a08	來藏中性具根塵識大周徧圓融不可思議既歸	來 藏 中 性 具 根 塵 識 大 周 徧 圓 融 不可思議 既 歸 
X13n0285_006:0320a09	此元則其性決定無二不可謂觀音獨勝諸聖或	此 元 則 其 性 決 定 無 二 不 可 謂 觀 音 獨 勝 諸 聖 或 
X13n0285_006:0320a10	劣也方者法也便者宜也約法約宜則有多門略	劣 也 方 者 法 也 便 者 宜 也 約 法 約 宜 則 有 多 門 略 
X13n0285_006:0320a11	說所觀之境有二十五就彼二十五境之中復各	說 所 觀 之 境 有 二 十 五 就 彼 二 十 五 境 之 中 復 各 
X13n0285_006:0320a12	有權實一十六門通於藏性也聖性無不通順逆	有 權 實 一 十 六 門 通 於 藏 性 也 聖 性 無 不 通 順 逆 
X13n0285_006:0320a13	皆方便者此明聖之與法皆不可簡也於此二十	皆 方 便 者 此 明 聖 之 與 法 皆 不 可 簡 也 於 此 二 十 
X13n0285_006:0320a14	五境或用順觀或用逆觀皆成巧妙方便如陳那	五 境 或 用 順 觀 或 用 逆 觀 皆 成 巧 妙 方 便 如 陳 那 
X13n0285_006:0320a15	於聲悟諦則是順觀沙陀厭離不淨則是逆觀那	於 聲 悟 諦 則 是 順 觀 沙 陀 厭 離 不 淨 則 是 逆 觀 那 
X13n0285_006:0320a16	律樂見照明因逆成順特迦調息治愚因順成逆	律 樂 見 照 明 因 逆 成 順 特 迦 調 息 治 愚 因 順 成 逆 
X13n0285_006:0320a17	舍利心見清淨亦是順觀艶喜觀鼻端白亦是逆	舍 利 心 見 清 淨 亦 是 順 觀 艶 喜 觀 鼻 端 白 亦 是 逆 
X13n0285_006:0320a18	治火頭觀諸煖氣復是順觀持地當平心地復是	治 火 頭 觀 諸 煖 氣 復 是 順 觀 持 地 當 平 心 地 復 是 
X13n0285_006:0320a19	逆觀等乃至一一境中皆得論於順逆二種方便	逆 觀 等 乃 至 一 一 境 中 皆 得 論 於 順 逆 二 種 方 便 
X13n0285_006:0320a20	不可泥文而失旨也初心入三昧遲速不同倫者	不 可 泥 文 而 失 旨 也 初 心 入 三 昧 遲 速 不 同 倫 者 
X13n0285_006:0320a21	此明機之與情皆不可不簡也約當機則夙習各	此 明 機 之 與 情 皆 不 可 不 簡 也 約 當 機 則 夙 習 各 
X13n0285_006:0320a22	有所宜而阿難多聞士必以從聞思修為宜約迷	有 所 宜 而 阿 難 多 聞 士 必 以 從 聞 思 修 為 宜 約 迷 
X13n0285_006:0320a23	情則諸根必有利鈍而此土諸眾生多分耳門入	情 則 諸 根 必 有 利 鈍 而 此 土 諸 眾 生 多 分 耳 門 入 
X13n0285_006:0320a24	道為易也。二正為選方便門二初簡非二顯是。	道 為 易 也 二 正 為 選 方 便 門 二 初 簡 非 二 顯 是 
X13n0285_006:0320b01	初中四初簡六塵二簡五根三簡六識四簡七	初 中 四 初 簡 六 塵 二 簡 五 根 三 簡 六 識 四 簡 七 
X13n0285_006:0320b02	大。今初。	大 今 初 
X13n0285_006:0320b03	色想結成塵精了不能徹如何不明徹於是獲圓通	色 想 結 成 塵 精 了 不 能 徹 如 何 不 明 徹 於 是 獲 圓 通 
X13n0285_006:0320b04	聲音雜語言但伊(惟也是也)名句味一非含一切云何獲	聲 音 雜 語 言 但 伊 惟 也 是 也 名 句 味 一 非 含 一 切 云 何 獲 
X13n0285_006:0320b05	圓通香以合中知離則元無有不恒其所覺云何獲	圓 通 香 以 合 中 知 離 則 元 無 有 不 恒 其 所 覺 云 何 獲 
X13n0285_006:0320b06	圓通味性非本然要以昧時有其覺不恒一云何獲	圓 通 味 性 非 本 然 要 以 昧 時 有 其 覺 不 恒 一 云 何 獲 
X13n0285_006:0320b07	圓通觸(必)以所觸(而)明(若)無所(便)不明觸合離性非	圓 通 觸 必 以 所 觸 而 明 若 無 所 便 不 明 觸 合 離 性 非 
X13n0285_006:0320b08	定云何獲圓通法稱為內塵憑塵必有(其)所能所非	定 云 何 獲 圓 通 法 稱 為 內 塵 憑 塵 必 有 其 所 能 所 非 
X13n0285_006:0320b09	徧涉云何獲圓通。	徧 涉 云 何 獲 圓 通 
X13n0285_006:0320b10	此下簡於二十四境不惟非是簡聖亦復非是簡	此 下 簡 於 二 十 四 境 不 惟 非 是 簡 聖 亦 復 非 是 簡 
X13n0285_006:0320b11	法直就初心夾帶迷情習氣而簡之也蓋二十四	法 直 就 初 心 夾 帶 迷 情 習 氣 而 簡 之 也 蓋 二 十 四 
X13n0285_006:0320b12	境雖復一一皆如來藏而無明未破根中積生無	境 雖 復 一 一 皆 如 來 藏 而 無 明 未 破 根 中 積 生 無 
X13n0285_006:0320b13	始虗習猶存豈能直下徹見藏性是故所觀之境	始 虗 習 猶 存 豈 能 直 下 徹 見 藏 性 是 故 所 觀 之 境 
X13n0285_006:0320b14	不得不詳擇而簡選耳言初心若欲觀於色塵則	不 得 不 詳 擇 而 簡 選 耳 言 初 心 若 欲 觀 於 色 塵 則 
X13n0285_006:0320b15	色依妄想而結成塵精了所不能徹如何以此不	色 依 妄 想 而 結 成 塵 精 了 所 不 能 徹 如 何 以 此 不 
X13n0285_006:0320b16	明徹法而欲於是獲圓通證頓同沙陀之妙色密	明 徹 法 而 欲 於 是 獲 圓 通 證 頓 同 沙 陀 之 妙 色 密 
X13n0285_006:0320b17	圓耶下皆倣此可以意知。二簡五根。	圓 耶 下 皆 倣 此 可 以 意 知 二 簡 五 根 
X13n0285_006:0320b18	見性雖(亦)洞然(但)明前(而)不明後(且)四維(又)虧一半	見 性 雖 亦 洞 然 但 明 前 而 不 明 後 且 四 維 又 虧 一 半 
X13n0285_006:0320b19	云何(初心可)獲圓通鼻息出入(雖)通現前無(有)交氣支	云 何 初 心 可 獲 圓 通 鼻 息 出 入 雖 通 現 前 無 有 交 氣 支 
X13n0285_006:0320b20	離匪(相)涉入云何(初心可)獲圓通舌非(領)入(滋味便)無端	離 匪 相 涉 入 云 何 初 心 可 獲 圓 通 舌 非 領 入 滋 味 便 無 端 
X13n0285_006:0320b21	(倪必)因味(塵而)生覺了(若)味亡(時覺)了(即)無(所)有云何(初心可)	 倪 必 因 味 塵 而 生 覺 了 若 味 亡 時 覺 了 即 無 所 有 云 何 初 心 可 
X13n0285_006:0320b22	獲圓通身(知因觸顯發)與所觸同(合時方知離時不覺)各非圓(融之)覺	獲 圓 通 身 知 因 觸 顯 發 與 所 觸 同 合 時 方 知 離 時 不 覺 各 非 圓 融 之 覺 
X13n0285_006:0320b23	觀(其)涯(際分)量不(能)冥會云何(初心可)獲圓通知根(夾)雜	觀 其 涯 際 分 量 不 能 冥 會 云 何 初 心 可 獲 圓 通 知 根 夾 雜 
X13n0285_006:0320b24	亂思湛了(之性)終無(可)見想念(既)不可脫云何(初心可)獲	亂 思 湛 了 之 性 終 無 可 見 想 念 既 不 可 脫 云 何 初 心 可 獲 
X13n0285_006:0320c01	圓通。	圓 通 
X13n0285_006:0320c02	三簡六識。	三 簡 六 識 
X13n0285_006:0320c03	識見雜三和詰本稱非相自體先無定云何獲圓通	識 見 雜 三 和 詰 本 稱 非 相 自 體 先 無 定 云 何 獲 圓 通 
X13n0285_006:0320c04	心聞洞十方生於大因力初心不能入云何獲圓通	心 聞 洞 十 方 生 於 大 因 力 初 心 不 能 入 云 何 獲 圓 通 
X13n0285_006:0320c05	鼻想本權機秪令攝心住住成心所住云何獲圓通	鼻 想 本 權 機 秪 令 攝 心 住 住 成 心 所 住 云 何 獲 圓 通 
X13n0285_006:0320c06	說法弄音文開悟先成者名句非無漏云何獲圓通	說 法 弄 音 文 開 悟 先 成 者 名 句 非 無 漏 云 何 獲 圓 通 
X13n0285_006:0320c07	持犯但束身非身無所束元非徧一切云何獲圓通	持 犯 但 束 身 非 身 無 所 束 元 非 徧 一 切 云 何 獲 圓 通 
X13n0285_006:0320c08	神通本宿因何關法分別念緣非離物云何獲圓通。	神 通 本 宿 因 何 關 法 分 別 念 緣 非 離 物 云 何 獲 圓 通 
X13n0285_006:0320c09	識見即眼識也必須根境相雜三緣和合妄有若	識 見 即 眼 識 也 必 須 根 境 相 雜 三 緣 和 合 妄 有 若 
X13n0285_006:0320c10	詰其本則四性無生非有體相云何初心觀之便	詰 其 本 則 四 性 無 生 非 有 體 相 云 何 初 心 觀 之 便 
X13n0285_006:0320c11	能心見發光耶耳識可知鼻端白想本屬權機秪	能 心 見 發 光 耶 耳 識 可 知 鼻 端 白 想 本 屬 權 機 秪 
X13n0285_006:0320c12	令散亂多者得以攝心而住倘不能如難陀之息	令 散 亂 多 者 得 以 攝 心 而 住 倘 不 能 如 難 陀 之 息 
X13n0285_006:0320c13	久發明則有住反成心之所住而墮虗妄云何得	久 發 明 則 有 住 反 成 心 之 所 住 而 墮 虗 妄 云 何 得 
X13n0285_006:0320c14	明圓滅漏耶說法播弄音文但能開悟夙根先已	明 圓 滅 漏 耶 說 法 播 弄 音 文 但 能 開 悟 夙 根 先 已 
X13n0285_006:0320c15	成就如滿慈者倘夙根未熟但耽著於名句便非	成 就 如 滿 慈 者 倘 夙 根 未 熟 但 耽 著 於 名 句 便 非 
X13n0285_006:0320c16	無漏法性云何降伏魔怨消滅諸漏耶初心持戒	無漏法性 云 何 降伏魔怨 消 滅 諸 漏 耶 初 心 持 戒 
X13n0285_006:0320c17	不犯但能檢束其身非身則無所束元非徧於一	不 犯 但 能 檢 束 其 身 非 身 則 無 所 束 元 非 徧 於 一 
X13n0285_006:0320c18	切云何得如波離之身心一切通利耶彼目連之	切 云 何 得 如 波 離 之 身 心 一 切 通 利 耶 彼 目 連 之 
X13n0285_006:0320c19	神通本其宿因何關初心之人以意識緣法分別	神 通 本 其 宿 因 何 關 初 心 之 人 以 意 識 緣 法 分 別 
X13n0285_006:0320c20	而得成就若初心念於法緣非能離物云何得心	而 得 成 就 若 初 心 念 於 法 緣 非 能 離 物 云 何 得 心 
X13n0285_006:0320c21	光發宣耶。四簡七大。	光 發 宣 耶 四 簡 七 大 
X13n0285_006:0320c22	若(初心)以地性觀堅礙非通達有為(之法)非(是)聖性云何	若 初 心 以 地 性 觀 堅 礙 非 通 達 有 為 之 法 非 是 聖 性 云 何 
X13n0285_006:0320c23	獲圓通若(初心)以水性觀(但是)想念(所成而)非真實如如(之性)	獲 圓 通 若 初 心 以 水 性 觀 但 是 想 念 所 成 而 非 真 實 如 如 之 性 
X13n0285_006:0320c24	非(屬)覺觀云何獲圓通若(初心)以火性觀(但是)厭有非(是)	非 屬 覺 觀 云 何 獲 圓 通 若 初 心 以 火 性 觀 但 是 厭 有 非 是 
X13n0285_006:0321a01	真(性本)離(之理便)非初心(因與果合之妙)方便云何獲圓通若(初心)	真 性 本 離 之 理 便 非 初 心 因 與 果 合 之 妙 方 便 云 何 獲 圓 通 若 初 心 
X13n0285_006:0321a02	以風性觀(有)動(則有)寂非無對(法)對(即)非無上覺云何	以 風 性 觀 有 動 則 有 寂 非 無 對 法 對 即 非 無 上 覺 云 何 
X13n0285_006:0321a03	獲圓通若(初心)以空性觀昏鈍先非覺(性)無覺(則)異菩	獲 圓 通 若 初 心 以 空 性 觀 昏 鈍 先 非 覺 性 無 覺 則 異 菩 
X13n0285_006:0321a04	提云何獲圓通若(初心)以識性觀(所)觀(之)識(帶生滅而)非常	提 云 何 獲 圓 通 若 初 心 以 識 性 觀 所 觀 之 識 帶 生 滅 而 非 常 
X13n0285_006:0321a05	住(所)存(觀)心(亦)乃虗妄云何獲圓通諸行是無常念	住 所 存 觀 心 亦 乃 虗 妄 云 何 獲 圓 通 諸 行 是 無 常 念 
X13n0285_006:0321a06	性元生滅因果今殊感云何獲圓通。	性 元 生 滅 因 果 今 殊 感 云 何 獲 圓 通 
X13n0285_006:0321a07	此中地性水性等且指迷情所計堅為地性濕為	此 中 地 性 水 性 等 且 指 迷 情 所 計 堅 為 地 性 濕 為 
X13n0285_006:0321a08	水性乃至分別為識性非是如來藏之真性也文	水 性 乃 至 分 別 為 識 性 非 是 如 來 藏 之 真 性 也 文 
X13n0285_006:0321a09	並易知諸行是無常等者言初心若依根大念佛	並 易 知 諸 行 是 無 常 等 者 言 初 心 若 依 根 大 念 佛 
X13n0285_006:0321a10	既未拔除結根則六根秪屬有為諸行體是無常	既 未 拔 除 結 根 則 六 根 秪 屬 有 為 諸 行 體 是 無 常 
X13n0285_006:0321a11	而能念之性亦元生滅此則生滅為因難感不生	而 能 念 之 性 亦 元 生 滅 此 則 生 滅 為 因 難 感 不 生 
X13n0285_006:0321a12	滅果故名殊感云何得同勢至妙三昧耶。二顯	滅 果 故 名 殊 感 云 何 得 同 勢 至 妙 三 昧 耶 二 顯 
X13n0285_006:0321a13	是七初泛明此土入道所宜二的明離苦得樂人	是 七 初 泛 明 此 土 入 道 所 宜 二 的 明 離 苦 得 樂 人 
X13n0285_006:0321a14	法三正明觀音所修法門四誨勅當機諦聽學行	法 三 正 明 觀 音 所 修 法 門 四 誨 勅 當 機 諦 聽 學 行 
X13n0285_006:0321a15	五歎美法勝以寓勸修六述成佛意結示簡選七	五 歎 美 法 勝 以 寓 勸 修 六 述 成 佛 意 結 示 簡 選 七 
X13n0285_006:0321a16	頂禮請加以明真實。今初。	頂 禮 請 加 以 明 真 實 今 初 
X13n0285_006:0321a17	我今白世尊佛出娑婆界此方真教體清淨在音聞	我 今 白 世 尊 佛 出 娑 婆 界 此 方 真 教 體 清 淨 在 音 聞 
X13n0285_006:0321a18	欲取三摩提實以聞中入。	欲 取 三 摩 提 實 以 聞 中 入 
X13n0285_006:0321a19	娑婆此云堪忍三千世界之總名也他方佛土諸	娑 婆 此 云 堪 忍 三千世界 之 總 名 也 他 方 佛 土 諸 
X13n0285_006:0321a20	根利鈍各有不同隨其機宜六塵並為教體此方	根 利 鈍 各 有 不 同 隨 其 機 宜 六 塵 並 為 教 體 此 方 
X13n0285_006:0321a21	偏用三塵若黃卷赤牘則色塵為教體聞法得悟	偏 用 三 塵 若 黃 卷 赤 牘 則 色 塵 為 教 體 聞 法 得 悟 
X13n0285_006:0321a22	則音聲為教體歷法觀察則法塵為教體今約佛	則 音 聲 為 教 體 歷 法 觀 察 則 法 塵 為 教 體 今 約 佛 
X13n0285_006:0321a23	世聞音獲證者多兼以末世亦從語言指示得悟	世 聞 音 獲 證 者 多 兼 以 末 世 亦 從 語 言 指 示 得 悟 
X13n0285_006:0321a24	者眾故云此方真教體清淨在音聞也。二的明	者 眾 故 云 此 方 真 教 體 清 淨 在 音 聞 也 二 的 明 
X13n0285_006:0321b01	離苦得樂人法。	離 苦 得 樂 人 法 
X13n0285_006:0321b02	離苦得解脫良哉觀世音於恒沙劫中入微塵佛國	離 苦 得 解 脫 良 哉 觀 世 音 於 恒 沙 劫 中 入 微 塵 佛 國 
X13n0285_006:0321b03	得大自在力無畏施眾生妙音觀世音梵音海潮音	得 大 自 在 力 無 畏 施 眾 生 妙 音 觀 世 音 梵 音 海 潮 音 
X13n0285_006:0321b04	救世悉安寧出世獲常住。	救 世 悉 安 寧 出 世 獲 常 住 
X13n0285_006:0321b05	離苦者離九界五濁之苦得解脫者得佛界法性	離 苦 者 離 九 界 五 濁 之 苦 得 解 脫 者 得 佛 界 法 性 
X13n0285_006:0321b06	五陰真解脫樂此自利成就也恒沙劫則豎窮三	五 陰 真 解 脫 樂 此 自 利 成 就 也 恒 沙 劫 則 豎 窮 三 
X13n0285_006:0321b07	際微塵國則橫徧十方以大自在普施無畏此利	際 微 塵 國 則 橫 徧 十 方 以 大 自 在 普 施 無 畏 此 利 
X13n0285_006:0321b08	他成就也悟一切音皆如來藏所謂隨緣不變名	他 成 就 也 悟 一 切 音 皆 如 來 藏 所 謂 隨 緣 不 變 名 
X13n0285_006:0321b09	為妙音悟如來藏性音真空性空真音清淨本然	為 妙 音 悟 如 來 藏 性 音 真 空 性 空 真 音 清 淨 本 然 
X13n0285_006:0321b10	周徧法界隨眾生心應所知量循業發現故有十	周 徧 法 界 隨 眾 生 心 應 所 知 量 循 業 發 現 故 有 十 
X13n0285_006:0321b11	界依正音聲差別所謂不變隨緣名觀世音此二	界 依 正 音 聲 差 別 所 謂 不 變 隨 緣 名 觀 世 音 此 二 
X13n0285_006:0321b12	亦約自行所說妙法契理清淨名為梵音所說妙	亦 約 自 行 所 說 妙 法 契 理 清 淨 名 為 梵 音 所 說 妙 
X13n0285_006:0321b13	法善應羣機不失其時名海潮音此二亦約化他	法 善 應 羣 機 不 失 其 時 名 海 潮 音 此 二 亦 約 化 他 
X13n0285_006:0321b14	救世悉安寧結成利他功德出世獲常住結成自	救 世 悉 安 寧 結 成 利 他 功 德 出 世 獲 常 住 結 成 自 
X13n0285_006:0321b15	利功德也。三正明觀音所修法門。	利 功 德 也 三 正 明 觀 音 所 修 法 門 
X13n0285_006:0321b16	我今啟如來如觀音所說譬如人靜居十方俱擊鼓	我 今 啟 如 來 如 觀 音 所 說 譬 如 人 靜 居 十 方 俱 擊 鼓 
X13n0285_006:0321b17	十處一時聞此則圓真實目非觀障外口鼻亦復然	十 處 一 時 聞 此 則 圓 真 實 目 非 觀 障 外 口 鼻 亦 復 然 
X13n0285_006:0321b18	(此句宜在下)身以合方知(此句宜在上)心念紛無緒隔垣聽音	 此 句 宜 在 下 身 以 合 方 知 此 句 宜 在 上 心 念 紛 無 緒 隔 垣 聽 音 
X13n0285_006:0321b19	響遐邇俱可聞五根所不齊是則通真實音聲性動	響 遐 邇 俱 可 聞 五 根 所 不 齊 是 則 通 真 實 音 聲 性 動 
X13n0285_006:0321b20	靜聞中為有無無聲號無聞非實聞無性聲無既無	靜 聞 中 為 有 無 無 聲 號 無 聞 非 實 聞 無 性 聲 無 既 無 
X13n0285_006:0321b21	滅聲有亦非生生滅二圓離是則常真實縱令在夢	滅 聲 有 亦 非 生 生 滅 二 圓 離 是 則 常 真 實 縱 令 在 夢 
X13n0285_006:0321b22	想不為不思無覺觀出思惟身心不能及。	想 不 為 不 思 無 覺 觀 出 思 惟 身 心 不 能 及 
X13n0285_006:0321b23	此言初心之人即可從耳門悟圓通常三德所以	此 言 初 心 之 人 即 可 從 耳 門 悟 圓 通 常 三 德 所 以 
X13n0285_006:0321b24	的被羣機也如觀音所說者言觀音所說耳根法	的 被 羣 機 也 如 觀 音 所 說 者 言 觀 音 所 說 耳 根 法 
X13n0285_006:0321c01	爾具此圓通常三真實義非必觀音口自說也譬	爾 具 此 圓 通 常 三 真 實 義 非 必 觀 音 口 自 說 也 譬 
X13n0285_006:0321c02	如者舉例之辭非是設喻直就現量為論非是比	如 者 舉 例 之 辭 非 是 設 喻 直 就 現 量 為 論 非 是 比 
X13n0285_006:0321c03	量正所謂昏迷倒惑其理自存者也圓則量無不	量 正 所 謂 昏 迷 倒 惑 其 理 自 存 者 也 圓 則 量 無 不 
X13n0285_006:0321c04	周是般若德通則具無礙用是解脫德常則體性	周 是 般 若 德 通 則 具 無 礙 用 是 解 脫 德 常 則 體 性 
X13n0285_006:0321c05	不變是法身德又三德皆圓皆通皆常具如前釋。	不 變 是 法 身 德 又 三 德 皆 圓 皆 通 皆 常 具 如 前 釋 
X13n0285_006:0321c06	四誨敕當機諦聽學行又三初示其合機二勸	四 誨 敕 當 機 諦 聽 學 行 又 三 初 示 其 合 機 二 勸 
X13n0285_006:0321c07	其善修三結其真實。今初。	其 善 修 三 結 其 真 實 今 初 
X13n0285_006:0321c08	今此娑婆國聲論得宣明眾生迷本聞循聲故流轉	今 此 娑 婆 國 聲 論 得 宣 明 眾 生 迷 本 聞 循 聲 故 流 轉 
X13n0285_006:0321c09	阿難縱強記不免落邪思豈非隨所淪旋流獲無妄。	阿 難 縱 強 記 不 免 落 邪 思 豈 非 隨 所 淪 旋 流 獲 無 妄 
X13n0285_006:0321c10	妄謂緣心聽法即是邪思以緣心但是所聽法音	妄 謂 緣 心 聽 法 即 是 邪 思 以 緣 心 但 是 所 聽 法 音 
X13n0285_006:0321c11	影子決非真能聽法之本聞故也豈非隨妄所而	影 子 決 非 真 能 聽 法 之 本 聞 故 也 豈 非 隨 妄 所 而 
X13n0285_006:0321c12	沉淪若能旋流而悟其本聞則便獲無妄矣。二	沉 淪 若 能 旋 流 而 悟 其 本 聞 則 便 獲 無 妄 矣 二 
X13n0285_006:0321c13	觀其善修。	觀 其 善 修 
X13n0285_006:0321c14	阿難汝諦聽我承佛威力宣說金剛王如幻不思議	阿 難 汝 諦 聽 我 承 佛 威 力 宣 說 金 剛 王 如 幻 不 思 議 
X13n0285_006:0321c15	佛母真三昧汝聞微塵佛一切祕密門欲漏不先除	佛 母 真 三 昧 汝 聞 微 塵 佛 一 切 祕 密 門 欲 漏 不 先 除 
X13n0285_006:0321c16	畜聞成過誤將聞持佛佛何不自聞聞聞非自然生	畜 聞 成 過 誤 將 聞 持 佛 佛 何 不 自 聞 聞 聞 非 自 然 生 
X13n0285_006:0321c17	因聲有名字旋聞與聲脫能脫欲誰名一根既返源	因 聲 有 名 字 旋 聞 與 聲 脫 能 脫 欲 誰 名 一 根 既 返 源 
X13n0285_006:0321c18	六根成解脫見聞如幻翳三界若空華聞復翳根除	六 根 成 解 脫 見 聞 如 幻 翳 三 界 若 空 華 聞 復 翳 根 除 
X13n0285_006:0321c19	塵銷覺圓淨淨極光通達寂照含虗空却來觀世間	塵 銷 覺 圓 淨 淨 極 光 通 達 寂 照 含 虗 空 却 來 觀 世 間 
X13n0285_006:0321c20	猶如夢中事摩登伽在夢誰能留汝形如世巧幻師	猶 如 夢 中 事 摩 登 伽 在 夢 誰 能 留 汝 形 如 世 巧 幻 師 
X13n0285_006:0321c21	幻作諸男女雖見諸根動要以一機抽息機歸寂然	幻 作 諸 男 女 雖 見 諸 根 動 要 以 一 機 抽 息 機 歸 寂 然 
X13n0285_006:0321c22	諸幻成無性六根亦如是元依一精明分成六和合	諸 幻 成 無 性 六 根 亦 如 是 元 依 一 精 明 分 成 六 和 合 
X13n0285_006:0321c23	一處成休復六用皆不成塵垢應念消成圓明淨妙	一 處 成 休 復 六 用 皆 不 成 塵 垢 應 念 消 成 圓 明 淨 妙 
X13n0285_006:0321c24	餘塵尚諸學明極即如來。	餘 塵 尚 諸 學 明 極 即 如 來 
X13n0285_006:0322a01	金剛王如幻不思議佛母真三昧亦作一句讀之	金 剛 王 如 幻 不 思 議 佛 母 真 三 昧 亦 作 一 句 讀 之 
X13n0285_006:0322a02	破一切惑名金剛王般若德也立一切法名為如	破 一 切 惑 名 金 剛 王 般 若 德 也 立 一 切 法 名 為 如 
X13n0285_006:0322a03	幻解脫德也破立同時名不思議法身德也一切	幻 解 脫 德 也 破 立 同 時 名 不 思 議 法 身 德 也 一 切 
X13n0285_006:0322a04	諸佛皆從此三昧出故名佛母真三昧六根攀緣	諸 佛 皆 從 此 三 昧 出 故 名 佛 母 真 三 昧 六 根 攀 緣 
X13n0285_006:0322a05	六塵總名欲漏今以耳緣法音即是欲漏以此聞	六 塵 總 名 欲 漏 今 以 耳 緣 法 音 即 是 欲 漏 以 此 聞 
X13n0285_006:0322a06	為能畜以彼音為所畜能所相黏翻成過誤是故	為 能 畜 以 彼 音 為 所 畜 能 所 相 黏 翻 成 過 誤 是 故 
X13n0285_006:0322a07	將此聞根以持佛所說之佛法何不自反聞其聞	將 此 聞 根 以 持 佛 所 說 之 佛 法 何 不 自 反 聞 其 聞 
X13n0285_006:0322a08	性乎夫聞根非自然生乃因聲而有名字若旋其	性 乎 夫 聞 根 非 自 然 生 乃 因 聲 而 有 名 字 若 旋 其 
X13n0285_006:0322a09	聞機與聲塵脫既能脫彼聲塵更欲以誰名聞根	聞 機 與 聲 塵 脫 既 能 脫 彼 聲 塵 更 欲 以 誰 名 聞 根 
X13n0285_006:0322a10	耶此一耳根既返其源則六根皆成解脫由此見	耶 此 一 耳 根 既 返 其 源 則 六 根 皆 成 解 脫 由 此 見 
X13n0285_006:0322a11	聞諸根皆如幻翳三界塵相總若空華聞性既復	聞 諸 根 皆 如 幻 翳 三 界 塵 相 總 若 空 華 聞 性 既 復 
X13n0285_006:0322a12	翳根已除塵相全銷覺體圓淨矣餘文可知幻師	翳 根 已 除 塵 相 全 銷 覺 體 圓 淨 矣 餘 文 可 知 幻 師 
X13n0285_006:0322a13	喻無明幻力一機抽喻一精明黏妄發光也圓明	喻 無 明 幻 力 一 機 抽 喻 一 精 明 黏 妄 發 光 也 圓 明 
X13n0285_006:0322a14	是般若淨是解脫妙是法身餘塵指微細無明如	是 般 若 淨 是 解 脫 妙 是 法 身 餘 塵 指 微 細 無 明 如 
X13n0285_006:0322a15	來指妙覺極果。三結其真實。	來 指 妙 覺 極 果 三 結 其 真 實 
X13n0285_006:0322a16	大眾及阿難旋汝倒聞機反聞聞自性性成無上道	大 眾 及 阿 難 旋 汝 倒 聞 機 反 聞 聞 自 性 性 成 無 上 道 
X13n0285_006:0322a17	圓通實如是。	圓 通 實 如 是 
X13n0285_006:0322a18	言真實圓通別無他法但旋轉汝循聲倒聞之妄	言 真 實 圓 通 別 無 他 法 但 旋 轉 汝 循 聲 倒 聞 之 妄 
X13n0285_006:0322a19	機反而聞此聞之自性但得見性即成無上道矣。	機 反 而 聞 此 聞 之 自 性 但 得 見 性 即 成 無 上 道 矣 
X13n0285_006:0322a20	五歎美法勝以寓勸修。	五 歎 美 法 勝 以 寓 勸 修 
X13n0285_006:0322a21	此是微塵佛一路涅槃門過去諸如來斯門已成就	此 是 微 塵 佛 一 路 涅 槃 門 過 去 諸 如 來 斯 門 已 成 就 
X13n0285_006:0322a22	現在諸菩薩今各入圓明未來修學人當依如是法	現 在 諸 菩 薩 今 各 入 圓 明 未 來 修 學 人 當 依 如 是 法 
X13n0285_006:0322a23	我亦從中證非唯觀世音。	我 亦 從 中 證 非 唯 觀 世 音 
X13n0285_006:0322a24	須知此中含有二義一約初機一門深入則耳根	須 知 此 中 含 有 二 義 一 約 初 機 一 門 深 入 則 耳 根 
X13n0285_006:0322b01	圓通不但觀音為然十方三世從此耳門入道者	圓 通 不 但 觀 音 為 然 十 方 三 世 從 此 耳 門 入 道 者 
X13n0285_006:0322b02	誠復眾多此則單就此一法門亦自豎窮橫徧也	誠 復 眾 多 此 則 單 就 此 一 法 門 亦 自 豎 窮 橫 徧 也 
X13n0285_006:0322b03	二約究竟圓通常性則耳根圓通即是二十五種	二 約 究 竟 圓 通 常 性 則 耳 根 圓 通 即 是 二 十 五 種 
X13n0285_006:0322b04	圓通其餘一切圓通乃至十方三世種種法門皆	圓 通 其 餘 一 切 圓 通 乃 至 十 方 三 世 種種法門 皆 
X13n0285_006:0322b05	可名為耳根圓通此則一門一切門一切門一門	可 名 為 耳 根 圓 通 此 則 一 門 一 切 門 一 切 門 一 門 
X13n0285_006:0322b06	故云一路涅槃門也不達此旨謂二十四聖尚在	故 云 一 路 涅 槃 門 也 不 達 此 旨 謂 二 十 四 聖 尚 在 
X13n0285_006:0322b07	門外可乎謂二十四聖更有岐路可乎。六述成	門 外 可 乎 謂 二 十 四 聖 更 有 岐 路 可 乎 六 述 成 
X13n0285_006:0322b08	佛意結示簡選。	佛 意 結 示 簡 選 
X13n0285_006:0322b09	誠如佛世尊詢我諸方便以救諸末劫求出世間人	誠 如 佛 世 尊 詢 我 諸 方 便 以 救 諸 末 劫 求 出 世 間 人 
X13n0285_006:0322b10	成就涅槃心觀世音為最自餘諸方便皆是佛威神	成 就 涅 槃 心 觀 世 音 為 最 自 餘 諸 方 便 皆 是 佛 威 神 
X13n0285_006:0322b11	(使其)即事(以)捨塵勞非是(此方眾生)長(時)修學淺深同說(之)	 使 其 即 事 以 捨 塵 勞 非 是 此 方 眾 生 長 時 修 學 淺 深 同 說 之 
X13n0285_006:0322b12	法(也)。	法 也 
X13n0285_006:0322b13	即事捨塵勞猶所云就路還家也餘門圓通深位	即 事 捨 塵 勞 猶 所 云 就 路 還 家 也 餘 門 圓 通 深 位 
X13n0285_006:0322b14	方達淺位不知但能被於一種夙根成就之人不	方 達 淺 位 不 知 但 能 被 於 一 種 夙 根 成 就 之 人 不 
X13n0285_006:0322b15	能三根普被惟此耳根圓通普被三根而妙尤在	能 三 根 普 被 惟 此 耳 根 圓 通 普 被 三 根 而 妙 尤 在 
X13n0285_006:0322b16	巧被下根也。七頂禮請加以明真實。	巧 被 下 根 也 七 頂 禮 請 加 以 明 真 實 
X13n0285_006:0322b17	頂禮如來藏無漏不思議願加被未來於此門無惑	頂 禮 如 來 藏 無 漏 不 思 議 願 加 被 未 來 於 此 門 無 惑 
X13n0285_006:0322b18	方便易成就堪以教阿難及末劫沉淪但以此根修	方 便 易 成 就 堪 以 教 阿 難 及 末 劫 沉 淪 但 以 此 根 修 
X13n0285_006:0322b19	圓通超餘者真實心如是。	圓 通 超 餘 者 真 實 心 如 是 
X13n0285_006:0322b20	如來藏者自性清淨之理體也無漏不思議者究	如 來 藏 者 自 性 清 淨 之 理 體 也 無 漏 不 思 議 者 究 
X13n0285_006:0322b21	竟圓證之智果也理名法寶智名佛僧即是一體	竟 圓 證 之 智 果 也 理 名 法 寶 智 名 佛 僧 即 是 一 體 
X13n0285_006:0322b22	三寶義也真實心如是言真實心要不過如是也。	三 寶 義 也 真 實 心 如 是 言 真 實 心 要 不 過 如 是 也 
X13n0285_006:0322b23	三時眾獲益。	三 時 眾 獲 益 
X13n0285_006:0322b24	於是阿難及諸大眾身心了然得大開示觀佛菩提	於 是 阿 難 及 諸 大 眾 身 心 了 然 得 大 開 示 觀 佛 菩 提 
X13n0285_006:0322c01	及大涅槃猶如有人因事遠遊未得歸還明了其家	及 大 涅 槃 猶 如 有 人 因 事 遠 遊 未 得 歸 還 明 了 其 家 
X13n0285_006:0322c02	所歸道路普會大眾天龍八部有學二乘及諸一切	所 歸 道 路 普 會 大 眾 天 龍 八 部 有 學 二 乘 及 諸 一 切 
X13n0285_006:0322c03	新發心菩薩其數凡有十恒河沙皆得本心遠塵離	新 發 心 菩 薩 其 數 凡 有 十 恒 河 沙 皆 得 本 心 遠 塵 離 
X13n0285_006:0322c04	垢獲法眼淨性比丘尼聞說偈已成阿羅漢無量眾	垢 獲 法 眼 淨 性 比 丘 尼 聞 說 偈 已 成 阿 羅 漢 無 量 眾 
X13n0285_006:0322c05	生皆發無等等阿耨多羅三藐三菩提心。	生 皆 發 無 等 等 阿耨多羅三藐三菩提 心 
X13n0285_006:0322c06	現前一念聞性本圓本通本常圓即實智菩提通	現 前 一 念 聞 性 本 圓 本 通 本 常 圓 即 實 智 菩 提 通 
X13n0285_006:0322c07	即方便菩提常即真性菩提圓即圓淨涅槃通即	即 方 便 菩 提 常 即 真 性 菩 提 圓 即 圓 淨 涅 槃 通 即 
X13n0285_006:0322c08	方便淨涅槃常即性淨涅槃則有理即菩提涅槃	方 便 淨 涅 槃 常 即 性 淨 涅 槃 則 有 理 即 菩 提 涅 槃 
X13n0285_006:0322c09	乃至究竟菩提涅槃即而常六故言未得歸還六	乃 至 究 竟 菩 提 涅 槃 即 而 常 六 故 言 未 得 歸 還 六 
X13n0285_006:0322c10	而常即則步步踏著故鄉道路矣得本心者達此	而 常 即 則 步 步 踏 著 故 鄉 道 路 矣 得 本 心 者 達 此 
X13n0285_006:0322c11	現前一念之本體也遠想相之妄塵離識情之虗	現 前 一 念 之 本 體 也 遠 想 相 之 妄 塵 離 識 情 之 虗 
X13n0285_006:0322c12	垢故云獲法眼淨此是如來正法眼藏非次第五	垢 故 云 獲 法 眼 淨 此 是 如 來 正 法 眼 藏 非 次 第 五 
X13n0285_006:0322c13	眼中之法眼也性尼聞偈成阿羅漢所謂於大教	眼 中 之 法 眼 也 性 尼 聞 偈 成 阿 羅 漢 所 謂 於 大 教 
X13n0285_006:0322c14	中得小益正為菩薩旁為二乘部在方等明矣發	中 得 小 益 正 為 菩 薩 旁 為 二 乘 部 在 方 等 明 矣 發 
X13n0285_006:0322c15	無等等心者無法可等此心心能等一切法此則	無 等 等 心 者 無 法 可 等 此 心 心 能 等 一 切 法 此 則 
X13n0285_006:0322c16	創聞圓理或是觀行發心或是名字發心也初為	創 聞 圓 理 或 是 觀 行 發 心 或 是 名 字 發 心 也 初 為 
X13n0285_006:0322c17	當機示圓通本根竟。二為末世示道場方法三	當 機 示 圓 通 本 根 竟 二 為 末 世 示 道 場 方 法 三 
X13n0285_006:0322c18	初陳請二讚許三宣說。今初。	初 陳 請 二 讚 許 三 宣 說 今 初 
X13n0285_006:0322c19	阿難整衣服於大眾中合掌頂禮心迹圓明悲欣交	阿 難 整 衣 服 於 大 眾 中 合 掌 頂 禮 心 迹 圓 明 悲 欣 交 
X13n0285_006:0322c20	集欲益未來諸眾生故稽首白佛大悲世尊我今已	集 欲 益 未 來 諸 眾 生 故 稽 首 白 佛 大 悲 世 尊 我 今 已 
X13n0285_006:0322c21	悟成佛法門是中修行得無疑惑常聞如來說如是	悟 成 佛 法 門 是 中 修 行 得 無 疑 惑 常 聞 如 來 說 如 是 
X13n0285_006:0322c22	言自未得度先度人者菩薩發心自覺已圓能覺他	言 自 未 得 度 先 度 人 者 菩 薩 發 心 自 覺 已 圓 能 覺 他 
X13n0285_006:0322c23	者如來應世我雖未度願度末劫一切眾生世尊此	者 如 來 應 世 我 雖 未 度 願 度 末 劫 一 切 眾 生 世 尊 此 
X13n0285_006:0322c24	諸眾生去佛漸遠邪師說法如恒河沙欲攝其心入	諸 眾 生 去 佛 漸 遠 邪 師 說 法 如 恒 河 沙 欲 攝 其 心 入 
X13n0285_006:0323a01	三摩地云何令其安立道場遠諸魔事於菩提心得	三 摩 地 云 何 令 其 安 立 道 場 遠 諸 魔 事 於 菩 提 心 得 
X13n0285_006:0323a02	無退屈。	無 退 屈 
X13n0285_006:0323a03	幽溪云心者涅槃妙心迹者所明道路吳興云悲	幽 溪 云 心 者 涅 槃 妙 心 迹 者 所 明 道 路 吳 興 云 悲 
X13n0285_006:0323a04	者悲昔不聞欣者欣今得悟又念未來眾生未悟	者 悲 昔 不 聞 欣 者 欣 今 得 悟 又 念 未 來 眾 生 未 悟 
X13n0285_006:0323a05	故悲觀現前大眾得益故欣。二讚許。	故 悲 觀 現 前 大 眾 得 益 故 欣 二 讚 許 
X13n0285_006:0323a06	爾時世尊於大眾中稱讚阿難善哉善哉如汝所問	爾 時 世 尊 於 大 眾 中 稱 讚 阿 難 善哉善哉 如 汝 所 問 
X13n0285_006:0323a07	安立道場救獲眾生末劫沉溺汝今諦聽當為汝說	安 立 道 場 救 獲 眾 生 末 劫 沉 溺 汝 今 諦 聽 當 為 汝 說 
X13n0285_006:0323a08	阿難大眾唯然奉教。	阿 難 大 眾 唯 然 奉 教 
X13n0285_006:0323a09	下逗末劫修道之機上合如來欲說之旨故再稱	下 逗 末 劫 修 道 之 機 上 合 如 來 欲 說 之 旨 故 再 稱 
X13n0285_006:0323a10	善也。三宣說二初明根本戒法二明誦呪治習。	善 也 三 宣 說 二 初 明 根 本 戒 法 二 明 誦 呪 治 習 
X13n0285_006:0323a11	初中二初總顯三學以戒為本二別示四重以	初 中 二 初 總 顯 三 學 以 戒 為 本 二 別 示 四 重 以 
X13n0285_006:0323a12	彰無漏。今初。	彰 無 漏 今 初 
X13n0285_006:0323a13	佛告阿難汝常聞我毗奈耶中宣說修行三決定義	佛 告 阿 難 汝 常 聞 我 毗 奈 耶 中 宣 說 修 行 三 決 定 義 
X13n0285_006:0323a14	所謂攝心為戒因戒生定因定發慧是則名為三無	所 謂 攝 心 為 戒 因 戒 生 定 因 定 發 慧 是 則 名 為 三 無 
X13n0285_006:0323a15	漏學。	漏 學 
X13n0285_006:0323a16	毗奈耶亦云毗尼即律藏也攝心為戒者為字訓	毗 奈 耶 亦 云 毗 尼 即 律 藏 也 攝 心 為 戒 者 為 字 訓 
X13n0285_006:0323a17	作由字言欲攝其心必由持戒也若非以戒攝心	作 由 字 言 欲 攝 其 心 必 由 持 戒 也 若 非 以 戒 攝 心 
X13n0285_006:0323a18	何由甄別邪正又必攝心方可名戒正顯持犯不	何 由 甄 別 邪 正 又 必 攝 心 方 可 名 戒 正 顯 持 犯 不 
X13n0285_006:0323a19	但束身而已由此波羅提木叉戒以攝其心然後	但 束 身 而 已 由 此 波羅提木叉 戒 以 攝 其 心 然 後 
X13n0285_006:0323a20	生定發慧斯則名為三無漏學若無此戒縱有禪	生 定 發 慧 斯 則 名 為 三 無 漏 學 若 無 此 戒 縱 有 禪 
X13n0285_006:0323a21	定多智現前必落魔邪成有漏矣問曰攝心為戒	定 多 智 現 前 必 落 魔 邪 成 有 漏 矣 問 曰 攝 心 為 戒 
X13n0285_006:0323a22	攝真心耶攝妄心耶若攝妄心妄本無體云何可	攝 真 心 耶 攝 妄 心 耶 若 攝 妄 心 妄 本 無 體 云 何 可 
X13n0285_006:0323a23	攝若攝真心真何用攝又戒法雖一歷四教觀慧	攝 若 攝 真 心 真 何 用 攝 又 戒 法 雖 一 歷 四 教 觀 慧 
X13n0285_006:0323a24	則有四別未審如何攝心方成圓戒若云戒即無	則 有 四 別 未 審 如 何 攝 心 方 成 圓 戒 若 云 戒 即 無 
X13n0285_006:0323b01	漏則凡夫持戒報在人天者亦可稱無漏否若成	漏 則 凡 夫 持 戒 報 在 人 天 者 亦 可 稱 無 漏 否 若 成 
X13n0285_006:0323b02	有漏還得名淨戒否答曰真心妄心元非二體隨	有 漏 還 得 名 淨 戒 否 答 曰 真 心 妄 心 元 非 二 體 隨 
X13n0285_006:0323b03	染緣則全真成妄如水成氷隨淨緣則全妄歸真	染 緣 則 全 真 成 妄 如 水 成 氷 隨 淨 緣 則 全 妄 歸 真 
X13n0285_006:0323b04	如氷成水尅論迷真起妄秪因妄為明覺所謂知	如 氷 成 水 尅 論 迷 真 起 妄 秪 因 妄 為 明 覺 所 謂 知 
X13n0285_006:0323b05	見立知過在立字亦即自心取自心之取字認悟	見 立 知 過 在 立 字 亦 即 自 心 取 自 心 之 取 字 認 悟 
X13n0285_006:0323b06	中迷之認字尅論反妄歸真秪貴不隨分別三種	中 迷 之 認 字 尅 論 反 妄 歸 真 秪 貴 不 隨 分 別 三 種 
X13n0285_006:0323b07	相續所謂知見無見功在無字亦即不取無非幻	相 續 所 謂 知 見 無 見 功 在 無 字 亦 即 不 取 無 非 幻 
X13n0285_006:0323b08	之不取二字棄生滅守真常之守字脫黏內伏之	之 不 取 二 字 棄 生 滅 守 真 常 之 守 字 脫 黏 內 伏 之 
X13n0285_006:0323b09	伏字皆與今攝字同也故知不攝則真心便為妄	伏 字 皆 與 今 攝 字 同 也 故 知 不 攝 則 真 心 便 為 妄 
X13n0285_006:0323b10	心能攝則妄心便成真心而攝心妙法無過於戒	心 能 攝 則 妄 心 便 成 真 心 而 攝 心 妙 法 無 過 於 戒 
X13n0285_006:0323b11	念念與妙戒相應則名為攝非謂戒有方隅攝是	念 念 與 妙 戒 相 應 則 名 為 攝 非 謂 戒 有 方 隅 攝 是 
X13n0285_006:0323b12	束縛也如下文云必使婬機身心俱斷斷性亦無	束 縛 也 如 下 文 云 必 使 婬 機 身 心 俱 斷 斷 性 亦 無 
X13n0285_006:0323b13	夫身斷律儀戒也心斷定共戒也斷性亦無道共	夫 身 斷 律 儀 戒 也 心 斷 定 共 戒 也 斷 性 亦 無 道 共 
X13n0285_006:0323b14	戒也又身心俱斷故不住生死斷性亦無故不住	戒 也 又 身 心 俱 斷 故 不 住 生 死 斷 性 亦 無 故 不 住 
X13n0285_006:0323b15	涅槃又身斷故出生死真諦戒也心斷故遊戲神	涅 槃 又 身 斷 故 出 生 死 真 諦 戒 也 心 斷 故 遊 戲 神 
X13n0285_006:0323b16	通俗諦戒也斷性亦無達殺盜婬妄等性即是佛	通 俗 諦 戒 也 斷 性 亦 無 達 殺 盜 婬 妄 等 性 即 是 佛 
X13n0285_006:0323b17	性無復可斷中道第一義諦戒也經文又云眾生	性 無 復 可 斷 中 道 第一義諦 戒 也 經 文 又 云 眾 生 
X13n0285_006:0323b18	不識本心不得真淨皆由隨順殺盜婬故反此三	不 識 本 心 不 得 真 淨 皆 由 隨 順 殺 盜 婬 故 反 此 三 
X13n0285_006:0323b19	種又則出生無殺盜婬有名鬼倫無名天趣有無	種 又 則 出 生 無 殺 盜 婬 有 名 鬼 倫 無 名 天 趣 有 無 
X13n0285_006:0323b20	相傾起輪迴見若得妙發三摩提者則妙常寂有	相 傾 起 輪 迴 見 若 得 妙 發 三 摩 提 者 則 妙 常 寂 有 
X13n0285_006:0323b21	無二無無二亦滅正與此中身心俱斷斷性亦無	無 二 無 無 二 亦 滅 正 與 此 中 身 心 俱 斷 斷 性 亦 無 
X13n0285_006:0323b22	義同如此方名淨戒方可稱為攝心方是無漏之	義 同 如 此 方 名 淨 戒 方 可 稱 為 攝 心 方 是 無 漏 之 
X13n0285_006:0323b23	學彼以戒善感人天者喻如摩尼博貿一衣一食	學 彼 以 戒 善 感 人 天 者 喻 如 摩 尼 博 貿 一 衣 一 食 
X13n0285_006:0323b24	非法有優劣也故今欲攝心者先備明戒法以為	非 法 有 優 劣 也 故 今 欲 攝 心 者 先 備 明 戒 法 以 為 
X13n0285_006:0323c01	其境次深明觀慧以成其功則庶幾近之矣。二	其 境 次 深 明 觀 慧 以 成 其 功 則 庶 幾 近 之 矣 二 
X13n0285_006:0323c02	別示四重以彰無漏二初牒徵二詳示。今初。	別 示 四 重 以 彰 無 漏 二 初 牒 徵 二 詳 示 今 初 
X13n0285_006:0323c03	阿難云何攝心我名為戒。	阿 難 云 何 攝 心 我 名 為 戒 
X13n0285_006:0323c04	言云何善攝其心與身口一齊清淨我方名為戒	言 云 何 善 攝 其 心 與 身 口 一 齊 清 淨 我 方 名 為 戒 
X13n0285_006:0323c05	耶此正總顯非戒決不能攝心非攝心亦決不名	耶 此 正 總 顯 非 戒 決 不 能 攝 心 非 攝 心 亦 決 不 名 
X13n0285_006:0323c06	戒也。二詳示四初婬戒二殺戒三盜戒四大妄	戒 也 二 詳 示 四 初 婬 戒 二 殺 戒 三 盜 戒 四 大 妄 
X13n0285_006:0323c07	語戒此即比丘四重戒法乃大小乘之根本也。	語 戒 此 即 比 丘 四 重 戒 法 乃 大 小 乘 之 根 本 也 
X13n0285_006:0323c08	初婬戒生死根本欲為第一故首陳之。	初 婬 戒 生 死 根 本 欲 為 第 一 故 首 陳 之 
X13n0285_006:0323c09	若諸世界六道眾生其心不婬則不隨其生死相續	若 諸 世 界 六 道 眾 生 其 心 不 婬 則 不 隨 其 生 死 相 續 
X13n0285_006:0323c10	汝修三昧本出塵勞婬心不除塵不可出縱有多智	汝 修 三 昧 本 出 塵 勞 婬 心 不 除 塵 不 可 出 縱 有 多 智 
X13n0285_006:0323c11	禪定現前如不斷婬必落魔道上品魔王中品魔民	禪 定 現 前 如 不 斷 婬 必 落 魔 道 上 品 魔 王 中 品 魔 民 
X13n0285_006:0323c12	下品魔女彼等諸魔亦有徒眾各各自謂成無上道	下 品 魔 女 彼 等 諸 魔 亦 有 徒 眾 各 各 自 謂 成 無 上 道 
X13n0285_006:0323c13	我滅度後末法之中多此魔民熾盛世間廣行貪婬	我 滅 度 後 末 法 之 中 多 此 魔 民 熾 盛 世 間 廣 行 貪 婬 
X13n0285_006:0323c14	為善知識令諸眾生落愛見坑失菩提路汝教世人	為 善 知 識 令 諸 眾 生 落 愛 見 坑 失 菩 提 路 汝 教 世 人 
X13n0285_006:0323c15	修三摩地先斷心婬是名如來先佛世尊第一決定	修 三 摩 地 先 斷 心 婬 是 名 如 來 先 佛 世 尊 第 一 決 定 
X13n0285_006:0323c16	清淨明誨是故阿難若不斷婬修禪定者如蒸砂石	清 淨 明 誨 是 故 阿 難 若 不 斷 婬 修 禪 定 者 如 蒸 砂 石 
X13n0285_006:0323c17	欲其成飯經百千劫秪名熱砂何以故此非飯本砂	欲 其 成 飯 經 百 千 劫 秪 名 熱 砂 何 以 故 此 非 飯 本 砂 
X13n0285_006:0323c18	石成故汝以婬身求佛妙果縱得妙悟皆是婬根根	石 成 故 汝 以 婬 身 求 佛 妙 果 縱 得 妙 悟 皆 是 婬 根 根 
X13n0285_006:0323c19	本成婬輪轉三塗必不能出如來涅槃何路修證必	本 成 婬 輪 轉 三 塗 必 不 能 出 如 來 涅 槃 何 路 修 證 必 
X13n0285_006:0323c20	使婬機身心俱斷斷性亦無於佛菩提斯可希冀如	使 婬 機 身 心 俱 斷 斷 性 亦 無 於 佛 菩 提 斯 可 希 冀 如 
X13n0285_006:0323c21	我此說名為佛說不如此說即波旬說。	我 此 說 名 為 佛 說 不 如 此 說 即 波 旬 說 
X13n0285_006:0323c22	此言不但執身不婬須是心亦不婬也縱有多智	此 言 不 但 執 身 不 婬 須 是 心 亦 不 婬 也 縱 有 多 智 
X13n0285_006:0323c23	禪定尚為魔侶況無定慧直墜何疑魔侶為善知	禪 定 尚 為 魔 侶 況 無 定 慧 直 墜 何 疑 魔 侶 為 善 知 
X13n0285_006:0323c24	識亦復現慈悲相而不斷婬心則落愛坑妄謂婬	識 亦 復 現 慈 悲 相 而 不 斷 婬 心 則 落 愛 坑 妄 謂 婬 
X13n0285_006:0324a01	不障道則落見坑既墮深坑永違覺路矣夫婬心	不 障 道 則 落 見 坑 既 墮 深 坑 永 違 覺 路 矣 夫 婬 心 
X13n0285_006:0324a02	為生死根本決不與佛果相應如砂石決非飯本	為 生 死 根 本 決 不 與 佛 果 相 應 如 砂 石 決 非 飯 本 
X13n0285_006:0324a03	禪定熏修喻之以蒸不生不滅為本修因然後圓	禪 定 熏 修 喻 之 以 蒸 不生不滅 為 本 修 因 然 後 圓 
X13n0285_006:0324a04	成果地修證喻如蒸米成飯別成魔家邪福喻如	成 果 地 修 證 喻 如 蒸 米 成 飯 別 成 魔 家 邪 福 喻 如 
X13n0285_006:0324a05	蒸砂成熱耳身斷者木叉戒也心斷者禪戒也斷	蒸 砂 成 熱 耳 身 斷 者 木 叉 戒 也 心 斷 者 禪 戒 也 斷 
X13n0285_006:0324a06	性亦無者無漏戒也此入空意也身斷者律儀及	性 亦 無 者 無 漏 戒 也 此 入 空 意 也 身 斷 者 律 儀 及 
X13n0285_006:0324a07	定共也心斷者道共也斷性亦無者涉境而不染	定 共 也 心 斷 者 道 共 也 斷 性 亦 無 者 涉 境 而 不 染 
X13n0285_006:0324a08	也此出段意也身斷者證無漏也心斷者涉境不	也 此 出 段 意 也 身 斷 者 證 無 漏 也 心 斷 者 涉 境 不 
X13n0285_006:0324a09	染也斷性亦無者斷不斷俱寂滅也此中道意也	染 也 斷 性 亦 無 者 斷 不 斷 俱 寂 滅 也 此 中 道 意 也 
X13n0285_006:0324a10	曰婬機者如前偈云雖見諸根動要以一機抽若	曰 婬 機 者 如 前 偈 云 雖 見 諸 根 動 要 以 一 機 抽 若 
X13n0285_006:0324a11	未息機縱能伏斷煩惱不曾永除幻本故須直向	未 息 機 縱 能 伏 斷 煩 惱 不 曾 永 除 幻 本 故 須 直 向 
X13n0285_006:0324a12	機字覰破則斷與不斷二俱寂滅矣。二殺戒。	機 字 覰 破 則 斷 與 不 斷 二 俱 寂 滅 矣 二 殺 戒 
X13n0285_006:0324a13	阿難又諸世界六道眾生其心不殺則不隨其生死	阿 難 又 諸 世 界 六 道 眾 生 其 心 不 殺 則 不 隨 其 生 死 
X13n0285_006:0324a14	相續汝修三昧本出塵勞殺心不除塵不可出縱有	相 續 汝 修 三 昧 本 出 塵 勞 殺 心 不 除 塵 不 可 出 縱 有 
X13n0285_006:0324a15	多智禪定現前如不斷殺必落神道上品之人為大	多 智 禪 定 現 前 如 不 斷 殺 必 落 神 道 上 品 之 人 為 大 
X13n0285_006:0324a16	力鬼中品則為飛行夜叉諸鬼帥等下品當為地行	力 鬼 中 品 則 為 飛 行 夜 叉 諸 鬼 帥 等 下 品 當 為 地 行 
X13n0285_006:0324a17	羅剎彼諸鬼神亦有徒眾各各自謂成無上道我滅	羅 剎 彼 諸 鬼 神 亦 有 徒 眾 各 各 自 謂 成 無 上 道 我 滅 
X13n0285_006:0324a18	度後末法之中多此鬼神熾盛世間自言食肉得菩	度 後 末 法 之 中 多 此 鬼 神 熾 盛 世 間 自 言 食 肉 得 菩 
X13n0285_006:0324a19	提路阿難我令比丘食五淨肉此肉皆我神力化生	提 路 阿 難 我 令 比 丘 食 五 淨 肉 此 肉 皆 我 神 力 化 生 
X13n0285_006:0324a20	本無命根汝婆羅門地多蒸濕加以砂石草菜不生	本 無 命 根 汝 婆 羅 門 地 多 蒸 濕 加 以 砂 石 草 菜 不 生 
X13n0285_006:0324a21	我以大悲神力所加因大慈悲假名為肉汝得其味	我 以 大 悲 神 力 所 加 因 大 慈 悲 假 名 為 肉 汝 得 其 味 
X13n0285_006:0324a22	奈何如來滅度之後食眾生肉名為釋子汝等當知	奈 何 如 來 滅 度 之 後 食 眾 生 肉 名 為 釋 子 汝 等 當 知 
X13n0285_006:0324a23	是食肉人縱得心開似三摩地皆大羅剎報終必沉	是 食 肉 人 縱 得 心 開 似 三 摩 地 皆 大 羅 剎 報 終 必 沉 
X13n0285_006:0324a24	生死苦海非佛弟子如是之人相殺相吞相食未已	生 死 苦 海 非 佛 弟 子 如 是 之 人 相 殺 相 吞 相 食 未 已 
X13n0285_006:0324b01	云何是人得出三界汝教世人修三摩地次斷殺生	云 何 是 人 得 出 三 界 汝 教 世 人 修 三 摩 地 次 斷 殺 生 
X13n0285_006:0324b02	是名如來先佛世尊第二決定清淨明誨是故阿難	是 名 如 來 先 佛 世 尊 第 二 決 定 清 淨 明 誨 是 故 阿 難 
X13n0285_006:0324b03	若不斷殺修禪定者譬如有人自塞其耳高聲大叫	若 不 斷 殺 修 禪 定 者 譬 如 有 人 自 塞 其 耳 高 聲 大 叫 
X13n0285_006:0324b04	求人不聞此等名為欲隱彌露清淨比丘及諸菩薩	求 人 不 聞 此 等 名 為 欲 隱 彌 露 清 淨 比 丘 及 諸 菩 薩 
X13n0285_006:0324b05	於岐路行不蹋生草況以手拔云何大悲取諸眾生	於 岐 路 行 不 蹋 生 草 況 以 手 拔 云 何 大 悲 取 諸 眾 生 
X13n0285_006:0324b06	血肉充食若諸比丘不服東方絲綿絹帛及是此土	血 肉 充 食 若 諸 比 丘 不 服 東 方 絲 綿 絹 帛 及 是 此 土 
X13n0285_006:0324b07	靴履裘毳乳酪醍醐如是比丘於世真脫酬還宿債	靴 履 裘 毳 乳 酪 醍 醐 如 是 比 丘 於 世 真 脫 酬 還 宿 債 
X13n0285_006:0324b08	不遊三界何以故服其身分皆為彼緣如人食其地	不 遊 三 界 何 以 故 服 其 身 分 皆 為 彼 緣 如 人 食 其 地 
X13n0285_006:0324b09	中百糓足不離地必使身心於諸眾生若身身分身	中 百 糓 足 不 離 地 必 使 身 心 於 諸 眾 生 若 身 身 分 身 
X13n0285_006:0324b10	心二塗不服不食我說是人真解脫者如我此說名	心 二 塗 不 服 不 食 我 說 是 人 真 解 脫 者 如 我 此 說 名 
X13n0285_006:0324b11	為佛說不如此說即波旬說。	為 佛 說 不 如 此 說 即 波 旬 說 
X13n0285_006:0324b12	此言非但執身不殺須是心亦不殺也五淨肉者	此 言 非 但 執 身 不 殺 須 是 心 亦 不 殺 也 五 淨 肉 者 
X13n0285_006:0324b13	不見殺不聞殺不疑為己殺自死鳥殘也五天竺	不 見 殺 不 聞 殺 不 疑 為 己 殺 自 死 鳥 殘 也 五 天 竺 
X13n0285_006:0324b14	國悉號為婆羅門是尊姓故問曰佛既具足神力	國 悉 號 為 婆 羅 門 是 尊 姓 故 問 曰 佛 既 具 足 神 力 
X13n0285_006:0324b15	何不化作草菜而乃化作五淨肉耶答曰佛順時	何 不 化 作 草 菜 而 乃 化 作 五 淨 肉 耶 答 曰 佛 順 時 
X13n0285_006:0324b16	宜不立異故此地既本不生草菜而今忽生則人	宜 不 立 異 故 此 地 既 本 不 生 草 菜 而 今 忽 生 則 人 
X13n0285_006:0324b17	將以為怪又復如來滅後設遇草菜不生又將奈	將 以 為 怪 又 復 如來滅後 設 遇 草 菜 不 生 又 將 奈 
X13n0285_006:0324b18	何是故佛及比丘遇世饑荒目連請願番取地味	何 是 故 佛 及 比 丘 遇 世 饑 荒 目 連 請 願 番 取 地 味 
X13n0285_006:0324b19	及取北洲自然粳等佛皆不許而云後世無目連	及 取 北 洲 自 然 粳 等 佛 皆 不 許 而 云 後 世 無 目 連 
X13n0285_006:0324b20	時又將奈何當知佛法可傳可繼為若此也妄謂	時 又 將 奈 何 當 知 佛 法 可 傳 可 繼 為 若 此 也 妄 謂 
X13n0285_006:0324b21	殺生食肉無有罪報如自塞其耳殺彼生命如高	殺 生 食 肉 無 有 罪 報 如 自 塞 其 耳 殺 彼 生 命 如 高 
X13n0285_006:0324b22	聲大叫求其不聞不可得也修禪欲出生死故名	聲 大 叫 求 其 不 聞 不 可 得 也 修 禪 欲 出 生 死 故 名 
X13n0285_006:0324b23	欲隱殺生連仇結福故名彌露服有二種一者衣	欲 隱 殺 生 連 仇 結 福 故 名 彌 露 服 有 二 種 一 者 衣 
X13n0285_006:0324b24	服二者服食絲絹綿帛靴履裘毳衣服之服也乳	服 二 者 服 食 絲 絹 綿 帛 靴 履 裘 毳 衣 服 之 服 也 乳 
X13n0285_006:0324c01	酪醍醐服食之服也然此中雖一概遮止而准諸	酪 醍 醐 服 食 之 服 也 然 此 中 雖 一 概 遮 止 而 准 諸 
X13n0285_006:0324c02	經律不無分別若絲綿絹帛大小二乘並皆嚴禁	經 律 不 無 分 別 若 絲 綿 絹 帛 大 小 二 乘 並 皆 嚴 禁 
X13n0285_006:0324c03	以其由此害多命故若靴履裘毳小乘一向聽許	以 其 由 此 害 多 命 故 若 靴 履 裘 毳 小 乘 一 向 聽 許 
X13n0285_006:0324c04	大乘亦不全遮以其非專為此而害命故若乳酪	大 乘 亦 不 全 遮 以 其 非 專 為 此 而 害 命 故 若 乳 酪 
X13n0285_006:0324c05	醍醐大小並許乃至大涅槃經仍復開聽此經亦	醍 醐 大 小 並 許 乃 至 大 涅 槃 經 仍 復 開 聽 此 經 亦 
X13n0285_006:0324c06	云汝常二時眾中持鉢其間或遇乳酪醍醐名為	云 汝 常 二 時 眾 中 持 鉢 其 間 或 遇 乳 酪 醍 醐 名 為 
X13n0285_006:0324c07	上味後文壇場儀式又仍用此供享三寶以其但	上 味 後 文 壇 場 儀 式 又 仍 用 此 供 享 三 寶 以 其 但 
X13n0285_006:0324c08	分餘潤不害命故今云不服則是充類至盡之意	分 餘 潤 不 害 命 故 今 云 不 服 則 是 充 類 至 盡 之 意 
X13n0285_006:0324c09	言能不服則彌善耳如人食其地中等者劫初之	言 能 不 服 則 彌 善 耳 如 人 食 其 地 中 等 者 劫 初 之 
X13n0285_006:0324c10	人身能飛行由食地味及自然粳足不離地以喻	人 身 能 飛 行 由 食 地 味 及 自 然 粳 足 不 離 地 以 喻 
X13n0285_006:0324c11	服彼眾生身分不能永離眾生之種類也身者血	服 彼 眾 生 身 分 不 能 永 離 眾 生 之 種 類 也 身 者 血 
X13n0285_006:0324c12	肉之類身分者皮毛等物身既不服其身分不食	肉 之 類 身 分 者 皮 毛 等 物 身 既 不 服 其 身 分 不 食 
X13n0285_006:0324c13	其身肉心又永無貪求服食之想豈非真解脫者	其 身 肉 心 又 永 無 貪 求 服 食 之 想 豈 非 真 解 脫 者 
X13n0285_006:0324c14	問曰小乘求出生死何故反許五淨及靴履等大	問 曰 小 乘 求 出 生 死 何 故 反 許 五 淨 及 靴 履 等 大 
X13n0285_006:0324c15	乘度生為務何反嚴遮答曰小乘但求自度止須	乘 度 生 為 務 何 反 嚴 遮 答 曰 小 乘 但 求 自 度 止 須 
X13n0285_006:0324c16	不造殺業不障出世足矣喻如舉家遠逃之人則	不 造 殺 業 不 障 出 世 足 矣 喻 如 舉 家 遠 逃 之 人 則 
X13n0285_006:0324c17	小債可弗償也大乘須在三界廣化眾生喻如鄉	小 債 可 弗 償 也 大 乘 須 在 三 界 廣 化 眾 生 喻 如 鄉 
X13n0285_006:0324c18	國大姓長者設有分毫負人便有慚色不能自在	國 大 姓 長 者 設 有 分 毫 負 人 便 有 慚 色 不 能 自 在 
X13n0285_006:0324c19	設化矣行菩薩道者思之。三盜戒。	設 化 矣 行菩薩道 者 思 之 三 盜 戒 
X13n0285_006:0324c20	阿難又復世界六道眾生其心不偷則不隨其生死	阿 難 又 復 世 界 六 道 眾 生 其 心 不 偷 則 不 隨 其 生 死 
X13n0285_006:0324c21	相續汝脩三昧本出塵勞偷心不除塵不可出縱有	相 續 汝 脩 三 昧 本 出 塵 勞 偷 心 不 除 塵 不 可 出 縱 有 
X13n0285_006:0324c22	多智禪定現前如不斷偷必落邪道上品精靈中品	多 智 禪 定 現 前 如 不 斷 偷 必 落 邪 道 上 品 精 靈 中 品 
X13n0285_006:0324c23	妖魅下品邪人諸魅所著彼等羣邪亦有徒眾各各	妖 魅 下 品 邪 人 諸 魅 所 著 彼 等 羣 邪 亦 有 徒 眾 各 各 
X13n0285_006:0324c24	自謂成無上道我滅度後末法之中多此妖邪熾盛	自 謂 成 無 上 道 我 滅 度 後 末 法 之 中 多 此 妖 邪 熾 盛 
X13n0285_006:0325a01	世間潛匿姦欺稱善知識各自謂己得上人法詃惑	世 間 潛 匿 姦 欺 稱 善 知 識 各 自 謂 己 得 上 人 法 詃 惑 
X13n0285_006:0325a02	無識恐令失心所過之處其家耗散我教比丘循方	無 識 恐 令 失 心 所 過 之 處 其 家 耗 散 我 教 比 丘 循 方 
X13n0285_006:0325a03	乞食令其捨貪成菩提道諸比丘等不自熟食寄於	乞 食 令 其 捨 貪 成 菩 提 道 諸 比 丘 等 不 自 熟 食 寄 於 
X13n0285_006:0325a04	殘生旅泊三界示一往還去已無返云何賊人假我	殘 生 旅 泊 三 界 示 一 往 還 去 已 無 返 云 何 賊 人 假 我 
X13n0285_006:0325a05	衣服裨販如來造種種(惡)業皆言佛法(應爾)却非(毀)出	衣 服 裨 販 如 來 造 種 種 惡 業 皆 言 佛 法 應 爾 却 非 毀 出 
X13n0285_006:0325a06	家具戒比丘(以)為(是)小乘道由是疑誤無量眾生墮	家 具 戒 比 丘 以 為 是 小 乘 道 由 是 疑 誤 無 量 眾 生 墮 
X13n0285_006:0325a07	無間獄若我滅後其有比丘發心決定修三摩地能	無 間 獄 若 我 滅 後 其 有 比 丘 發 心 決 定 修 三 摩 地 能 
X13n0285_006:0325a08	於如來形像之前身然一燈燒一指節及於身上爇	於 如 來 形 像 之 前 身 然 一 燈 燒 一 指 節 及 於 身 上 爇 
X13n0285_006:0325a09	一香炷我說是人無始宿債一時酬畢長揖世間永	一 香 炷 我 說 是 人 無 始 宿 債 一 時 酬 畢 長 揖 世 間 永 
X13n0285_006:0325a10	脫諸漏雖未即明無上覺路是人於法已決定心若	脫 諸 漏 雖 未 即 明 無 上 覺 路 是 人 於 法 已 決 定 心 若 
X13n0285_006:0325a11	不為此捨身微因縱成無為必還生人酬其宿債如	不 為 此 捨 身 微 因 縱 成 無 為 必 還 生 人 酬 其 宿 債 如 
X13n0285_006:0325a12	我馬麥正等無異汝教世人修三摩地後斷偷盜是	我 馬 麥 正 等 無 異 汝 教 世 人 修 三 摩 地 後 斷 偷 盜 是 
X13n0285_006:0325a13	名如來先佛世尊第三決定清淨明誨是故阿難若	名 如 來 先 佛 世 尊 第 三 決 定 清 淨 明 誨 是 故 阿 難 若 
X13n0285_006:0325a14	不斷偷修禪定者譬如有人水灌漏巵欲求其滿縱	不 斷 偷 修 禪 定 者 譬 如 有 人 水 灌 漏 巵 欲 求 其 滿 縱 
X13n0285_006:0325a15	經塵劫終無平復若諸比丘衣鉢之餘分寸不畜乞	經 塵 劫 終 無 平 復 若 諸 比 丘 衣 鉢 之 餘 分 寸 不 畜 乞 
X13n0285_006:0325a16	食餘分施餓眾生於大集會合掌禮眾有人捶詈同	食 餘 分 施 餓 眾 生 於 大 集 會 合 掌 禮 眾 有 人 捶 詈 同 
X13n0285_006:0325a17	於稱讚必使身心二俱捐捨身肉骨血與眾生共不	於 稱 讚 必 使 身 心 二 俱 捐 捨 身 肉 骨 血 與 眾 生 共 不 
X13n0285_006:0325a18	將如來不了義說迴為己解以誤初學佛印是人得	將 如 來 不了義說 迴 為 己 解 以 誤 初 學 佛 印 是 人 得 
X13n0285_006:0325a19	真三昧如我所說名為佛說不如此說即波旬說。	真 三 昧 如 我 所 說 名 為 佛 說 不 如 此 說 即 波 旬 說 
X13n0285_006:0325a20	此言非但執身不盜須是心亦不偷也邪道者奸	此 言 非 但 執 身 不 盜 須 是 心 亦 不 偷 也 邪 道 者 奸 
X13n0285_006:0325a21	欺之類精靈者盜日月之精氣而為神靈妖魅者	欺 之 類 精 靈 者 盜 日 月 之 精 氣 而 為 神 靈 妖 魅 者 
X13n0285_006:0325a22	盜人精氣為妖魅鬼循方乞食者謂循順方法而	盜 人 精 氣 為 妖 魅 鬼 循 方 乞 食 者 謂 循 順 方 法 而 
X13n0285_006:0325a23	行乞食僧祇律中名為分衛言分施眾僧衛護道	行 乞 食 僧 祇 律 中 名 為 分 衛 言 分 施 眾 僧 衛 護 道 
X13n0285_006:0325a24	力也肇法師云乞食略有四意一為福利眾生二	力 也 肇 法 師 云 乞 食 略 有 四 意 一 為 福 利 眾 生 二 
X13n0285_006:0325b01	為折伏憍慢三為知身有苦四為除去滯著裨販	為 折 伏 憍 慢 三 為 知 身 有 苦 四 為 除 去 滯 著 裨 販 
X13n0285_006:0325b02	如來者裨附佛法貪販利養也身然一燈等者依	如 來 者 裨 附 佛 法 貪 販 利 養 也 身 然 一 燈 等 者 依 
X13n0285_006:0325b03	於身見而起偷心故以捨身微因對治盜業溫陵	於 身 見 而 起 偷 心 故 以 捨 身 微 因 對 治 盜 業 溫 陵 
X13n0285_006:0325b04	云一切難捨無如己身難捨能捨則自餘貪愛決	云 一 切 難 捨 無 如 己 身 難 捨 能 捨 則 自 餘 貪 愛 決 
X13n0285_006:0325b05	能棄捨故曰是人於法已決定心也苟但捨身而	能 棄 捨 故 曰 是 人 於 法 已 決 定 心 也 苟 但 捨 身 而 
X13n0285_006:0325b06	心不決捨則無益於道故下文云必使身心二俱	心 不 決 捨 則 無 益 於 道 故 下 文 云 必 使 身 心 二 俱 
X13n0285_006:0325b07	捐捨如我馬麥等者佛於往世曾詬比丘可食馬	捐 捨 如 我 馬 麥 等 者 佛 於 往 世 曾 詬 比 丘 可 食 馬 
X13n0285_006:0325b08	麥故於毗蘭邑中食麥三月以示宿債必償也禪	麥 故 於 毗 蘭 邑 中 食 麥 三 月 以 示 宿 債 必 償 也 禪 
X13n0285_006:0325b09	定喻水偷心喻如漏巵衣鉢之餘分寸不畜是貪	定 喻 水 偷 心 喻 如 漏 巵 衣 鉢 之 餘 分 寸 不 畜 是 貪 
X13n0285_006:0325b10	心畢捨乞食餘分施餓眾法是慳心畢捨於大集	心 畢 捨 乞 食 餘 分 施 餓 眾 法 是 慳 心 畢 捨 於 大 集 
X13n0285_006:0325b11	會合掌禮眾是畢捨慢心有人捶詈同於稱讚是	會 合 掌 禮 眾 是 畢 捨 慢 心 有 人 捶 詈 同 於 稱 讚 是 
X13n0285_006:0325b12	畢捨瞋心不將如來不了義說等者上文是於依	畢 捨 瞋 心 不 將 如 來 不了義說 等 者 上 文 是 於 依 
X13n0285_006:0325b13	正二報永斷偷心此即於佛法上永斷偷心也謂	正 二 報 永 斷 偷 心 此 即 於 佛 法 上 永 斷 偷 心 也 謂 
X13n0285_006:0325b14	若欲說法利生接引初學必須備討如來大小教	若 欲 說 法 利 生 接 引 初 學 必 須 備 討 如 來 大 小 教 
X13n0285_006:0325b15	典知其四悉因緣不可但執一義一解而自以為	典 知 其 四 悉 因 緣 不 可 但 執 一 義 一 解 而 自 以 為 
X13n0285_006:0325b16	是兼以悞初學也。四大妄語戒。	是 兼 以 悞 初 學 也 四 大 妄 語 戒 
X13n0285_006:0325b17	阿難如是世界六道眾生雖則身心無殺盜婬三行	阿 難 如 是 世 界 六 道 眾 生 雖 則 身 心 無 殺 盜 婬 三 行 
X13n0285_006:0325b18	已圓若大妄語即三摩地不得清淨成愛見魔失如	已 圓 若 大 妄 語 即 三 摩 地 不 得 清 淨 成 愛 見 魔 失 如 
X13n0285_006:0325b19	來種所謂未得謂得未證言證或求世間尊勝第一	來 種 所 謂 未 得 謂 得 未 證 言 證 或 求 世 間 尊 勝 第 一 
X13n0285_006:0325b20	謂前人言我今已得須陀洹果斯陀洹果阿那含果	謂 前 人 言 我 今 已 得 須陀洹果 斯 陀 洹 果 阿那含果 
X13n0285_006:0325b21	阿羅漢道辟支佛乘十地地前諸位菩薩求彼禮懺	阿羅漢道 辟 支 佛 乘 十 地 地 前 諸 位 菩 薩 求 彼 禮 懺 
X13n0285_006:0325b22	貪其供養是一顛迦銷滅佛種如人以刀斷多羅木	貪 其 供 養 是 一 顛 迦 銷 滅 佛 種 如 人 以 刀 斷 多 羅 木 
X13n0285_006:0325b23	佛記是人永殞善根無復知見沉三苦海不成三昧	佛 記 是 人 永 殞 善 根 無 復 知 見 沉 三 苦 海 不 成 三 昧 
X13n0285_006:0325b24	我滅度後勅諸菩薩及阿羅漢應身生彼末法之中	我 滅 度 後 勅 諸 菩 薩 及 阿 羅 漢 應 身 生 彼 末 法 之 中 
X13n0285_006:0325c01	作種種形度諸輪轉或作沙門白衣居士人王宰官	作 種 種 形 度 諸 輪 轉 或 作 沙 門 白 衣 居 士 人 王 宰 官 
X13n0285_006:0325c02	童男童女如是乃至婬女寡婦姦偷屠販與其同事	童 男 童 女 如 是 乃 至 婬 女 寡 婦 姦 偷 屠 販 與 其 同 事 
X13n0285_006:0325c03	稱讚佛乘令其身心入三摩地終不自言我真菩薩	稱 讚 佛 乘 令 其 身 心 入 三 摩 地 終 不 自 言 我 真 菩 薩 
X13n0285_006:0325c04	真阿羅漢洩佛密因輕言(之於)未學(人前)唯除命終陰有	真 阿 羅 漢 洩 佛 密 因 輕 言 之 於 未 學 人 前 唯 除 命 終 陰 有 
X13n0285_006:0325c05	遺付云何是人惑亂眾生成大妄語汝教世人修三	遺 付 云 何 是 人 惑 亂 眾 生 成 大 妄 語 汝 教 世 人 修 三 
X13n0285_006:0325c06	摩地後復斷除諸大妄語是名如來先佛世尊第四	摩 地 後 復 斷 除 諸 大 妄 語 是 名 如 來 先 佛 世 尊 第 四 
X13n0285_006:0325c07	決定清淨明誨是故阿難若不斷其大妄語者如刻	決 定 清 淨 明 誨 是 故 阿 難 若 不 斷 其 大 妄 語 者 如 刻 
X13n0285_006:0325c08	人糞為旃檀形欲求香氣無有是處我教比丘直心	人 糞 為 旃 檀 形 欲 求 香 氣 無 有 是 處 我 教 比 丘 直 心 
X13n0285_006:0325c09	道場於四威儀一切行中尚無虗假云何自稱得上	道 場 於 四 威 儀 一 切 行 中 尚 無 虗 假 云 何 自 稱 得 上 
X13n0285_006:0325c10	人法譬如窮人妄號帝王自取誅滅況復法王如何	人 法 譬 如 窮 人 妄 號 帝 王 自 取 誅 滅 況 復 法 王 如 何 
X13n0285_006:0325c11	妄竊因地不真果招紆曲求佛菩提如噬臍人欲誰	妄 竊 因 地 不 真 果 招 紆 曲 求 佛 菩 提 如 噬 臍 人 欲 誰 
X13n0285_006:0325c12	成就若諸比丘心如直弦一切真實入三摩地永無	成 就 若 諸 比 丘 心 如 直 弦 一 切 真 實 入 三 摩 地 永 無 
X13n0285_006:0325c13	魔事我印是人成就菩薩無上知覺如我所說名為	魔 事 我 印 是 人 成 就 菩 薩 無 上 知 覺 如 我 所 說 名 為 
X13n0285_006:0325c14	佛說不如此說即波旬說。	佛 說 不 如 此 說 即 波 旬 說 
X13n0285_006:0325c15	愛見魔者稍有所得起增上慢則是愛魔執此是	愛 見 魔 者 稍 有 所 得 起增上慢 則 是 愛 魔 執 此 是 
X13n0285_006:0325c16	實餘皆虗妄則是見魔又借此貪求供養則是愛	實 餘 皆 虗 妄 則 是 見 魔 又 借 此 貪 求 供 養 則 是 愛 
X13n0285_006:0325c17	魔執性廢修妄謂已實齊於諸聖則是見魔也地	魔 執 性 廢 修 妄 謂 已 實 齊 於 諸 聖 則 是 見 魔 也 地 
X13n0285_006:0325c18	前諸位即信住行向一顛迦即是一闡提三乘聖	前 諸 位 即 信 住 行 向 一 顛 迦 即 是 一 闡 提 三 乘 聖 
X13n0285_006:0325c19	果喻如栴檀名利惡心喻如糞穢噬臍人者人不	果 喻 如 栴 檀 名 利 惡 心 喻 如 糞 穢 噬 臍 人 者 人 不 
X13n0285_006:0325c20	能自噬其臍以喻悔無所及或云麝被人逐自噬	能 自 噬 其 臍 以 喻 悔 無 所 及 或 云 麝 被 人 逐 自 噬 
X13n0285_006:0325c21	其臍雖復噬臍終不免難也餘皆如文可知。	其 臍 雖 復 噬 臍 終 不 免 難 也 餘 皆 如 文 可 知 
X13n0285_007:0326a07	大佛頂如來密因修證了義諸菩薩萬行首楞嚴經	大 佛 頂 如 來 密 因 修 證 了 義 諸 菩 薩 萬 行 首 楞 嚴 經 
X13n0285_007:0326a08	卷第七文句	卷 第 七 文 句 
X13n0285_007:0326a09	唐天竺沙門般剌密諦　譯經	唐 天 竺 沙 門 般 剌 密 諦 譯 經 
X13n0285_007:0326a10	明菩薩沙彌古吳智旭　文句	明 菩 薩 沙 彌 古 吳 智 旭 文 句 
X13n0285_007:0326a11	二明誦呪治習二初結前二正明。今初。	二 明 誦 呪 治 習 二 初 結 前 二 正 明 今 初 
X13n0285_007:0326a12	阿難汝問攝心我今先說入三摩地修學妙門求菩	阿 難 汝 問 攝 心 我 今 先 說 入 三 摩 地 修 學 妙 門 求 菩 
X13n0285_007:0326a13	薩道要先持此四種律儀皎如氷霜自不能生一切	薩 道 要 先 持 此 四 種 律 儀 皎 如 氷 霜 自 不 能 生 一 切 
X13n0285_007:0326a14	枝葉心三口四生必無因阿難如是四事若不遺失	枝 葉 心 三 口 四 生 必 無 因 阿 難 如 是 四 事 若 不 遺 失 
X13n0285_007:0326a15	心尚不緣色香味觸一切魔事云何發生。	心 尚 不 緣 色香味觸 一 切 魔 事 云 何 發 生 
X13n0285_007:0326a16	此正結明欲攝其心必須持戒也一切枝葉者指	此 正 結 明 欲 攝 其 心 必 須 持 戒 也 一 切 枝 葉 者 指 
X13n0285_007:0326a17	餘一切微細戒法如十善中之口四意三沙彌戒	餘 一 切 微 細 戒 法 如 十 善 中 之 口 四 意 三 沙 彌 戒 
X13n0285_007:0326a18	中之後六條比丘戒中之餘二百四十六條乃至	中 之 後 六 條 比 丘 戒 中 之 餘 二 百 四 十 六 條 乃 至 
X13n0285_007:0326a19	菩薩戒之後六重及四十八輕等以此根本四種	菩 薩 戒 之 後 六 重 及 四 十 八 輕 等 以 此 根 本 四 種 
X13n0285_007:0326a20	心戒攝之罄無不盡故云心三口四生必無因也	心 戒 攝 之 罄 無 不 盡 故 云 心 三 口 四 生 必 無 因 也 
X13n0285_007:0326a21	一切魔事必托六塵而發心既不緣色香味觸則	一 切 魔 事 必 托 六 塵 而 發 心 既 不 緣 色香味觸 則 
X13n0285_007:0326a22	天魔無所施其術矣所以三無漏學必以戒為本	天 魔 無 所 施 其 術 矣 所 以 三 無 漏 學 必 以 戒 為 本 
X13n0285_007:0326a23	也。二正明二初略示應持二廣顯儀軌。初中	也 二 正 明 二 初 略 示 應 持 二 廣 顯 儀 軌 初 中 
X13n0285_007:0326a24	二初略勸誦持顯益二略示道場方法。初又二	二 初 略 勸 誦 持 顯 益 二 略 示 道 場 方 法 初 又 二 
X13n0285_007:0326b01	初勸持二顯益。今初。	初 勸 持 二 顯 益 今 初 
X13n0285_007:0326b02	若有宿習不能滅除汝教是人一心誦我佛頂光明	若 有 宿 習 不 能 滅 除 汝 教 是 人 一 心 誦 我 佛 頂 光 明 
X13n0285_007:0326b03	摩訶薩怛多般怛羅無上神呪斯是如來無見頂相	摩 訶 薩 怛 多 般 怛 羅 無 上 神 呪 斯 是 如 來 無見頂相 
X13n0285_007:0326b04	無為心佛從頂發輝坐寶蓮華所說心呪。	無 為 心 佛 從 頂 發 輝 坐 寶 蓮 華 所 說 心 呪 
X13n0285_007:0326b05	夫木叉戒力固能防禦外魔至若宿習偏強必須	夫 木 叉 戒 力 固 能 防 禦 外 魔 至 若 宿 習 偏 強 必 須 
X13n0285_007:0326b06	神呪冥滌也摩訶薩怛多般怛羅此云大白傘葢	神 呪 冥 滌 也 摩 訶 薩 怛 多 般 怛 羅 此 云 大 白 傘 葢 
X13n0285_007:0326b07	體無對待曰大相絕塵染曰白用覆一切曰傘葢	體 無 對 待 曰 大 相 絕 塵 染 曰 白 用 覆 一 切 曰 傘 葢 
X13n0285_007:0326b08	又三皆絕待故體相用稱為三大亦復三皆自淨	又 三 皆 絕 待 故 體 相 用 稱 為 三 大 亦 復 三 皆 自 淨 
X13n0285_007:0326b09	三皆覆物即大佛頂三德祕藏之異名耳五會神	三 皆 覆 物 即 大 佛 頂 三 德 祕 藏 之 異 名 耳 五 會 神 
X13n0285_007:0326b10	呪乃是密詮此妙心者故名心呪亦名呪心。二	呪 乃 是 密 詮 此 妙 心 者 故 名 心 呪 亦 名 呪 心 二 
X13n0285_007:0326b11	顯益。	顯 益 
X13n0285_007:0326b12	且汝宿世與摩登伽歷劫因緣恩愛習氣非是一生	且 汝 宿 世 與 摩 登 伽 歷 劫 因 緣 恩 愛 習 氣 非 是 一 生 
X13n0285_007:0326b13	及與一劫我一宣揚愛心永脫(先證那含乃至於今)成阿羅漢	及 與 一 劫 我 一 宣 揚 愛 心 永 脫 先 證 那 含 乃 至 於 今 成 阿 羅 漢 
X13n0285_007:0326b14	彼尚婬女無心修行神力冥資速證無學云何(猶言何況)	彼 尚 婬 女 無 心 修 行 神 力 冥 資 速 證 無 學 云 何 猶 言 何 況 
X13n0285_007:0326b15	汝等在會聲聞(本欲)求最上乘(而)決定成佛(者)譬如以	汝 等 在 會 聲 聞 本 欲 求 最 上 乘 而 決 定 成 佛 者 譬 如 以 
X13n0285_007:0326b16	塵揚於順風有何艱險。	塵 揚 於 順 風 有 何 艱 險 
X13n0285_007:0326b17	幽溪云登伽習厚比丘習薄登伽下賤聲聞尊貴	幽 溪 云 登 伽 習 厚 比 丘 習 薄 登 伽 下 賤 聲 聞 尊 貴 
X13n0285_007:0326b18	登伽無心修行汝等求最上乘登伽是邪定聚汝	登 伽 無 心 修 行 汝 等 求 最 上 乘 登 伽 是 邪 定 聚 汝 
X13n0285_007:0326b19	等決定成佛是正定聚吳興云塵譬宿習風如神	等 決 定 成 佛 是 正 定 聚 吳 興 云 塵 譬 宿 習 風 如 神 
X13n0285_007:0326b20	呪。二略示道場方法二初方便二正修。今初。	呪 二 略 示 道 場 方 法 二 初 方 便 二 正 修 今 初 
X13n0285_007:0326b21	若有末世欲坐道場先持比丘清淨禁戒要當選擇	若 有 末 世 欲 坐 道 場 先 持 比 丘 清 淨 禁 戒 要 當 選 擇 
X13n0285_007:0326b22	戒清淨者第一沙門以為其師若其不遇真清淨僧	戒 清 淨 者 第 一 沙 門 以 為 其 師 若 其 不 遇 真 清 淨 僧 
X13n0285_007:0326b23	汝戒律儀必不成就戒成已後著新淨衣然香閒居	汝 戒 律 儀 必 不 成 就 戒 成 已 後 著 新 淨 衣 然 香 閒 居 
X13n0285_007:0326b24	誦此心佛所說神呪一百八徧。	誦 此 心 佛 所 說 神 呪 一 百 八 徧 
X13n0285_007:0326c01	沙門此云勤息第一沙門如律中所謂滿足十夏	沙 門 此 云 勤 息 第 一 沙 門 如 律 中 所 謂 滿 足 十 夏 
X13n0285_007:0326c02	具足十德者是也不惟師必第一沙門亦且僧必	具 足 十 德 者 是 也 不 惟 師 必 第 一 沙 門 亦 且 僧 必 
X13n0285_007:0326c03	真實清淨故知三師七證或是邊地五人斷斷不	真 實 清 淨 故 知 三 師 七 證 或 是 邊 地 五 人 斷 斷 不 
X13n0285_007:0326c04	可不選擇也幽溪云今文方便準止觀二十五種	可 不 選 擇 也 幽 溪 云 今 文 方 便 準 止 觀 二 十 五 種 
X13n0285_007:0326c05	方便亦復大同先持比丘清淨禁戒即持戒清淨	方 便 亦 復 大 同 先 持 比 丘 清 淨 禁 戒 即 持 戒 清 淨 
X13n0285_007:0326c06	著新淨衣即衣食具足閒居即閒居靜處及息緣	著 新 淨 衣 即 衣 食 具 足 閒 居 即 閒 居 靜 處 及 息 緣 
X13n0285_007:0326c07	務第一沙門為師即近善知識前文心尚不緣色	務 第 一 沙 門 為 師 即 近 善 知 識 前 文 心 尚 不 緣 色 
X13n0285_007:0326c08	香味觸即訶五欲後文心滅貪婬三七不寐等即	香 味 觸 即 訶 五 欲 後 文 心 滅 貪 婬 三 七 不 寐 等 即 
X13n0285_007:0326c09	棄五葢端坐安居必調五事坐禪之時必行五法	棄 五 葢 端 坐 安 居 必 調 五 事 坐 禪 之 時 必 行 五 法 
X13n0285_007:0326c10	也真際云誦呪百八表滅百八煩惱。二正修。	也 真 際 云 誦 呪 百 八 表 滅 百 八 煩 惱 二 正 修 
X13n0285_007:0326c11	然後結界建立道場求於十方現住國土無上如來	然 後 結 界 建 立 道 場 求 於 十 方 現 住 國 土 無 上 如 來 
X13n0285_007:0326c12	放大悲光來灌其頂阿難如是末世清淨比丘若比	放 大 悲 光 來 灌 其 頂 阿 難 如 是 末 世 清 淨 比 丘 若 比 
X13n0285_007:0326c13	丘尼白衣檀越心滅貪婬持佛淨戒於道場中發菩	丘 尼 白 衣 檀 越 心 滅 貪 婬 持 佛 淨 戒 於 道 場 中 發 菩 
X13n0285_007:0326c14	薩願出入澡浴六時行道如是不寐經三七日我自	薩 願 出 入 澡 浴 六 時 行 道 如 是 不 寐 經 三 七 日 我 自 
X13n0285_007:0326c15	現身至其前摩頂安慰令其開悟。	現 身 至 其 前 摩 頂 安 慰 令 其 開 悟 
X13n0285_007:0326c16	結界即指下文壇法準諸密部將欲修行擇日立	結 界 即 指 下 文 壇 法 準 諸 密 部 將 欲 修 行 擇 日 立 
X13n0285_007:0326c17	壇修行既畢即須滅却壇相不得留至明相出時	壇 修 行 既 畢 即 須 滅 却 壇 相 不 得 留 至 明 相 出 時 
X13n0285_007:0326c18	葢方圓丈六為八角壇既不言高築幾許應同密	葢 方 圓 丈 六 為 八 角 壇 既 不 言 高 築 幾 許 應 同 密 
X13n0285_007:0326c19	部畫地為之修此三昧通於四眾白衣檀越即指	部 畫 地 為 之 修 此 三 昧 通 於 四 眾 白 衣 檀 越 即 指 
X13n0285_007:0326c20	清信士女然入壇之法必須各自為類萬無僧俗	清 信 士 女 然 入 壇 之 法 必 須 各 自 為 類 萬 無 僧 俗 
X13n0285_007:0326c21	交參男女混雜之理或優婆塞可許隨比丘眾優	交 參 男 女 混 雜 之 理 或 優 婆 塞 可 許 隨 比 丘 眾 優 
X13n0285_007:0326c22	婆夷可許隨比丘尼仍須退列末位斷斷不可充	婆 夷 可 許 隨 比 丘 尼 仍 須 退 列 末 位 斷 斷 不 可 充 
X13n0285_007:0326c23	十僧數以下文云十比丘故佛自現身摩頂正應	十 僧 數 以 下 文 云 十 比 丘 故 佛 自 現 身 摩 頂 正 應 
X13n0285_007:0326c24	行人所求故非魔事然須但念唯心不得心外取	行 人 所 求 故 非 魔 事 然 須 但 念 唯 心 不 得 心 外 取 
X13n0285_007:0327a01	境。二廣顯儀軌二初正示道場軌則二重宣佛	境 二 廣 顯 儀 軌 二 初 正 示 道 場 軌 則 二 重 宣 佛 
X13n0285_007:0327a02	頂神呪。初中二初請問二示答。今初。	頂 神 呪 初 中 二 初 請 問 二 示 答 今 初 
X13n0285_007:0327a03	阿難白佛言世尊我蒙如來無上悲誨心已開悟自	阿 難 白 佛 言 世 尊 我 蒙 如 來 無 上 悲 誨 心 已 開 悟 自 
X13n0285_007:0327a04	知(依此耳根圓通)修證無學(之)道(可)成(若夫)末法修行(必須)建立	知 依 此 耳 根 圓 通 修 證 無 學 之 道 可 成 若 夫 末 法 修 行 必 須 建 立 
X13n0285_007:0327a05	道場(未審)云何結界合佛世尊清淨軌則。	道 場 未 審 云 何 結 界 合 佛 世 尊 清 淨 軌 則 
X13n0285_007:0327a06	二示答二初別示二總結。初中二初明壇法二	二 示 答 二 初 別 示 二 總 結 初 中 二 初 明 壇 法 二 
X13n0285_007:0327a07	明修法。初又二初立壇方法二供養方法。今	明 修 法 初 又 二 初 立 壇 方 法 二 供 養 方 法 今 
X13n0285_007:0327a08	初。	初 
X13n0285_007:0327a09	佛告阿難若末世人願立道場先取雪山大力白牛	佛 告 阿 難 若 末 世 人 願 立 道 場 先 取 雪 山 大 力 白 牛 
X13n0285_007:0327a10	食其山中肥膩香草此牛唯飲雪山清水其糞微細	食 其 山 中 肥 膩 香 草 此 牛 唯 飲 雪 山 清 水 其 糞 微 細 
X13n0285_007:0327a11	可取其糞和合旃檀以泥其地若非雪山其牛臭穢	可 取 其 糞 和 合 旃 檀 以 泥 其 地 若 非 雪 山 其 牛 臭 穢 
X13n0285_007:0327a12	不堪塗地別於平原穿去地皮五尺以下取其黃土	不 堪 塗 地 別 於 平 原 穿 去 地 皮 五 尺 以 下 取 其 黃 土 
X13n0285_007:0327a13	和上旃檀沉水蘇合薰陸鬱金白膠青木零陵甘松	和 上 旃 檀 沉 水 蘇 合 薰 陸 鬱 金 白 膠 青 木 零 陵 甘 松 
X13n0285_007:0327a14	及雞舌香以此十種細羅為粉合土成泥以塗場地	及 雞 舌 香 以 此 十 種 細 羅 為 粉 合 土 成 泥 以 塗 場 地 
X13n0285_007:0327a15	方圓丈六為八角壇。	方 圓 丈 六 為 八 角 壇 
X13n0285_007:0327a16	此之壇法有事有理事相則如文可知理致則法	此 之 壇 法 有 事 有 理 事 相 則 如 文 可 知 理 致 則 法 
X13n0285_007:0327a17	有所表若不知其所表法門則事相徒施何以觸	有 所 表 若 不 知 其 所 表 法 門 則 事 相 徒 施 何 以 觸 
X13n0285_007:0327a18	境成於妙觀然從來諸疏各申其說雖亦各有所	境 成 於 妙 觀 然 從 來 諸 疏 各 申 其 說 雖 亦 各 有 所 
X13n0285_007:0327a19	見而與經文前後宗旨未甚符合今不暇辯姑以	見 而 與 經 文 前 後 宗 旨 未 甚 符 合 今 不 暇 辯 姑 以 
X13n0285_007:0327a20	私意別為一釋俟高明者之自擇焉雪山者表法	私 意 別 為 一 釋 俟 高 明 者 之 自 擇 焉 雪 山 者 表 法 
X13n0285_007:0327a21	性理也大力白牛者表本覺智也山中肥膩香草	性 理 也 大 力 白 牛 者 表 本 覺 智 也 山 中 肥 膩 香 草 
X13n0285_007:0327a22	及清水表性體中本具緣因諸功德也其糞微細	及 清 水 表 性 體 中 本 具 緣 因 諸 功 德 也 其 糞 微 細 
X13n0285_007:0327a23	表性具三因所起妙修也旃檀表性具無作妙戒	表 性 具 三 因 所 起 妙 修 也 旃 檀 表 性 具 無 作 妙 戒 
X13n0285_007:0327a24	也泥地表真因也若非雪山其牛臭穢不堪塗地	也 泥 地 表 真 因 也 若 非 雪 山 其 牛 臭 穢 不 堪 塗 地 
X13n0285_007:0327b01	者表生滅為本修因不能圓成果地修證也平原	者 表 生 滅 為 本 修 因 不 能 圓 成 果 地 修 證 也 平 原 
X13n0285_007:0327b02	者表平常六受用根也穿地五尺以下表破五陰	者 表 平 常 六 受 用 根 也 穿 地 五 尺 以 下 表 破 五 陰 
X13n0285_007:0327b03	也黃土者表六根門頭中道佛性也和上旃檀等	也 黃 土 者 表 六 根 門 頭 中 道 佛 性 也 和 上 旃 檀 等 
X13n0285_007:0327b04	者表具足受持十種戒法所謂不缺戒不破戒不	者 表 具 足 受 持 十 種 戒 法 所 謂 不 缺 戒 不 破 戒 不 
X13n0285_007:0327b05	穿戒不雜戒隨道戒無著戒智所讚戒自在戒隨	穿 戒 不 雜 戒 隨 道 戒 無 著 戒 智 所 讚 戒 自 在 戒 隨 
X13n0285_007:0327b06	定戒具足戒也十種細羅為粉者表十種戒互攝	定 戒 具 足 戒 也 十 種 細 羅 為 粉 者 表 十 種 戒 互 攝 
X13n0285_007:0327b07	互融非有方隅次第也合上成泥者表戒乘俱修	互 融 非 有 方 隅 次 第 也 合 上 成 泥 者 表 戒 乘 俱 修 
X13n0285_007:0327b08	也以塗場地者表因地心也方圓文六等者表八	也 以 塗 場 地 者 表 因 地 心 也 方 圓 文 六 等 者 表 八 
X13n0285_007:0327b09	正道攝於八邪也八角則方而復圓圓而復方表	正 道 攝 於 八 邪 也 八 角 則 方 而 復 圓 圓 而 復 方 表 
X13n0285_007:0327b10	事理不二權實同歸也葢上根之人但不隨分別	事 理 不 二 權 實 同 歸 也 葢 上 根 之 人 但 不 隨 分 別 
X13n0285_007:0327b11	三種相續三緣斷故三因不生狂性自歇歇即菩	三 種 相 續 三 緣 斷 故 三 因 不 生 狂 性 自 歇 歇 即 菩 
X13n0285_007:0327b12	提喻如以白牛糞和旃檀也倘未能直下歇狂須	提 喻 如 以 白 牛 糞 和 旃 檀 也 倘 未 能 直 下 歇 狂 須 
X13n0285_007:0327b13	知修行二決定義就六根門頭破五陰渾濁得元	知 修 行 二 決 定 義 就 六 根 門 頭 破 五 陰 渾 濁 得 元 
X13n0285_007:0327b14	明覺無生滅性為因地心以戒互嚴方成妙因喻	明 覺 無 生 滅 性 為 因 地 心 以 戒 互 嚴 方 成 妙 因 喻 
X13n0285_007:0327b15	如黃土和十香也。二供養方法又二初壇中供	如 黃 土 和 十 香 也 二 供 養 方 法 又 二 初 壇 中 供 
X13n0285_007:0327b16	物二壇外莊嚴。今初。	物 二 壇 外 莊 嚴 今 初 
X13n0285_007:0327b17	壇心置一金銀銅木所造蓮華華中安鉢鉢中先盛	壇 心 置 一 金 銀 銅 木 所 造 蓮 華 華 中 安 鉢 鉢 中 先 盛 
X13n0285_007:0327b18	八月露水水中隨安所有華葉取八圓鏡各安其方	八 月 露 水 水 中 隨 安 所 有 華 葉 取 八 圓 鏡 各 安 其 方 
X13n0285_007:0327b19	圍繞華鉢鏡外建立十六蓮華十六香爐間華鋪設	圍 繞 華 鉢 鏡 外 建 立 十 六 蓮 華 十 六 香 爐 間 華 鋪 設 
X13n0285_007:0327b20	莊嚴香爐純燒沉水無令見火取白牛乳置十六器	莊 嚴 香 爐 純 燒 沉 水 無 令 見 火 取 白 牛 乳 置 十 六 器 
X13n0285_007:0327b21	乳為煎餅并諸砂糖油餅乳糜蘇合蜜薑純酥純蜜	乳 為 煎 餅 并 諸 砂 糖 油 餅 乳 糜 蘇 合 蜜 薑 純 酥 純 蜜 
X13n0285_007:0327b22	於蓮華外各各十六圍繞華外以奉諸佛及大菩薩	於 蓮 華 外 各 各 十 六 圍 繞 華 外 以 奉 諸 佛 及 大 菩 薩 
X13n0285_007:0327b23	每以食時若在中夜取密半升用酥三合壇前別安	每 以 食 時 若 在 中 夜 取 密 半 升 用 酥 三 合 壇 前 別 安 
X13n0285_007:0327b24	一小火爐以兜樓婆香煎取香水沐浴其炭然令猛	一 小 火 爐 以 兜 樓 婆 香 煎 取 香 水 沐 浴 其 炭 然 令 猛 
X13n0285_007:0327c01	熾投是酥密於炎爐內燒令烟盡亨佛菩薩。	熾 投 是 酥 密 於 炎 爐 內 燒 令 烟 盡 亨 佛 菩 薩 
X13n0285_007:0327c02	金銀銅木者意令隨力為之不必拘執然總表一	金 銀 銅 木 者 意 令 隨 力 為 之 不 必 拘 執 然 總 表 一 
X13n0285_007:0327c03	實之理也蓮華表因果同時言所造者正表理非	實 之 理 也 蓮 華 表 因 果 同 時 言 所 造 者 正 表 理 非 
X13n0285_007:0327c04	因果能成一切諸因果也鉢名應器以表事理相	因 果 能 成 一 切 諸 因 果 也 鉢 名 應 器 以 表 事 理 相 
X13n0285_007:0327c05	應八月露水表中道妙定也隨安華葉表中道妙	應 八 月 露 水 表 中 道 妙 定 也 隨 安 華 葉 表 中 道 妙 
X13n0285_007:0327c06	慧也取八圓鏡各安其方者表眾生本有大定智	慧 也 取 八 圓 鏡 各 安 其 方 者 表 眾 生 本 有 大 定 智 
X13n0285_007:0327c07	光依八正道而得安住也圍繞華鉢者表妙智恒	光 依 八 正 道 而 得 安 住 也 圍 繞 華 鉢 者 表 妙 智 恒 
X13n0285_007:0327c08	依妙理也鏡外建立蓮華香爐者表從性所起慧	依 妙 理 也 鏡 外 建 立 蓮 華 香 爐 者 表 從 性 所 起 慧 
X13n0285_007:0327c09	華戒香各須十六者即表自行八正化他八正也	華 戒 香 各 須 十 六 者 即 表 自 行 八 正 化 他 八 正 也 
X13n0285_007:0327c10	間華鋪設莊嚴者表戒慧互為莊嚴也香爐純燒	間 華 鋪 設 莊 嚴 者 表 戒 慧 互 為 莊 嚴 也 香 爐 純 燒 
X13n0285_007:0327c11	沉水無令見火者表持於無相妙戒也白牛乳為	沉 水 無 令 見 火 者 表 持 於 無 相 妙 戒 也 白 牛 乳 為 
X13n0285_007:0327c12	煎餅并諸砂糖等者表稱性所起禪悅法味亦是	煎 餅 并 諸 砂 糖 等 者 表 稱 性 所 起 禪 悅 法 味 亦 是 
X13n0285_007:0327c13	八正道味各各十六者表一一正道中各具自行	八 正 道 味 各 各 十 六 者 表 一 一 正 道 中 各 具 自 行 
X13n0285_007:0327c14	化他二種八正也以奉諸佛及大菩薩者表以己	化 他 二 種 八 正 也 以 奉 諸 佛 及 大 菩 薩 者 表 以 己 
X13n0285_007:0327c15	所證禪悅正道之味仰契果德也食時中夜皆表	所 證 禪 悅 正 道 之 味 仰 契 果 德 也 食 時 中 夜 皆 表 
X13n0285_007:0327c16	依於中道也蜜為華之精酥為乳之精皆是味中	依 於 中 道 也 蜜 為 華 之 精 酥 為 乳 之 精 皆 是 味 中 
X13n0285_007:0327c17	上味表於圓通妙理也半升中數三合成數表中	上 味 表 於 圓 通 妙 理 也 半 升 中 數 三 合 成 數 表 中 
X13n0285_007:0327c18	道必具三德也壇前別安一小火爐表妙觀察智	道 必 具 三 德 也 壇 前 別 安 一 小 火 爐 表 妙觀察智 
X13n0285_007:0327c19	相應心品二十五圓通境必皆別藉此以為能觀	相 應 心 品 二 十 五 圓 通 境 必 皆 別 藉 此 以 為 能 觀 
X13n0285_007:0327c20	也兜樓婆香或云即白茅香煎水浴炭表正助二	也 兜 樓 婆 香 或 云 即 白 茅 香 煎 水 浴 炭 表 正 助 二 
X13n0285_007:0327c21	行皆具足也投是酥蜜等者表以妙理投妙智中	行 皆 具 足 也 投 是 酥 蜜 等 者 表 以 妙 理 投 妙 智 中 
X13n0285_007:0327c22	俾其直下入流亡所圓超五濁上合諸佛菩薩所	俾 其 直 下 入 流 亡 所 圓 超 五 濁 上 合 諸佛菩薩 所 
X13n0285_007:0327c23	證性體也。二壇外莊嚴。	證 性 體 也 二 壇 外 莊 嚴 
X13n0285_007:0327c24	令其四外徧懸幡華於壇室中四壁敷設十方如來	令 其 四 外 徧 懸 幡 華 於 壇 室 中 四 壁 敷 設 十 方 如 來 
X13n0285_007:0328a01	及諸菩薩所有形像應於當陽張盧舍那釋迦彌勒	及 諸 菩 薩 所 有 形 像 應 於 當 陽 張 盧 舍 那 釋 迦 彌 勒 
X13n0285_007:0328a02	阿閦彌陀諸大變化觀音形像并金剛藏安其左右	阿 閦 彌 陀 諸 大 變 化 觀 音 形 像 并 金 剛 藏 安 其 左 右 
X13n0285_007:0328a03	帝釋梵王烏芻瑟摩并藍地迦諸軍茶利與毗俱眂	帝 釋 梵 王 烏 芻 瑟 摩 并 藍 地 迦 諸 軍 茶 利 與 毗 俱 眂 
X13n0285_007:0328a04	四天王等頻那夜迦張於門側左右安置又取八鏡	四 天 王 等 頻 那 夜 迦 張 於 門 側 左 右 安 置 又 取 八 鏡 
X13n0285_007:0328a05	覆懸虗空與壇場中所安之鏡方面相對使其形影	覆 懸 虗 空 與 壇 場 中 所 安 之 鏡 方 面 相 對 使 其 形 影 
X13n0285_007:0328a06	重重相涉。	重 重 相 涉 
X13n0285_007:0328a07	徧懸幡華等者總表具諸助行幡表五悔法門華	徧 懸 幡 華 等 者 總 表 具 諸 助 行 幡 表 五 悔 法 門 華 
X13n0285_007:0328a08	表六度萬行也十方如來以表極果諸菩薩像以	表 六 度 萬 行 也 十 方 如 來 以 表 極 果 諸 菩 薩 像 以 
X13n0285_007:0328a09	表真因盧舍那是報身智慧釋迦是應身慈悲彌	表 真 因 盧 舍 那 是 報 身 智 慧 釋 迦 是 應 身 慈 悲 彌 
X13n0285_007:0328a10	勒是當來教主阿閦此云無動東方佛名表不動	勒 是 當 來 教 主 阿 閦 此 云 無 動 東 方 佛 名 表 不 動 
X13n0285_007:0328a11	智彌陀此云無量壽亦云無量光西方佛名表無	智 彌 陀 此 云 無 量 壽 亦 云 無 量 光 西 方 佛 名 表 無 
X13n0285_007:0328a12	緣慈諸大變化觀音形像如前文所明眾首臂目	緣 慈 諸 大 變 化 觀 音 形 像 如 前 文 所 明 眾 首 臂 目 
X13n0285_007:0328a13	等此是顯教圓通真主金剛藏乃是密教圓通真	等 此 是 顯 教 圓 通 真 主 金 剛 藏 乃 是 密 教 圓 通 真 
X13n0285_007:0328a14	主安其左右表顯密互嚴也帝釋是忉利主梵王	主 安 其 左 右 表 顯 密 互 嚴 也 帝 釋 是 忉 利 主 梵 王 
X13n0285_007:0328a15	是初禪主烏芻瑟摩即火頭金剛藍地迦即青面	是 初 禪 主 烏 芻 瑟 摩 即 火 頭 金 剛 藍 地 迦 即 青 面 
X13n0285_007:0328a16	金剛軍茶利亦金剛名毗俱胝即今三目持鬟髻	金 剛 軍 茶 利 亦 金 剛 名 毗 俱 胝 即 今 三 目 持 鬟 髻 
X13n0285_007:0328a17	者四天王即東方持國南方增長西方廣目北方	者 四 天 王 即 東 方 持 國 南 方 增 長 西 方 廣 目 北 方 
X13n0285_007:0328a18	多聞頻那即猪頭使者夜迦即象鼻使者此等外	多 聞 頻 那 即 猪 頭 使 者 夜 迦 即 象 鼻 使 者 此 等 外 
X13n0285_007:0328a19	護俱表摧邪顯正力用也八鏡懸空表諸佛果位	護 俱 表 摧 邪 顯 正 力 用 也 八 鏡 懸 空 表 諸 佛 果 位 
X13n0285_007:0328a20	大定智光無依無住與壇中鏡方面相對使其形	大 定 智 光 無 依 無 住 與 壇 中 鏡 方 面 相 對 使 其 形 
X13n0285_007:0328a21	影重重相涉者表生佛互融感應道交不可思議	影 重 重 相 涉 者 表 生 佛 互 融 感 應 道 交 不可思議 
X13n0285_007:0328a22	也葢空中八鏡照於壇鏡則是果徹因源壇中八	也 葢 空 中 八 鏡 照 於 壇 鏡 則 是 果 徹 因 源 壇 中 八 
X13n0285_007:0328a23	鏡照於空鏡則是因該果海若向此處著眼便知	鏡 照 於 空 鏡 則 是 因 該 果 海 若 向 此 處 著 眼 便 知 
X13n0285_007:0328a24	心佛眾生三無差別妙理便能悟入事事無礙法	心 佛 眾 生 三無差別 妙 理 便 能 悟 入 事 事 無 礙 法 
X13n0285_007:0328b01	界矣。	界 矣 
X13n0285_007:0328b02	原此一經妙旨不外十乘觀法前三卷半經顯譚	原 此 一 經 妙 旨 不 外 十 乘 觀 法 前 三 卷 半 經 顯 譚 
X13n0285_007:0328b03	不思議境也五會神呪密詮不思議境也此之壇	不思議境 也 五 會 神 呪 密 詮 不思議境 也 此 之 壇 
X13n0285_007:0328b04	法表示不思議境也空鏡壇鏡照而常寂故稱妙	法 表 示 不思議境 也 空 鏡 壇 鏡 照 而 常 寂 故 稱 妙 
X13n0285_007:0328b05	湛種種莊嚴依正相稱故號總持壇地虗空體性	湛 種 種 莊 嚴 依 正 相 稱 故 號 總 持 壇 地 虗 空 體 性 
X13n0285_007:0328b06	寂滅故名不動又鏡妙湛故莊嚴地空皆妙湛也	寂 滅 故 名 不 動 又 鏡 妙 湛 故 莊 嚴 地 空 皆 妙 湛 也 
X13n0285_007:0328b07	莊嚴總持故鏡及地空皆總持也地空不動故鏡	莊 嚴 總 持 故 鏡 及 地 空 皆 總 持 也 地 空 不 動 故 鏡 
X13n0285_007:0328b08	及莊嚴皆不動也妙湛故言白總持故言傘葢不	及 莊 嚴 皆 不 動 也 妙 湛 故 言 白 總 持 故 言 傘 葢 不 
X13n0285_007:0328b09	動故言大又妙湛白故總持不動皆白也總持如	動 故 言 大 又 妙 湛 白 故 總 持 不 動 皆 白 也 總 持 如 
X13n0285_007:0328b10	葢故妙湛不動皆如葢也不動大故妙湛總持皆	葢 故 妙 湛 不 動 皆 如 葢 也 不 動 大 故 妙 湛 總 持 皆 
X13n0285_007:0328b11	大也又大白傘葢三義一體故妙湛也一體三義	大 也 又 大 白 傘 葢 三 義 一 體 故 妙 湛 也 一 體 三 義 
X13n0285_007:0328b12	故總持也三一一三不可思議故不動也故曰顯	故 總 持 也 三 一 一 三 不可思議 故 不 動 也 故 曰 顯 
X13n0285_007:0328b13	譚密詮及與表示其為不思議境一也專心發願	譚 密 詮 及 與 表 示 其 為 不思議境 一 也 專 心 發 願 
X13n0285_007:0328b14	等是真正發菩提心誦呪坐禪是安心止觀徵心	等 是 真 正 發菩提心 誦 呪 坐 禪 是 安 心 止 觀 徵 心 
X13n0285_007:0328b15	辨見等是破法徧不作聖心名善境界等是識通	辨 見 等 是 破 法 徧 不 作 聖 心 名 善 境 界 等 是 識 通 
X13n0285_007:0328b16	塞三漸次等是道品調適律儀持呪等是對治助	塞 三 漸 次 等 是 道 品 調 適 律 儀 持 呪 等 是 對 治 助 
X13n0285_007:0328b17	開五十五位等是知位次當處禪那覺悟無惑是	開 五 十 五 位 等 是 知 位 次 當 處 禪 那 覺 悟 無 惑 是 
X13n0285_007:0328b18	能安忍中中流入乃至圓滿菩提歸無所得是離	能 安 忍 中 中 流 入 乃 至 圓 滿 菩 提 歸 無 所 得 是 離 
X13n0285_007:0328b19	法愛又即此壇法具表十乘壇體可表不思議境	法 愛 又 即 此 壇 法 具 表 十 乘 壇 體 可 表 不思議境 
X13n0285_007:0328b20	蓮華可表真菩提心鉢中安水水中安華可表善	蓮 華 可 表 真 菩 提 心 鉢 中 安 水 水 中 安 華 可 表 善 
X13n0285_007:0328b21	巧安心止觀八鏡安壇八方可以表破法徧華爐	巧 安 心 止 觀 八 鏡 安 壇 八 方 可 以 表 破 法 徧 華 爐 
X13n0285_007:0328b22	間飾毋令見火可以表識通塞八味各十六器可	間 飾 毋 令 見 火 可 以 表 識 通 塞 八 味 各 十 六 器 可 
X13n0285_007:0328b23	表道品調適香水浴炭可表對治助開佛菩薩像	表 道 品 調 適 香 水 浴 炭 可 表 對 治 助 開 佛 菩 薩 像 
X13n0285_007:0328b24	可表位次門側左右諸護法像可表安忍虗空八	可 表 位 次 門 側 左 右 諸 護 法 像 可 表 安 忍 虗 空 八 
X13n0285_007:0328c01	鏡可以表離法愛攝此十乘妙理總成一不思議	鏡 可 以 表 離 法 愛 攝 此 十 乘 妙 理 總 成 一 不 思 議 
X13n0285_007:0328c02	境良以乘乘互攝故也。二明修法三初正示行	境 良 以 乘 乘 互 攝 故 也 二 明 修 法 三 初 正 示 行 
X13n0285_007:0328c03	法二簡其不成三明其獲益。初中二初三七行	法 二 簡 其 不 成 三 明 其 獲 益 初 中 二 初 三 七 行 
X13n0285_007:0328c04	道二懺後正修。今初。	道 二 懺 後 正 修 今 初 
X13n0285_007:0328c05	於初七中至誠頂禮十方如來諸大菩薩阿羅漢號	於 初 七 中 至 誠 頂 禮 十 方 如 來 諸 大 菩 薩 阿 羅 漢 號 
X13n0285_007:0328c06	恒於六時誦呪圍壇至心行道一時常行一百八徧	恒 於 六 時 誦 呪 圍 壇 至 心 行 道 一 時 常 行 一 百 八 徧 
X13n0285_007:0328c07	第二七中一向專心發菩薩願心無間斷我毗奈耶	第 二 七 中 一 向 專 心 發 菩 薩 願 心 無 間 斷 我 毗 奈 耶 
X13n0285_007:0328c08	先有願教第三七中於十二時一向持佛般怛羅呪	先 有 願 教 第 三 七 中 於 十 二 時 一 向 持 佛 般 怛 羅 呪 
X13n0285_007:0328c09	至第七日十方如來一時出現鏡光交處承佛摩頂。	至 第 七 日 十 方 如 來 一 時 出 現 鏡 光 交 處 承 佛 摩 頂 
X13n0285_007:0328c10	一時常行一百八徧者言遶壇一百八匝表成百	一 時 常 行 一 百 八 徧 者 言 遶 壇 一 百 八 匝 表 成 百 
X13n0285_007:0328c11	八三昧有云誦呪百八者非也若誦全呪則事決	八 三 昧 有 云 誦 呪 百 八 者 非 也 若 誦 全 呪 則 事 決 
X13n0285_007:0328c12	不能若別指跢姪他以下為呪心則理決不可觀	不 能 若 別 指 跢 姪 他 以 下 為 呪 心 則 理 決 不 可 觀 
X13n0285_007:0328c13	後文云是人心昏未能誦憶或帶身上或書宅中	後 文 云 是 人 心 昏 未 能 誦 憶 或 帶 身 上 或 書 宅 中 
X13n0285_007:0328c14	倘獨指數句為呪心何至心昏不能誦憶又設使	倘 獨 指 數 句 為 呪 心 何 至 心 昏 不 能 誦 憶 又 設 使 
X13n0285_007:0328c15	獨此數句為呪心者經中何無一言及之故知後	獨 此 數 句 為 呪 心 者 經 中 何 無 一 言 及 之 故 知 後 
X13n0285_007:0328c16	人臆見穿鑿深可痛也毗奈耶先有願教應指梵	人 臆 見 穿 鑿 深 可 痛 也 毗 奈 耶 先 有 願 教 應 指 梵 
X13n0285_007:0328c17	網經中十大願等一向持佛般怛羅呪則是心心	網 經 中 十 大 願 等 一 向 持 佛 般 怛 羅 呪 則 是 心 心 
X13n0285_007:0328c18	靡間密成不思議熏故第七日能於鏡光交處承	靡 間 密 成 不 思 議 熏 故 第 七 日 能 於 鏡 光 交 處 承 
X13n0285_007:0328c19	佛靡頂也此鏡光交處正是顯示因該果徹生佛	佛 靡 頂 也 此 鏡 光 交 處 正 是 顯 示 因 該 果 徹 生 佛 
X13n0285_007:0328c20	平等之處倘不能即事達理何由能使十方如來	平 等 之 處 倘 不 能 即 事 達 理 何 由 能 使 十 方 如 來 
X13n0285_007:0328c21	一時出現願修行者用圓頓妙解歷一切事儀勿	一 時 出 現 願 修 行 者 用 圓 頓 妙 解 歷 一 切 事 儀 勿 
X13n0285_007:0328c22	徒為無益苦行可矣。二懺後正修。	徒 為 無 益 苦 行 可 矣 二 懺 後 正 修 
X13n0285_007:0328c23	即於道場修三摩地能令如是末世修學身心明淨	即 於 道 場 修 三 摩 地 能 令 如 是 末 世 修 學 身 心 明 淨 
X13n0285_007:0328c24	猶如瑠璃。	猶 如 瑠 璃 
X13n0285_007:0329a01	三七既畢壇儀應輟場地仍存故即於此修三昧	三 七 既 畢 壇 儀 應 輟 場 地 仍 存 故 即 於 此 修 三 昧 
X13n0285_007:0329a02	也此三摩地別則獨指耳根圓通通則亦可隨修	也 此 三 摩 地 別 則 獨 指 耳 根 圓 通 通 則 亦 可 隨 修 
X13n0285_007:0329a03	一種須知前來戒律壇儀二種助行秪為助此正	一 種 須 知 前 來 戒 律 壇 儀 二 種 助 行 秪 為 助 此 正 
X13n0285_007:0329a04	修若正修旨趣未明則助行皆為虗設可不慎哉。	修 若 正 修 旨 趣 未 明 則 助 行 皆 為 虗 設 可 不 慎 哉 
X13n0285_007:0329a05	二簡其不成。	二 簡 其 不 成 
X13n0285_007:0329a06	阿難若此比丘本受戒師及同會中十比丘等其中	阿 難 若 此 比 丘 本 受 戒 師 及 同 會 中 十 比 丘 等 其 中 
X13n0285_007:0329a07	有一不清淨者如是道場多不成就。	有 一 不 清 淨 者 如 是 道 場 多 不 成 就 
X13n0285_007:0329a08	十比丘者且約極多不過十人言之准餘行法設	十 比 丘 者 且 約 極 多 不 過 十 人 言 之 准 餘 行 法 設 
X13n0285_007:0329a09	無同志寧可獨行不必強足十人致令不得清淨	無 同 志 寧 可 獨 行 不 必 強 足 十 人 致 令 不 得 清 淨 
X13n0285_007:0329a10	也此中簡非共有二事一受戒不如法二同行不	也 此 中 簡 非 共 有 二 事 一 受 戒 不 如 法 二 同 行 不 
X13n0285_007:0329a11	如法嗚呼末世比丘有名無義欲求成就其可得	如 法 嗚 呼 末 世 比 丘 有 名 無 義 欲 求 成 就 其 可 得 
X13n0285_007:0329a12	乎終日譚圓曾不知比丘戒為何事前文所云却	乎 終 日 譚 圓 曾 不 知 比 丘 戒 為 何 事 前 文 所 云 却 
X13n0285_007:0329a13	非出家具戒比丘為小乘道疑誤眾生墮無間獄	非 出 家 具 戒 比 丘 為 小 乘 道 疑 誤 眾 生 墮 無 間 獄 
X13n0285_007:0329a14	此之謂也哀哉。三明其獲益。	此 之 謂 也 哀 哉 三 明 其 獲 益 
X13n0285_007:0329a15	從三七後端坐安居經一百日有利根者不起於座	從 三 七 後 端 坐 安 居 經 一 百 日 有 利 根 者 不 起 於 座 
X13n0285_007:0329a16	得須陀洹縱其身心聖果未成決定自知成佛不謬。	得 須 陀 洹 縱 其 身 心 聖 果 未 成 決 定 自 知 成 佛 不 謬 
X13n0285_007:0329a17	前云三七不寐即是制令常行今云端坐百日即	前 云 三 七 不 寐 即 是 制 令 常 行 今 云 端 坐 百 日 即 
X13n0285_007:0329a18	是制令常坐也須陀洹者見道之位此通二義一	是 制 令 常 坐 也 須 陀 洹 者 見 道 之 位 此 通 二 義 一 
X13n0285_007:0329a19	者約圓見道即是初發心住此為最利二者以藏	者 約 圓 見 道 即 是 初 發 心 住 此 為 最 利 二 者 以 藏 
X13n0285_007:0329a20	對圓即是初信心位猶如阿難圓悟藏性頓獲法	對 圓 即 是 初 信 心 位 猶 如 阿 難 圓 悟 藏 性 頓 獲 法 
X13n0285_007:0329a21	身此亦可稱利也縱其身心等者近成五品圓解	身 此 亦 可 稱 利 也 縱 其 身 心 等 者 近 成 五 品 圓 解 
X13n0285_007:0329a22	分明所謂具縛凡夫能知如來祕密之藏是故決	分 明 所 謂 具 縛 凡 夫 能 知 如 來 祕密之藏 是 故 決 
X13n0285_007:0329a23	定自知成佛不謬也。二總結。	定 自 知 成 佛 不 謬 也 二 總 結 
X13n0285_007:0329a24	汝問道場建立如是。	汝 問 道 場 建 立 如 是 
X13n0285_007:0329b01	二重宣佛頂神呪三初阿難述請二如來正說三	二 重 宣 佛 頂 神 呪 三 初 阿 難 述 請 二 如 來 正 說 三 
X13n0285_007:0329b02	護法述願。今初。	護 法 述 願 今 初 
X13n0285_007:0329b03	阿難頂禮佛足而白佛言自我出家恃佛憍愛求多	阿 難 頂禮佛足 而 白 佛 言 自 我 出 家 恃 佛 憍 愛 求 多 
X13n0285_007:0329b04	聞故未證無為遭彼梵天邪術所禁心雖明了力不	聞 故 未 證 無 為 遭 彼 梵 天 邪 術 所 禁 心 雖 明 了 力 不 
X13n0285_007:0329b05	自由賴遇文殊令我解脫雖蒙如來佛頂神呪冥獲	自 由 賴 遇 文 殊 令 我 解 脫 雖 蒙 如 來 佛 頂 神 呪 冥 獲 
X13n0285_007:0329b06	其力尚未親聞惟願大慈重為宣說悲救此會諸修	其 力 尚 未 親 聞 惟 願 大 慈 重 為 宣 說 悲 救 此 會 諸 修 
X13n0285_007:0329b07	行輩末及當來在輪迴者承佛密音身意解脫於時	行 輩 末 及 當 來 在 輪 迴 者 承 佛 密 音 身 意 解 脫 於 時 
X13n0285_007:0329b08	會中一切大眾普皆作禮佇聞如來祕密章句。	會 中 一 切 大 眾 普 皆 作 禮 佇 聞 如 來 祕 密 章 句 
X13n0285_007:0329b09	二如來正說二初現化佛說呪二述功德勸持。	二 如 來 正 說 二 初 現 化 佛 說 呪 二 述 功 德 勸 持 
X13n0285_007:0329b10	初中二初現化表法二正說神呪。今初。	初 中 二 初 現 化 表 法 二 正 說 神 呪 今 初 
X13n0285_007:0329b11	爾時世尊從肉髻中涌百寶光光中涌出千葉寶蓮	爾 時 世 尊 從 肉 髻 中 涌 百 寶 光 光 中 涌 出 千 葉 寶 蓮 
X13n0285_007:0329b12	有化如來坐寶華中頂放十道百寶光明一一光明	有 化 如 來 坐 寶 華 中 頂 放 十 道 百 寶 光 明 一 一 光 明 
X13n0285_007:0329b13	皆徧示現十恒河沙金剛密迹擎山持杵徧虗空界	皆 徧 示 現 十 恒 河 沙 金 剛 密 迹 擎 山 持 杵 徧 虗 空 界 
X13n0285_007:0329b14	大眾仰觀畏愛兼抱求佛哀祐一心聽佛無見頂相	大 眾 仰 觀 畏 愛 兼 抱 求 佛 哀 祐 一 心 聽 佛 無見頂相 
X13n0285_007:0329b15	放光如來宣說神呪。	放 光 如 來 宣 說 神 呪 
X13n0285_007:0329b16	內髻即無見頂相所謂大佛頂也百寶光者表百	內 髻 即 無見頂相 所 謂 大 佛 頂 也 百 寶 光 者 表 百 
X13n0285_007:0329b17	界智光也千葉寶蓮表千如因果也有化如來坐	界 智 光 也 千 葉 寶 蓮 表 千 如 因 果 也 有 化 如 來 坐 
X13n0285_007:0329b18	寶華中表此千如因果即是諸佛所證又化如來	寶 華 中 表 此 千 如 因 果 即 是 諸 佛 所 證 又 化 如 來 
X13n0285_007:0329b19	即表眾生本有佛性頂法之中各具十界界界各	即 表 眾 生 本 有 佛 性 頂 法 之 中 各 具 十 界 界 界 各 
X13n0285_007:0329b20	具百法也一一光明等者表法法中本有智光皆	具 百 法 也 一 一 光 明 等 者 表 法 法 中 本 有 智 光 皆 
X13n0285_007:0329b21	如金剛不可沮壞皆能摧破十界恒沙煩惱皆能	如 金 剛 不 可 沮 壞 皆 能 摧 破 十 界 恒 沙 煩 惱 皆 能 
X13n0285_007:0329b22	顯示十界恒沙德用也具威折故大眾咸畏具慈	顯 示 十 界 恒 沙 德 用 也 具 威 折 故 大 眾 咸 畏 具 慈 
X13n0285_007:0329b23	攝故大眾咸愛。二正說神呪。	攝 故 大 眾 咸 愛 二 正 說 神 呪 
X13n0285_007:0329b24	南無薩怛他蘇伽多耶阿囉訶帝三藐三菩陀寫(一)	南 無 薩 怛 他 蘇 伽 多 耶 阿 囉 訶 帝 三 藐 三 菩 陀 寫 一 
X13n0285_007:0329c01	薩怛他佛陀俱知瑟尼釤(二)南無薩婆勃陀勃地薩	薩 怛 他 佛 陀 俱 知 瑟 尼 釤 二 南 無 薩 婆 勃 陀 勃 地 薩 
X13n0285_007:0329c02	跢鞞弊(三毗迦切)南無薩多南三藐三菩陀俱知南(四)娑	跢 鞞 弊 三 毗 迦 切 南 無 薩 多 南 三 藐 三 菩 陀 俱 知 南 四 娑 
X13n0285_007:0329c03	舍囉婆迦僧伽喃(五)南無盧雞阿羅漢跢喃(六)南無	舍 囉 婆 迦 僧 伽 喃 五 南 無 盧 雞 阿 羅 漢 跢 喃 六 南 無 
X13n0285_007:0329c04	蘇盧多波那喃(七)南無娑羯唎陀伽彌喃(八)南無盧	蘇 盧 多 波 那 喃 七 南 無 娑 羯 唎 陀 伽 彌 喃 八 南 無 盧 
X13n0285_007:0329c05	雞三藐伽跢喃(九)三藐伽波囉底波多那喃(十)南無	雞 三 藐 伽 跢 喃 九 三 藐 伽 波 囉 底 波 多 那 喃 十 南 無 
X13n0285_007:0329c06	提婆離瑟赧(十一)南無悉陀耶毗地耶陀囉離瑟赧(十二)	提 婆 離 瑟 赧 十 一 南 無 悉 陀 耶 毗 地 耶 陀 囉 離 瑟 赧 十 二 
X13n0285_007:0329c07	舍波奴揭囉訶娑訶娑囉摩他喃(十三)南無跋囉訶摩	舍 波 奴 揭 囉 訶 娑 訶 娑 囉 摩 他 喃 十 三 南 無 跋 囉 訶 摩 
X13n0285_007:0329c08	泥(十四)南無因陀囉耶(十五)南無婆伽婆帝(十六)嚧陀囉耶	泥 十 四 南 無 因 陀 囉 耶 十 五 南 無 婆 伽 婆 帝 十 六 嚧 陀 囉 耶 
X13n0285_007:0329c09	(十七)烏摩般帝(十八)娑醯夜耶(十九)南無婆伽婆帝(二十)那囉	 十 七 烏 摩 般 帝 十 八 娑 醯 夜 耶 十 九 南 無 婆 伽 婆 帝 二 十 那 囉 
X13n0285_007:0329c10	野拏耶(二十一)槃遮摩訶三慕陀囉(二十二)南無悉羯唎	野 拏 耶 二 十 一 槃 遮 摩 訶 三 慕 陀 囉 二 十 二 南 無 悉 羯 唎 
X13n0285_007:0329c11	多耶(二十三)南無婆伽婆帝(二十四)摩訶迦囉耶(二十五)地	多 耶 二 十 三 南 無 婆 伽 婆 帝 二 十 四 摩 訶 迦 囉 耶 二 十 五 地 
X13n0285_007:0329c12	唎般剌那伽囉(二十六)毗陀囉波拏迦囉耶(二十七)阿地	唎 般 剌 那 伽 囉 二 十 六 毗 陀 囉 波 拏 迦 囉 耶 二 十 七 阿 地 
X13n0285_007:0329c13	目帝(二十八)尸摩舍那泥婆悉泥(二十九)摩怛唎伽拏(三十)	目 帝 二 十 八 尸摩舍那 泥 婆 悉 泥 二 十 九 摩 怛 唎 伽 拏 三 十 
X13n0285_007:0329c14	南無悉羯唎多耶(三十一)南無婆伽婆帝(三十二)多他伽	南 無 悉 羯 唎 多 耶 三 十 一 南 無 婆 伽 婆 帝 三 十 二 多 他 伽 
X13n0285_007:0329c15	跢俱囉耶(三十三)南無般頭摩俱囉耶(三十四)南無跋闍	跢 俱 囉 耶 三 十 三 南 無 般 頭 摩 俱 囉 耶 三 十 四 南 無 跋 闍 
X13n0285_007:0329c16	囉俱囉耶(三十五)南無摩尼俱囉那(三十六)南無伽闍俱	囉 俱 囉 耶 三 十 五 南 無 摩 尼 俱 囉 那 三 十 六 南 無 伽 闍 俱 
X13n0285_007:0329c17	囉耶(三十七)南無婆伽婆帝(三十八)帝唎茶輸囉西那(三十	囉 耶 三 十 七 南 無 婆 伽 婆 帝 三 十 八 帝 唎 茶 輸 囉 西 那 三 十 
X13n0285_007:0329c18	九)波囉訶囉拏囉闍耶(四十)跢他伽多耶(四十一)南無婆	九 波 囉 訶 囉 拏 囉 闍 耶 四 十 跢 他 伽 多 耶 四 十 一 南 無 婆 
X13n0285_007:0329c19	伽婆帝(四十二)南無阿彌多婆耶(四十三)跢他伽多耶(四十	伽 婆 帝 四 十 二 南 無 阿 彌 多 婆 耶 四 十 三 跢 他 伽 多 耶 四 十 
X13n0285_007:0329c20	四)阿囉訶帝(四十五)三藐三菩陀耶(四十六)南無婆伽婆	四 阿 囉 訶 帝 四 十 五 三 藐 三 菩 陀 耶 四 十 六 南 無 婆 伽 婆 
X13n0285_007:0329c21	帝(四十七)阿芻鞞耶(四十八)跢他伽多耶(四十九)阿囉訶帝	帝 四 十 七 阿 芻 鞞 耶 四 十 八 跢 他 伽 多 耶 四 十 九 阿 囉 訶 帝 
X13n0285_007:0329c22	(五十)三藐三菩陀耶(五十一)南無婆伽婆帝(五十二)鞞沙闍	 五 十 三 藐 三 菩 陀 耶 五 十 一 南 無 婆 伽 婆 帝 五 十 二 鞞 沙 闍 
X13n0285_007:0329c23	耶俱嚧吠柱唎耶(五十三)般囉婆囉闍耶(五十四)跢他伽	耶 俱 嚧 吠 柱 唎 耶 五 十 三 般 囉 婆 囉 闍 耶 五 十 四 跢 他 伽 
X13n0285_007:0329c24	多耶(五十五)南無婆伽婆帝(五十六)三補師毖多(五十七)薩	多 耶 五 十 五 南 無 婆 伽 婆 帝 五 十 六 三 補 師 毖 多 五 十 七 薩 
X13n0285_007:0330a01	憐捺囉剌闍耶(五十八)跢他伽多耶(五十九)阿囉訶帝(六十)	憐 捺 囉 剌 闍 耶 五 十 八 跢 他 伽 多 耶 五 十 九 阿 囉 訶 帝 六 十 
X13n0285_007:0330a02	三藐三菩陀耶(六十一)南無婆伽婆帝(六十二)舍雞野母	三 藐 三 菩 陀 耶 六 十 一 南 無 婆 伽 婆 帝 六 十 二 舍 雞 野 母 
X13n0285_007:0330a03	那曳(六十三)跢他伽多耶(六十四)阿囉訶帝(六十五)三藐三	那 曳 六 十 三 跢 他 伽 多 耶 六 十 四 阿 囉 訶 帝 六 十 五 三 藐 三 
X13n0285_007:0330a04	菩陀耶(六十六)南無婆伽婆帝(六十七)剌怛那雞都囉闍	菩 陀 耶 六 十 六 南 無 婆 伽 婆 帝 六 十 七 剌 怛 那 雞 都 囉 闍 
X13n0285_007:0330a05	耶(六十八)跢他伽多耶(六十九)阿囉訶帝(七十)三藐三菩陀	耶 六 十 八 跢 他 伽 多 耶 六 十 九 阿 囉 訶 帝 七 十 三 藐 三 菩 陀 
X13n0285_007:0330a06	耶(七十一)帝瓢南無薩羯唎多(七十二)翳曇婆伽婆多(七十	耶 七 十 一 帝 瓢 南 無 薩 羯 唎 多 七 十 二 翳 曇 婆 伽 婆 多 七 十 
X13n0285_007:0330a07	三)薩怛他伽都瑟尼釤(七十四)薩怛多般怛[口*藍](七十五)南	三 薩 怛 他 伽 都 瑟 尼 釤 七 十 四 薩 怛 多 般 怛 [口藍] 七 十 五 南 
X13n0285_007:0330a08	無阿婆囉視躭(七十六)般囉帝揚岐囉(七十七)薩囉婆部	無 阿 婆 囉 視 躭 七 十 六 般 囉 帝 揚 岐 囉 七 十 七 薩 囉 婆 部 
X13n0285_007:0330a09	多揭囉訶(七十八)尼羯囉訶揭迦囉訶尼(七十九)跋囉毖	多 揭 囉 訶 七 十 八 尼 羯 囉 訶 揭 迦 囉 訶 尼 七 十 九 跋 囉 毖 
X13n0285_007:0330a10	地耶叱陀你(八十)阿迦囉密唎柱(八十一)般唎怛囉耶儜	地 耶 叱 陀 你 八 十 阿 迦 囉 密 唎 柱 八 十 一 般 唎 怛 囉 耶 儜 
X13n0285_007:0330a11	揭唎(八十二)薩囉婆槃陀那目叉尼(八十三)薩囉婆突瑟	揭 唎 八 十 二 薩 囉 婆 槃 陀 那 目 叉 尼 八 十 三 薩 囉 婆 突 瑟 
X13n0285_007:0330a12	吒(八十四)突悉乏般那你伐囉尼(八十五)赭都囉失帝南	吒 八 十 四 突 悉 乏 般 那 你 伐 囉 尼 八 十 五 赭 都 囉 失 帝 南 
X13n0285_007:0330a13	(八十六)羯囉訶娑訶薩囉若闍(八十七)毗多崩娑那羯唎	 八 十 六 羯 囉 訶 娑 訶 薩 囉 若 闍 八 十 七 毗 多 崩 娑 那 羯 唎 
X13n0285_007:0330a14	(八十八)阿瑟吒氷舍帝南(八十九)那叉剎怛囉若闍(九十)波	 八 十 八 阿 瑟 吒 氷 舍 帝 南 八 十 九 那 叉 剎 怛 囉 若 闍 九 十 波 
X13n0285_007:0330a15	囉薩陀那羯唎(九十一)阿瑟吒南(九十二)摩訶揭囉訶若	囉 薩 陀 那 羯 唎 九 十 一 阿 瑟 吒 南 九 十 二 摩 訶 揭 囉 訶 若 
X13n0285_007:0330a16	闍(九十三)毗多崩薩那羯唎(九十四)薩婆舍都嚧你婆囉	闍 九 十 三 毗 多 崩 薩 那 羯 唎 九 十 四 薩 婆 舍 都 嚧 你 婆 囉 
X13n0285_007:0330a17	若闍(九十五)呼藍突悉乏難遮那舍尼(九十六)毖沙舍悉	若 闍 九 十 五 呼 藍 突 悉 乏 難 遮 那 舍 尼 九 十 六 毖 沙 舍 悉 
X13n0285_007:0330a18	怛囉(九十七)阿吉尼烏陀迦囉若闍(九十八)阿般囉視多	怛 囉 九 十 七 阿 吉 尼 烏 陀 迦 囉 若 闍 九 十 八 阿 般 囉 視 多 
X13n0285_007:0330a19	具囉(九十九)摩訶般囉戰持(一百)摩訶疊多(一百一)摩訶帝	具 囉 九 十 九 摩 訶 般 囉 戰 持 一 百 摩 訶 疊 多 一 百 一 摩 訶 帝 
X13n0285_007:0330a20	闍(二)摩訶稅多闍婆囉(三)摩訶跋囉槃陀囉婆悉你	闍 二 摩 訶 稅 多 闍 婆 囉 三 摩 訶 跋 囉 槃 陀 囉 婆 悉 你 
X13n0285_007:0330a21	(四)阿唎耶多囉(五)毗唎俱知(六)誓婆毗闍耶(七)跋闍	 四 阿 唎 耶 多 囉 五 毗 唎 俱 知 六 誓 婆 毗 闍 耶 七 跋 闍 
X13n0285_007:0330a22	囉摩禮底(八)毗舍嚧多(九)勃騰罔迦(十)跋闍囉制喝	囉 摩 禮 底 八 毗 舍 嚧 多 九 勃 騰 罔 迦 十 跋 闍 囉 制 喝 
X13n0285_007:0330a23	那阿遮(十一)摩囉制婆般囉質多(十二)跋闍囉擅持(十三)毗	那 阿 遮 十 一 摩 囉 制 婆 般 囉 質 多 十 二 跋 闍 囉 擅 持 十 三 毗 
X13n0285_007:0330a24	舍囉遮(十四)扇多舍鞞提婆補視多(十五)蘇摩嚧波(十六)摩	舍 囉 遮 十 四 扇 多 舍 鞞 提 婆 補 視 多 十 五 蘇 摩 嚧 波 十 六 摩 
X13n0285_007:0330b01	訶稅多(十七)阿唎耶多囉(十八)摩訶婆囉阿般囉(十九)跋闍	訶 稅 多 十 七 阿 唎 耶 多 囉 十 八 摩 訶 婆 囉 阿 般 囉 十 九 跋 闍 
X13n0285_007:0330b02	囉商羯囉制婆(二十)跋闍囉俱摩唎(二十一)俱藍陀唎(二十	囉 商 羯 囉 制 婆 二 十 跋 闍 囉 俱 摩 唎 二 十 一 俱 藍 陀 唎 二 十 
X13n0285_007:0330b03	二)跋闍囉喝薩多遮(二十三)毗地耶乾遮那摩唎迦(二十	二 跋 闍 囉 喝 薩 多 遮 二 十 三 毗 地 耶 乾 遮 那 摩 唎 迦 二 十 
X13n0285_007:0330b04	四)啒蘇母婆羯囉跢那(二十五)鞞嚧遮那俱唎耶(二十六)	四 啒 蘇 母 婆 羯 囉 跢 那 二 十 五 鞞 嚧 遮 那 俱 唎 耶 二 十 六 
X13n0285_007:0330b05	夜囉菟瑟尼釤(二十七)毗折[口*藍]婆摩尼遮(二十八)跋闍囉	夜 囉 菟 瑟 尼 釤 二 十 七 毗 折 [口藍] 婆 摩 尼 遮 二 十 八 跋 闍 囉 
X13n0285_007:0330b06	迦那迦波囉婆(二十九)嚧闍那跋闍囉頓稚遮(三十)稅多	迦 那 迦 波 囉 婆 二 十 九 嚧 闍 那 跋 闍 囉 頓 稚 遮 三 十 稅 多 
X13n0285_007:0330b07	遮迦摩囉(三十一)剎奢尸波囉婆(三十二)翳帝夷帝(三十三)	遮 迦 摩 囉 三 十 一 剎 奢 尸 波 囉 婆 三 十 二 翳 帝 夷 帝 三 十 三 
X13n0285_007:0330b08	母陀囉羯拏(三十四)沙鞞囉懺(三十五)掘梵都(三十六)印兔	母 陀 囉 羯 拏 三 十 四 沙 鞞 囉 懺 三 十 五 掘 梵 都 三 十 六 印 兔 
X13n0285_007:0330b09	那麼麼寫(三十七誦者至此句稱弟子某受持)烏[合*牛](三十八)唎瑟揭拏(三十	那 麼 麼 寫 三 十 七 誦 者 至 此 句 稱 弟 子 某 受 持 烏 [合牛] 三 十 八 唎 瑟 揭 拏 三 十 
X13n0285_007:0330b10	九)般剌舍悉多(四十)薩怛他伽都瑟尼釤(四十一)虎[合*牛](四十	九 般 剌 舍 悉 多 四 十 薩 怛 他 伽 都 瑟 尼 釤 四 十 一 虎 [合牛] 四 十 
X13n0285_007:0330b11	二)都嚧雍(四十三)瞻婆那(四十四)虎[合*牛](四十五)都嚧雍(四十六)	二 都 嚧 雍 四 十 三 瞻 婆 那 四 十 四 虎 [合牛] 四 十 五 都 嚧 雍 四 十 六 
X13n0285_007:0330b12	悉躭婆那(四十七)虎[合*牛](四十八)都嚧雍(四十九)波羅瑟地耶	悉 躭 婆 那 四 十 七 虎 [合牛] 四 十 八 都 嚧 雍 四 十 九 波 羅 瑟 地 耶 
X13n0285_007:0330b13	三般叉拏羯囉(五十)虎[合*牛](五十一)都嚧雍(五十二)薩婆藥叉	三 般 叉 拏 羯 囉 五 十 虎 [合牛] 五 十 一 都 嚧 雍 五 十 二 薩 婆 藥 叉 
X13n0285_007:0330b14	喝囉剎娑(五十三)揭囉訶若闍(五十四)毗騰崩薩那羯囉	喝 囉 剎 娑 五 十 三 揭 囉 訶 若 闍 五 十 四 毗 騰 崩 薩 那 羯 囉 
X13n0285_007:0330b15	(五十五)虎[合*牛](五十六)都嚧雍(五十七)者都囉尸底南(五十八)揭	 五 十 五 虎 [合牛] 五 十 六 都 嚧 雍 五 十 七 者 都 囉 尸 底 南 五 十 八 揭 
X13n0285_007:0330b16	囉訶娑訶薩囉南(五十九)毗騰崩薩那囉(六十)虎[合*牛](六十一)	囉 訶 娑 訶 薩 囉 南 五 十 九 毗 騰 崩 薩 那 囉 六 十 虎 [合牛] 六 十 一 
X13n0285_007:0330b17	都嚧雍(六十二)囉叉(六十三)婆伽梵(六十四)薩怛他伽都瑟	都 嚧 雍 六 十 二 囉 叉 六 十 三 婆 伽 梵 六 十 四 薩 怛 他 伽 都 瑟 
X13n0285_007:0330b18	尼釤(六十五)波囉點闍吉唎(六十六)摩訶娑訶薩囉(六十七)	尼 釤 六 十 五 波 囉 點 闍 吉 唎 六 十 六 摩 訶 娑 訶 薩 囉 六 十 七 
X13n0285_007:0330b19	勃樹娑訶薩囉室唎娑(六十八)俱知娑訶薩泥帝[口*(隸木+士)](六十	勃 樹 娑 訶 薩 囉 室 唎 娑 六 十 八 俱 知 娑 訶 薩 泥 帝 [口隸木士] 六 十 
X13n0285_007:0330b20	九)阿弊提視婆唎多(七十)吒吒甖迦(七十一)摩訶跋闍嚧	九 阿 弊 提 視 婆 唎 多 七 十 吒 吒 甖 迦 七 十 一 摩 訶 跋 闍 嚧 
X13n0285_007:0330b21	陀囉(七十二)帝唎菩婆那(七十三)曼茶囉(七十四)烏[合*牛](七十五)	陀 囉 七 十 二 帝 唎 菩 婆 那 七 十 三 曼 茶 囉 七 十 四 烏 [合牛] 七 十 五 
X13n0285_007:0330b22	莎悉帝薄婆都(七十六)麼麼(七十七)印兔那麼麼寫(七十八至	莎 悉 帝 薄 婆 都 七 十 六 麼 麼 七 十 七 印 兔 那 麼 麼 寫 七 十 八 至 
X13n0285_007:0330b23	此句準前稱名若俗人稱弟子某甲)囉闍婆夜(七十九)主囉跋夜(八十)阿祇	此 句 準 前 稱 名 若 俗 人 稱 弟 子 某 甲 囉 闍 婆 夜 七 十 九 主 囉 跋 夜 八 十 阿 祇 
X13n0285_007:0330b24	尼婆夜(八十一)烏陀迦婆夜(八十二)毗沙婆夜(八十三)舍薩	尼 婆 夜 八 十 一 烏 陀 迦 婆 夜 八 十 二 毗 沙 婆 夜 八 十 三 舍 薩 
X13n0285_007:0330c01	多囉婆夜(八十四)婆囉斫羯婆夜(八十五)突瑟叉婆夜	多 囉 婆 夜 八 十 四 婆 囉 斫 羯 婆 夜 八 十 五 突 瑟 叉 婆 夜 
X13n0285_007:0330c02	(八十六)阿舍你婆夜(八十七)阿迦囉密唎柱婆夜(八十八)陀	 八 十 六 阿 舍 你 婆 夜 八 十 七 阿 迦 囉 密 唎 柱 婆 夜 八 十 八 陀 
X13n0285_007:0330c03	囉尼部彌劒波伽波陀婆夜(八十九)烏囉迦婆多婆夜	囉 尼 部 彌 劒 波 伽 波 陀 婆 夜 八 十 九 烏 囉 迦 婆 多 婆 夜 
X13n0285_007:0330c04	(九十)剌闍檀茶婆夜(九十一)那伽婆夜(九十二)毗條怛婆夜	 九 十 剌 闍 檀 茶 婆 夜 九 十 一 那 伽 婆 夜 九 十 二 毗 條 怛 婆 夜 
X13n0285_007:0330c05	(九十三)蘇波囉拏婆夜(九十四)藥叉揭囉訶(九十五)囉叉私	 九 十 三 蘇 波 囉 拏 婆 夜 九 十 四 藥 叉 揭 囉 訶 九 十 五 囉 叉 私 
X13n0285_007:0330c06	揭囉訶(九十六)畢唎多揭囉訶(九十七)毗舍遮揭囉訶(九十	揭 囉 訶 九 十 六 畢 唎 多 揭 囉 訶 九 十 七 毗 舍 遮 揭 囉 訶 九 十 
X13n0285_007:0330c07	八)部多揭囉訶(九十九)鳩槃茶揭囉訶(二百)補丹那揭囉	八 部 多 揭 囉 訶 九 十 九 鳩 槃 茶 揭 囉 訶 二 百 補 丹 那 揭 囉 
X13n0285_007:0330c08	訶(一)迦吒補丹那揭囉訶(二)悉乾度揭囉訶(三)阿播	訶 一 迦 吒 補 丹 那 揭 囉 訶 二 悉 乾 度 揭 囉 訶 三 阿 播 
X13n0285_007:0330c09	悉摩囉揭囉訶(四)烏檀摩陀揭囉訶(五)車夜揭囉訶	悉 摩 囉 揭 囉 訶 四 烏 檀 摩 陀 揭 囉 訶 五 車 夜 揭 囉 訶 
X13n0285_007:0330c10	(六)醯唎婆帝揭囉訶(七)社多訶唎南(八)揭婆訶唎南	 六 醯 唎 婆 帝 揭 囉 訶 七 社 多 訶 唎 南 八 揭 婆 訶 唎 南 
X13n0285_007:0330c11	(九)嚧地囉訶唎南(十)忙娑訶唎南(十一)謎陀訶唎南(十二)	 九 嚧 地 囉 訶 唎 南 十 忙 娑 訶 唎 南 十 一 謎 陀 訶 唎 南 十 二 
X13n0285_007:0330c12	摩闍訶唎南(十三)闍多訶唎女(十四)視比多訶唎南(十五)毗	摩 闍 訶 唎 南 十 三 闍 多 訶 唎 女 十 四 視 比 多 訶 唎 南 十 五 毗 
X13n0285_007:0330c13	多訶唎南(十六)婆多訶唎南(十七)阿輸遮訶唎女(十八)質多	多 訶 唎 南 十 六 婆 多 訶 唎 南 十 七 阿 輸 遮 訶 唎 女 十 八 質 多 
X13n0285_007:0330c14	訶唎女(十九)帝釤薩鞞釤(二十)薩婆揭囉訶南(二十一)毗陀	訶 唎 女 十 九 帝 釤 薩 鞞 釤 二 十 薩 婆 揭 囉 訶 南 二 十 一 毗 陀 
X13n0285_007:0330c15	耶闍瞋陀夜彌(二十二)雞囉夜彌(二十三)波唎跋囉者迦	耶 闍 瞋 陀 夜 彌 二 十 二 雞 囉 夜 彌 二 十 三 波 唎 跋 囉 者 迦 
X13n0285_007:0330c16	訖唎擔(二十四)毗陀耶闍瞋陀夜彌(二十五)雞囉夜彌(二十	訖 唎 擔 二 十 四 毗 陀 耶 闍 瞋 陀 夜 彌 二 十 五 雞 囉 夜 彌 二 十 
X13n0285_007:0330c17	六)茶演尼訖唎擔(二十七)毗陀耶闍瞋陀夜彌(二十八)雞	六 茶 演 尼 訖 唎 擔 二 十 七 毗 陀 耶 闍 瞋 陀 夜 彌 二 十 八 雞 
X13n0285_007:0330c18	囉夜彌(二十九)摩訶般輸般怛夜(三十)嚧陀囉訖唎擔(三十	囉 夜 彌 二 十 九 摩 訶 般 輸 般 怛 夜 三 十 嚧 陀 囉 訖 唎 擔 三 十 
X13n0285_007:0330c19	一)毗陀耶闍瞋陀夜彌(三十二)雞囉夜彌(三十三)那囉夜	一 毗 陀 耶 闍 瞋 陀 夜 彌 三 十 二 雞 囉 夜 彌 三 十 三 那 囉 夜 
X13n0285_007:0330c20	拏訖唎擔(三十四)毗陀耶闍瞋陀夜彌(三十五)雞囉夜彌	拏 訖 唎 擔 三 十 四 毗 陀 耶 闍 瞋 陀 夜 彌 三 十 五 雞 囉 夜 彌 
X13n0285_007:0330c21	(三十六)怛埵伽嚧茶西訖唎擔(三十七)毗陀耶闍瞋陀夜	 三 十 六 怛 埵 伽 嚧 茶 西 訖 唎 擔 三 十 七 毗 陀 耶 闍 瞋 陀 夜 
X13n0285_007:0330c22	彌(三十八)雞囉夜彌(三十九)摩訶迦囉摩怛唎伽拏訖唎	彌 三 十 八 雞 囉 夜 彌 三 十 九 摩 訶 迦 囉 摩 怛 唎 伽 拏 訖 唎 
X13n0285_007:0330c23	擔(四十)毗陀耶闍瞋陀夜彌(四十一)雞囉夜彌(四十二)迦波	擔 四 十 毗 陀 耶 闍 瞋 陀 夜 彌 四 十 一 雞 囉 夜 彌 四 十 二 迦 波 
X13n0285_007:0330c24	唎迦訖唎擔(四十三)毗陀耶闍瞋陀夜彌(四十四)雞囉夜	唎 迦 訖 唎 擔 四 十 三 毗 陀 耶 闍 瞋 陀 夜 彌 四 十 四 雞 囉 夜 
X13n0285_007:0331a01	彌(四十五)闍耶羯囉摩度羯囉(四十六)薩婆囉他娑達那	彌 四 十 五 闍 耶 羯 囉 摩 度 羯 囉 四 十 六 薩 婆 囉 他 娑 達 那 
X13n0285_007:0331a02	訖唎擔(四十七)毗陀耶闍瞋陀夜彌(四十八)雞囉夜彌(四十	訖 唎 擔 四 十 七 毗 陀 耶 闍 瞋 陀 夜 彌 四 十 八 雞 囉 夜 彌 四 十 
X13n0285_007:0331a03	九)赭咄囉婆耆你訖唎擔(五十)毗陀耶闍瞋陀夜彌(五十	九 赭 咄 囉 婆 耆 你 訖 唎 擔 五 十 毗 陀 耶 闍 瞋 陀 夜 彌 五 十 
X13n0285_007:0331a04	一)雞囉夜彌(五十二)毗唎羊訖唎知(五十三)難陀雞沙囉	一 雞 囉 夜 彌 五 十 二 毗 唎 羊 訖 唎 知 五 十 三 難 陀 雞 沙 囉 
X13n0285_007:0331a05	伽拏般帝(五十四)索醯夜訖唎擔(五十五)毗陀耶闍瞋陀	伽 拏 般 帝 五 十 四 索 醯 夜 訖 唎 擔 五 十 五 毗 陀 耶 闍 瞋 陀 
X13n0285_007:0331a06	夜彌(五十六)雞囉夜彌(五十七)那揭那舍囉婆拏訖唎擔	夜 彌 五 十 六 雞 囉 夜 彌 五 十 七 那 揭 那 舍 囉 婆 拏 訖 唎 擔 
X13n0285_007:0331a07	(五十八)毗陀耶闍瞋陀夜彌(五十九)雞囉夜彌(六十)阿羅漢	 五 十 八 毗 陀 耶 闍 瞋 陀 夜 彌 五 十 九 雞 囉 夜 彌 六 十 阿 羅 漢 
X13n0285_007:0331a08	訖唎擔毗陀耶闍瞋陀夜彌(六十一)雞囉夜彌(六十二)毗	訖 唎 擔 毗 陀 耶 闍 瞋 陀 夜 彌 六 十 一 雞 囉 夜 彌 六 十 二 毗 
X13n0285_007:0331a09	多囉伽訖唎擔(六十三)毗陀耶闍瞋陀夜彌(六十四)雞囉	多 囉 伽 訖 唎 擔 六 十 三 毗 陀 耶 闍 瞋 陀 夜 彌 六 十 四 雞 囉 
X13n0285_007:0331a10	夜彌跋闍囉波你(六十五)具醯夜具醯夜(六十六)迦地般	夜 彌 跋 闍 囉 波 你 六 十 五 具 醯 夜 具 醯 夜 六 十 六 迦 地 般 
X13n0285_007:0331a11	帝訖唎擔(六十七)毗陀耶闍瞋陀夜彌(六十八)雞囉夜彌	帝 訖 唎 擔 六 十 七 毗 陀 耶 闍 瞋 陀 夜 彌 六 十 八 雞 囉 夜 彌 
X13n0285_007:0331a12	(六十九)囉叉罔(七十)婆伽梵(七十一)印兔那麼麼寫(七十二至此依	 六 十 九 囉 叉 罔 七 十 婆 伽 梵 七 十 一 印 兔 那 麼 麼 寫 七 十 二 至 此 依 
X13n0285_007:0331a13	前稱弟子名)婆伽梵(七十三)薩怛多般怛囉(七十四)南無粹都	前 稱 弟 子 名 婆 伽 梵 七 十 三 薩 怛 多 般 怛 囉 七 十 四 南 無 粹 都 
X13n0285_007:0331a14	帝(七十五)阿悉多那囉剌迦(七十六)波囉婆悉普吒(七十七)	帝 七 十 五 阿 悉 多 那 囉 剌 迦 七 十 六 波 囉 婆 悉 普 吒 七 十 七 
X13n0285_007:0331a15	毗迦薩怛多鉢帝唎(七十八)什佛囉什佛囉(七十九)陀囉	毗 迦 薩 怛 多 鉢 帝 唎 七 十 八 什 佛 囉 什 佛 囉 七 十 九 陀 囉 
X13n0285_007:0331a16	陀囉(八十)頻陀囉頻陀囉瞋陀瞋陀(八十一)虎[合*牛](八十二)虎	陀 囉 八 十 頻 陀 囉 頻 陀 囉 瞋 陀 瞋 陀 八 十 一 虎 [合牛] 八 十 二 虎 
X13n0285_007:0331a17	[合*牛](八十三)泮吒(八十四)泮吒泮吒泮吒泮吒(八十五)娑訶(八十	[合牛] 八 十 三 泮 吒 八 十 四 泮 吒 泮 吒 泮 吒 泮 吒 八 十 五 娑 訶 八 十 
X13n0285_007:0331a18	六)醯醯泮(八十七)阿牟迦耶泮(八十八)阿波囉提訶多泮	六 醯 醯 泮 八 十 七 阿 牟 迦 耶 泮 八 十 八 阿 波 囉 提 訶 多 泮 
X13n0285_007:0331a19	(八十九)婆囉波囉陀泮(九十)阿素囉毗陀囉波迦泮(九十一)	 八 十 九 婆 囉 波 囉 陀 泮 九 十 阿 素 囉 毗 陀 囉 波 迦 泮 九 十 一 
X13n0285_007:0331a20	薩婆提鞞弊泮(九十二)薩婆那伽弊泮(九十三)薩婆藥叉	薩 婆 提 鞞 弊 泮 九 十 二 薩 婆 那 伽 弊 泮 九 十 三 薩 婆 藥 叉 
X13n0285_007:0331a21	弊泮(九十四)薩婆乾闥婆弊泮(九十五)薩婆補丹那弊泮	弊 泮 九 十 四 薩 婆 乾 闥 婆 弊 泮 九 十 五 薩 婆 補 丹 那 弊 泮 
X13n0285_007:0331a22	(九十六)迦吒補丹那弊泮(九十七)薩婆突狼枳帝弊泮(九十	 九 十 六 迦 吒 補 丹 那 弊 泮 九 十 七 薩 婆 突 狼 枳 帝 弊 泮 九 十 
X13n0285_007:0331a23	八)薩婆突澀比[口*((禾*ㄉ)/牛)]訖瑟帝弊泮(九十九)薩婆什婆[口*犁]弊	八 薩 婆 突 澀 比 [口禾ㄉ牛]訖瑟帝弊泮九十九薩婆什婆[口犁] 弊 
X13n0285_007:0331a24	泮(三百)薩婆阿播悉摩[口*((禾*ㄉ)/牛)]弊泮(三百一)薩婆舍囉婆拏弊	泮 三 百 薩 婆 阿 播 悉 摩 [口禾ㄉ牛] 弊 泮 三 百 一 薩 婆 舍 囉 婆 拏 弊 
X13n0285_007:0331b01	泮(二)薩婆地帝雞弊泮(三)薩婆怛摩陀繼弊泮(四)薩	泮 二 薩 婆 地 帝 雞 弊 泮 三 薩 婆 怛 摩 陀 繼 弊 泮 四 薩 
X13n0285_007:0331b02	婆毗陀耶囉誓遮[口*((禾*ㄉ)/牛)]弊泮(五)闍夜羯囉摩度羯囉(六)	婆 毗 陀 耶 囉 誓 遮 [口禾ㄉ牛] 弊 泮 五 闍 夜 羯 囉 摩 度 羯 囉 六 
X13n0285_007:0331b03	薩婆囉他娑陀雞弊泮(七)毗地夜遮唎弊泮(八)者都	薩 婆 囉 他 娑 陀 雞 弊 泮 七 毗 地 夜 遮 唎 弊 泮 八 者 都 
X13n0285_007:0331b04	囉縛耆你弊泮(九)跋闍囉俱摩唎(十)毗陀夜囉誓弊	囉 縛 耆 你 弊 泮 九 跋 闍 囉 俱 摩 唎 十 毗 陀 夜 囉 誓 弊 
X13n0285_007:0331b05	泮(十一)摩訶波囉丁羊叉耆唎弊泮(十二)跋闍囉商羯囉	泮 十 一 摩 訶 波 囉 丁 羊 叉 耆 唎 弊 泮 十 二 跋 闍 囉 商 羯 囉 
X13n0285_007:0331b06	夜(十三)波囉丈耆囉闍耶泮(十四)摩訶迦囉夜(十五)摩訶末	夜 十 三 波 囉 丈 耆 囉 闍 耶 泮 十 四 摩 訶 迦 囉 夜 十 五 摩 訶 末 
X13n0285_007:0331b07	怛唎迦拏(十六)南無娑羯唎多夜泮(十七)毖瑟拏婢曳泮	怛 唎 迦 拏 十 六 南 無 娑 羯 唎 多 夜 泮 十 七 毖 瑟 拏 婢 曳 泮 
X13n0285_007:0331b08	(十八)勃囉訶牟尼曳泮(十九)阿耆尼曳泮(二十)摩訶羯唎曳	 十 八 勃 囉 訶 牟 尼 曳 泮 十 九 阿 耆 尼 曳 泮 二 十 摩 訶 羯 唎 曳 
X13n0285_007:0331b09	泮(二十一)羯囉檀持曳泮(二十二)蔑怛唎曳泮(二十三)嘮怛	泮 二 十 一 羯 囉 檀 持 曳 泮 二 十 二 蔑 怛 唎 曳 泮 二 十 三 嘮 怛 
X13n0285_007:0331b10	唎曳泮(二十四)遮文茶曳泮(二十五)羯邏囉怛唎曳泮(二十	唎 曳 泮 二 十 四 遮 文 茶 曳 泮 二 十 五 羯 邏 囉 怛 唎 曳 泮 二 十 
X13n0285_007:0331b11	六)迦般唎曳泮(二十七)阿地目質多迦尸摩舍那(二十八)	六 迦 般 唎 曳 泮 二 十 七 阿 地 目 質 多 迦 尸摩舍那 二 十 八 
X13n0285_007:0331b12	婆私你曳泮(二十九)演吉質(三十)薩埵婆寫(三十一)麼麼印	婆 私 你 曳 泮 二 十 九 演 吉 質 三 十 薩 埵 婆 寫 三 十 一 麼 麼 印 
X13n0285_007:0331b13	兔那麼麼寫(三十二至此依前稱弟子名)突瑟吒質多(三十三)阿末	兔 那 麼 麼 寫 三 十 二 至 此 依 前 稱 弟 子 名 突 瑟 吒 質 多 三 十 三 阿 末 
X13n0285_007:0331b14	怛唎質多(三十四)烏闍訶囉(三十五)伽婆訶囉(三十六)嚧地	怛 唎 質 多 三 十 四 烏闍訶囉 三 十 五 伽 婆 訶 囉 三 十 六 嚧 地 
X13n0285_007:0331b15	囉訶囉(三十七)婆娑訶囉(三十八)摩闍訶囉(三十九)闍多訶	囉 訶 囉 三 十 七 婆 娑 訶 囉 三 十 八 摩 闍 訶 囉 三 十 九 闍 多 訶 
X13n0285_007:0331b16	囉(四十)視毖多訶囉(四十一)跋略夜訶囉(四十二)乾陀訶囉	囉 四 十 視 毖 多 訶 囉 四 十 一 跋 略 夜 訶 囉 四 十 二 乾 陀 訶 囉 
X13n0285_007:0331b17	(四十三)布史波訶囉(四十四)頗囉訶囉(四十五)婆寫訶囉(四十	 四 十 三 布 史 波 訶 囉 四 十 四 頗 囉 訶 囉 四 十 五 婆 寫 訶 囉 四 十 
X13n0285_007:0331b18	六)般波質多(四十七)突瑟吒質多(四十八)嘮陀囉質多(四十	六 般 波 質 多 四 十 七 突 瑟 吒 質 多 四 十 八 嘮 陀 囉 質 多 四 十 
X13n0285_007:0331b19	九)藥叉揭囉訶(五十)囉剎娑揭囉訶(五十一)閉[口*(隸木+士)]多揭囉	九 藥 叉 揭 囉 訶 五 十 囉 剎 娑 揭 囉 訶 五 十 一 閉 [口隸木士] 多 揭 囉 
X13n0285_007:0331b20	訶(五十二)毗舍遮揭囉訶(五十三)部多揭囉訶(五十四)鳩槃	訶 五 十 二 毗 舍 遮 揭 囉 訶 五 十 三 部 多 揭 囉 訶 五 十 四 鳩 槃 
X13n0285_007:0331b21	茶揭囉訶(五十五)悉乾陀揭囉訶(五十六)烏怛摩陀揭囉	茶 揭 囉 訶 五 十 五 悉 乾 陀 揭 囉 訶 五 十 六 烏 怛 摩 陀 揭 囉 
X13n0285_007:0331b22	訶(五十七)車夜揭囉訶(五十八)阿播薩摩囉揭囉訶(五十九)	訶 五 十 七 車 夜 揭 囉 訶 五 十 八 阿 播 薩 摩 囉 揭 囉 訶 五 十 九 
X13n0285_007:0331b23	宅袪革茶耆尼揭囉訶(六十)唎佛帝揭囉訶(六十一)闍彌	宅 袪 革 茶 耆 尼 揭 囉 訶 六 十 唎 佛 帝 揭 囉 訶 六 十 一 闍 彌 
X13n0285_007:0331b24	迦揭囉訶(六十二)舍俱尼揭囉訶(六十三)姥陀囉難地迦	迦 揭 囉 訶 六 十 二 舍 俱 尼 揭 囉 訶 六 十 三 姥 陀 囉 難 地 迦 
X13n0285_007:0331c01	揭囉訶(六十四)阿藍婆揭囉訶(六十五)乾陀波尼揭囉訶	揭 囉 訶 六 十 四 阿 藍 婆 揭 囉 訶 六 十 五 乾 陀 波 尼 揭 囉 訶 
X13n0285_007:0331c02	(六十六)什佛囉堙迦醯迦(六十七)墜帝藥迦(六十八)怛[口*(隸木+士)]帝	 六 十 六 什 佛 囉 堙 迦 醯 迦 六 十 七 墜 帝 藥 迦 六 十 八 怛 [口隸木士] 帝 
X13n0285_007:0331c03	藥迦(六十九)者突託迦(七十)昵提什伐囉毖釤摩什伐囉	藥 迦 六 十 九 者 突 託 迦 七 十 昵 提 什 伐 囉 毖 釤 摩 什 伐 囉 
X13n0285_007:0331c04	(七十一)薄底迦(七十二)鼻底迦(七十三)室隷瑟密迦(七十四)娑	 七 十 一 薄 底 迦 七 十 二 鼻 底 迦 七 十 三 室 隷 瑟 密 迦 七 十 四 娑 
X13n0285_007:0331c05	你般帝迦(七十五)薩婆什伐囉(七十六)室嚧吉帝(七十七)末	你 般 帝 迦 七 十 五 薩 婆 什 伐 囉 七 十 六 室 嚧 吉 帝 七 十 七 末 
X13n0285_007:0331c06	陀鞞達嚧制劒(七十八)阿綺嚧鉗(七十九)目佉嚧鉗(八十)羯	陀 鞞 達 嚧 制 劒 七 十 八 阿 綺 嚧 鉗 七 十 九 目 佉 嚧 鉗 八 十 羯 
X13n0285_007:0331c07	唎突嚧鉗(八十一)揭囉訶揭藍(八十二)羯拏輸藍(八十三)憚	唎 突 嚧 鉗 八 十 一 揭 囉 訶 揭 藍 八 十 二 羯 拏 輸 藍 八 十 三 憚 
X13n0285_007:0331c08	多輸藍(八十四)迄唎夜輸藍(八十五)末麼輸藍(八十六)跋唎	多 輸 藍 八 十 四 迄 唎 夜 輸 藍 八 十 五 末 麼 輸 藍 八 十 六 跋 唎 
X13n0285_007:0331c09	室婆輸藍(八十七)毖栗瑟吒輸藍(八十八)烏陀囉輸藍(八十	室 婆 輸 藍 八 十 七 毖 栗 瑟 吒 輸 藍 八 十 八 烏 陀 囉 輸 藍 八 十 
X13n0285_007:0331c10	九)羯知輸藍(九十)跋悉帝輸藍(九十一)鄔嚧輸藍(九十二)常	九 羯 知 輸 藍 九 十 跋 悉 帝 輸 藍 九 十 一 鄔 嚧 輸 藍 九 十 二 常 
X13n0285_007:0331c11	迦輸藍(九十三)喝悉多輸藍(九十四)跋陀輸藍(九十五)娑房	迦 輸 藍 九 十 三 喝 悉 多 輸 藍 九 十 四 跋 陀 輸 藍 九 十 五 娑 房 
X13n0285_007:0331c12	盎伽般囉丈伽輸藍(九十六)部多毖跢茶(九十七)茶耆你	盎 伽 般 囉 丈 伽 輸 藍 九 十 六 部 多 毖 跢 茶 九 十 七 茶 耆 你 
X13n0285_007:0331c13	什婆囉(九十八)陀突嚧迦建咄嚧吉知婆路多毗(九十九)	什 婆 囉 九 十 八 陀 突 嚧 迦 建 咄 嚧 吉 知 婆 路 多 毗 九 十 九 
X13n0285_007:0331c14	薩般嚧訶凌伽(四百)輸沙怛囉娑那羯囉(四百一)毗沙喻	薩 般 嚧 訶 凌 伽 四 百 輸 沙 怛 囉 娑 那 羯 囉 四 百 一 毗 沙 喻 
X13n0285_007:0331c15	迦(二)阿耆尼烏陀迦(三)末囉鞞囉建跢囉(四)阿迦囉	迦 二 阿 耆 尼 烏 陀 迦 三 末 囉 鞞 囉 建 跢 囉 四 阿 迦 囉 
X13n0285_007:0331c16	密唎咄怛斂部迦(五)地栗剌吒(六)毖唎瑟質迦(七)薩	密 唎 咄 怛 斂 部 迦 五 地 栗 剌 吒 六 毖 唎 瑟 質 迦 七 薩 
X13n0285_007:0331c17	婆那俱囉(八)肆引伽弊揭囉唎藥叉怛囉芻(九)末囉	婆 那 俱 囉 八 肆 引 伽 弊 揭 囉 唎 藥 叉 怛 囉 芻 九 末 囉 
X13n0285_007:0331c18	視吠帝釤娑鞞釤(十)悉怛多鉢怛囉(十一)摩訶跋闍嚧	視 吠 帝 釤 娑 鞞 釤 十 悉 怛 多 鉢 怛 囉 十 一 摩 訶 跋 闍 嚧 
X13n0285_007:0331c19	瑟尼釤(十二)摩訶般賴丈耆藍(十三)夜波突陀舍喻闍那	瑟 尼 釤 十 二 摩 訶 般 賴 丈 耆 藍 十 三 夜 波 突 陀 舍 喻 闍 那 
X13n0285_007:0331c20	(十四)辮怛隷拏(十五)毗陀耶槃曇迦嚧彌(十六)帝殊槃曇迦	 十 四 辮 怛 隷 拏 十 五 毗 陀 耶 槃 曇 迦 嚧 彌 十 六 帝 殊 槃 曇 迦 
X13n0285_007:0331c21	嚧彌(十七)般囉毗陀槃曇迦嚧彌(十八)哆姪他(十九)唵(二十)阿	嚧 彌 十 七 般 囉 毗 陀 槃 曇 迦 嚧 彌 十 八 哆 姪 他 十 九 唵 二 十 阿 
X13n0285_007:0331c22	那隷(二十一)毗舍提(二十二)鞞囉跋闍囉陀(二十三)槃陀	那 隷 二 十 一 毗 舍 提 二 十 二 鞞 囉 跋 闍 囉 陀 二 十 三 槃 陀 
X13n0285_007:0331c23	槃陀你(二十四)跋闍囉謗尼泮(二十五)虎[合*牛]都嚧甕泮(二十	槃 陀 你 二 十 四 跋 闍 囉 謗 尼 泮 二 十 五 虎 [合牛] 都 嚧 甕 泮 二 十 
X13n0285_007:0331c24	六)娑婆訶(四百二十七)。	六 娑 婆 訶 四 百 二 十 七 
X13n0285_007:0332a01	此一心呪凡有五會共四百二十七句二千六百	此 一 心 呪 凡 有 五 會 共 四 百 二 十 七 句 二 千 六 百 
X13n0285_007:0332a02	二十字即是密詮大佛頂法與前顯說力用是均	二 十 字 即 是 密 詮 大 佛 頂 法 與 前 顯 說 力 用 是 均 
X13n0285_007:0332a03	自有眾生應以顯說而得歎喜生善滅惡入理者	自 有 眾 生 應 以 顯 說 而 得 歎 喜 生 善 滅 惡 入 理 者 
X13n0285_007:0332a04	自有眾生應以密說而得歎喜生善滅惡入理者	自 有 眾 生 應 以 密 說 而 得 歎 喜 生 善 滅 惡 入 理 者 
X13n0285_007:0332a05	所以若顯若密皆是四悉因緣故說也或云顯說	所 以 若 顯 若 密 皆 是 四 悉 因 緣 故 說 也 或 云 顯 說 
X13n0285_007:0332a06	生慧密說生定一往語耳片言之下狂心頓歇顯	生 慧 密 說 生 定 一 往 語 耳 片 言 之 下 狂 心 頓 歇 顯 
X13n0285_007:0332a07	說何甞不生於定持是呪者金剛藏王菩薩精心	說 何 甞 不 生 於 定 持 是 呪 者 金 剛 藏 王 菩 薩 精 心 
X13n0285_007:0332a08	陰速發彼神識密說何甞不生於慧當知顯密皆	陰 速 發 彼 神 識 密 說 何 甞 不 生 於 慧 當 知 顯 密 皆 
X13n0285_007:0332a09	不思議也孤山曰諸經神呪例皆不翻自古人師	不 思 議 也 孤 山 曰 諸 經 神 呪 例 皆 不 翻 自 古 人 師 
X13n0285_007:0332a10	多有異說天台會之不出四悉一云呪者鬼神王	多 有 異 說 天 台 會 之 不 出 四 悉 一 云 呪 者 鬼 神 王 
X13n0285_007:0332a11	名稱其王名部落敬主不敢為非此世界義也二	名 稱 其 王 名 部 落 敬 主 不 敢 為 非 此 世 界 義 也 二 
X13n0285_007:0332a12	云呪者如軍中密號唱號相應無所訶問不相應	云 呪 者 如 軍 中 密 號 唱 號 相 應 無 所 訶 問 不 相 應 
X13n0285_007:0332a13	者即執治之此為人義也三云呪者密點遮惡餘	者 即 執 治 之 此 為 人 義 也 三 云 呪 者 密 點 遮 惡 餘 
X13n0285_007:0332a14	無識者如微賤人奔逃異國訛稱王子因以公主	無 識 者 如 微 賤 人 奔 逃 異 國 訛 稱 王 子 因 以 公 主 
X13n0285_007:0332a15	妻之多瞋難事有一明人從其國來公主往訴其	妻 之 多 瞋 難 事 有 一 明 人 從 其 國 來 公 主 往 訴 其 
X13n0285_007:0332a16	人語曰若當瞋時應說偈云無親往他國欺誑一	人 語 曰 若 當 瞋 時 應 說 偈 云 無 親 往 他 國 欺 誑 一 
X13n0285_007:0332a17	切人麤食是常食何勞復作瞋說是偈時默然瞋	切 人 麤 食 是 常 食 何 勞 復 作 瞋 說 是 偈 時 默 然 瞋 
X13n0285_007:0332a18	歇即對治義也四云呪者諸佛密語惟聖乃知如	歇 即 對 治 義 也 四 云 呪 者 諸 佛 密 語 惟 聖 乃 知 如 
X13n0285_007:0332a19	王索仙陀婆一名而具四實謂鹽水器馬也羣下	王 索 仙 陀 婆 一 名 而 具 四 實 謂 鹽 水 器 馬 也 羣 下 
X13n0285_007:0332a20	莫曉惟智臣解之呪亦如是秪一法語徧有諸力	莫 曉 惟 智 臣 解 之 呪 亦 如 是 秪 一 法 語 徧 有 諸 力 
X13n0285_007:0332a21	病愈罪除生善合道即第一義也具此四義故存	病 愈 罪 除 生 善 合 道 即 第 一 義 也 具 此 四 義 故 存 
X13n0285_007:0332a22	本音五不翻中即祕密故不翻於四例中即翻字	本 音 五 不 翻 中 即 祕 密 故 不 翻 於 四 例 中 即 翻 字 
X13n0285_007:0332a23	不翻音。五不翻者一祕密不翻即是諸呪二多	不 翻 音 五 不 翻 者 一 祕 密 不 翻 即 是 諸 呪 二 多 
X13n0285_007:0332a24	含不翻如比丘三義婆伽梵六義等三此方所無	含 不 翻 如 比 丘 三 義 婆 伽 梵 六 義 等 三 此 方 所 無 
X13n0285_007:0332b01	故不翻如閻浮樹等四順古不翻如阿耨多羅三	故 不 翻 如 閻 浮 樹 等 四 順 古 不 翻 如 阿 耨 多 羅 三 
X13n0285_007:0332b02	藐三菩提等自古存梵音故五生善不翻如般若	藐 三 菩 提 等 自 古 存 梵 音 故 五 生 善 不 翻 如 般 若 
X13n0285_007:0332b03	尊重智慧輕薄故四例者一翻字不翻音即諸呪	尊 重 智 慧 輕 薄 故 四 例 者 一 翻 字 不 翻 音 即 諸 呪 
X13n0285_007:0332b04	語二翻音不翻字如卍字是西字此方呼如萬音	語 二 翻 音 不 翻 字 如 卍 字 是 西 字 此 方 呼 如 萬 音 
X13n0285_007:0332b05	非西音也三音字俱翻即諸經文四音字俱不翻	非 西 音 也 三 音 字 俱 翻 即 諸 經 文 四 音 字 俱 不 翻 
X13n0285_007:0332b06	即是梵筴。二述功德勸持二初顯果上自行化	即 是 梵 筴 二 述 功 德 勸 持 二 初 顯 果 上 自 行 化 
X13n0285_007:0332b07	他功德二明因人滅惡生善功德。初中三初總	他 功 德 二 明 因 人 滅 惡 生 善 功 德 初 中 三 初 總 
X13n0285_007:0332b08	明二別顯三總結。今初。	明 二 別 顯 三 總 結 今 初 
X13n0285_007:0332b09	阿難是佛頂光聚悉怛多般怛羅祕密伽陀微妙章	阿 難 是 佛 頂 光 聚 悉怛多般怛羅 祕 密 伽 陀 微 妙 章 
X13n0285_007:0332b10	句出生十方一切諸佛。	句 出 生 十 方 一切諸佛 
X13n0285_007:0332b11	出生一切佛猶所云一路涅槃門正見顯密惟一	出 生 一 切 佛 猶 所 云 一 路 涅 槃 門 正 見 顯 密 惟 一 
X13n0285_007:0332b12	理也。二別顯。	理 也 二 別 顯 
X13n0285_007:0332b13	十方如來因此呪心得成無上正徧知覺十方如來	十 方 如 來 因 此 呪 心 得 成 無 上 正 徧 知 覺 十 方 如 來 
X13n0285_007:0332b14	執此呪心降伏諸魔制諸外道十方如來乘此呪心	執 此 呪 心 降 伏 諸 魔 制 諸 外 道 十 方 如 來 乘 此 呪 心 
X13n0285_007:0332b15	坐寶蓮華應微塵國十方如來含此呪心於微塵國	坐 寶 蓮 華 應 微 塵 國 十 方 如 來 含 此 呪 心 於 微 塵 國 
X13n0285_007:0332b16	轉大法輪十方如來持此呪心能於十方摩頂授記	轉 大 法 輪 十 方 如 來 持 此 呪 心 能 於 十 方 摩 頂 授 記 
X13n0285_007:0332b17	自果未成亦於十方蒙佛授記十方如來依此呪心	自 果 未 成 亦 於 十 方 蒙 佛 授 記 十 方 如 來 依 此 呪 心 
X13n0285_007:0332b18	能於十方拔濟羣苦所謂地獄餓鬼畜生盲聾瘖瘂	能 於 十 方 拔 濟 羣 苦 所 謂 地 獄 餓 鬼 畜 生 盲 聾 瘖 瘂 
X13n0285_007:0332b19	怨憎會苦愛別離苦求不得苦五陰熾盛大小諸橫	怨憎會苦 愛別離苦 求不得苦 五 陰 熾 盛 大 小 諸 橫 
X13n0285_007:0332b20	同時解脫賊難兵難王難獄難風火水難飢渴貧窮	同 時 解 脫 賊 難 兵 難 王 難 獄 難 風 火 水 難 飢 渴 貧 窮 
X13n0285_007:0332b21	應念消散十方如來隨此呪心能於十方事善知識	應 念 消 散 十 方 如 來 隨 此 呪 心 能 於 十 方 事 善 知 識 
X13n0285_007:0332b22	四威儀中供養如意恒沙如來會中推為大法王子	四 威 儀 中 供 養 如 意 恒 沙 如 來 會 中 推 為 大 法 王 子 
X13n0285_007:0332b23	十方如來行此呪心能於十方攝受親因令諸小乘	十 方 如 來 行 此 呪 心 能 於 十 方 攝 受 親 因 令 諸 小 乘 
X13n0285_007:0332b24	聞祕密藏不生驚怖十方如來誦此呪心成無上覺	聞 祕 密 藏 不 生 驚 怖 十 方 如 來 誦 此 呪 心 成 無 上 覺 
X13n0285_007:0332c01	坐菩提樹入大涅槃十方如來傳此呪心於滅度後	坐 菩 提 樹 入 大 涅 槃 十 方 如 來 傳 此 呪 心 於 滅 度 後 
X13n0285_007:0332c02	付佛法事究竟住持嚴淨戒律悉得清淨。	付 佛 法 事 究 竟 住 持 嚴 淨 戒 律 悉 得 清 淨 
X13n0285_007:0332c03	呪心即心呪義以此五會章句乃是密詮心要故	呪 心 即 心 呪 義 以 此 五 會 章 句 乃 是 密 詮 心 要 故 
X13n0285_007:0332c04	也幽溪云古人稱此謂之十種呪心此說非也須	也 幽 溪 云 古 人 稱 此 謂 之 十 種 呪 心 此 說 非 也 須 
X13n0285_007:0332c05	知事雖有十心惟一種但此一心而有三義體無	知 事 雖 有 十 心 惟 一 種 但 此 一 心 而 有 三 義 體 無 
X13n0285_007:0332c06	對待曰大即如來藏妙明心元如實空不空義相	對 待 曰 大 即 如 來 藏 妙 明 心 元 如 實 空 不 空 義 相 
X13n0285_007:0332c07	絕塵染曰白即如來藏本妙圓心如實空義用覆	絕 塵 染 曰 白 即 如 來 藏 本 妙 圓 心 如 實 空 義 用 覆 
X13n0285_007:0332c08	一切曰傘葢即如來藏元明心妙如實不空義若	一 切 曰 傘 葢 即 如 來 藏 元 明 心 妙 如 實 不 空 義 若 
X13n0285_007:0332c09	約義往釋應云十方如來因如來藏呪心如實空	約 義 往 釋 應 云 十 方 如 來 因 如 來 藏 呪 心 如 實 空 
X13n0285_007:0332c10	義得成實智菩提無上正徧知覺因如來藏呪心	義 得 成 實 智 菩 提 無 上 正 徧 知 覺 因 如 來 藏 呪 心 
X13n0285_007:0332c11	如實不空義得成方便菩提無上正徧知覺因如	如 實 不 空 義 得 成 方 便 菩 提 無 上 正 徧 知 覺 因 如 
X13n0285_007:0332c12	來藏呪心如實空不空義得成真性菩提無上正	來 藏 呪 心 如 實 空 不 空 義 得 成 真 性 菩 提 無 上 正 
X13n0285_007:0332c13	徧知覺徧知屬果對果說因所謂不生不滅為本	徧 知 覺 徧 知 屬 果 對 果 說 因 所 謂 不生不滅 為 本 
X13n0285_007:0332c14	修因如來密因也十方如來執此呪心如實空義	修 因 如 來 密 因 也 十 方 如 來 執 此 呪 心 如 實 空 義 
X13n0285_007:0332c15	降伏界內凡聖同居土分段四魔制諸見思四見	降 伏 界 內 凡 聖 同 居 土 分 段 四 魔 制 諸 見 思 四 見 
X13n0285_007:0332c16	外道執此呪心如實不空義降伏界外方便有餘	外 道 執 此 呪 心 如 實 不 空 義 降 伏 界 外 方 便 有 餘 
X13n0285_007:0332c17	土變易四魔制諸塵沙四見外道執此呪心如實	土 變 易 四 魔 制 諸 塵 沙 四 見 外 道 執 此 呪 心 如 實 
X13n0285_007:0332c18	空不空義降伏實報無障礙土變易四魔制諸無	空 不 空 義 降 伏 實 報 無 障 礙 土 變 易 四 魔 制 諸 無 
X13n0285_007:0332c19	明四見外道降魔制外必執實杵今此呪心喻如	明 四 見 外 道 降 魔 制 外 必 執 實 杵 今 此 呪 心 喻 如 
X13n0285_007:0332c20	金剛王劒故言執也十方如來乘此呪心如實空	金 剛 王 劒 故 言 執 也 十 方 如 來 乘 此 呪 心 如 實 空 
X13n0285_007:0332c21	義坐寶蓮華應凡聖同居微塵國土乘此呪心如	義 坐 寶 蓮 華 應 凡 聖 同 居 微 塵 國 土 乘 此 呪 心 如 
X13n0285_007:0332c22	實不空義坐寶蓮華應方便有餘微塵國土乘此	實 不 空 義 坐 寶 蓮 華 應 方 便 有 餘 微 塵 國 土 乘 此 
X13n0285_007:0332c23	呪心如實空不空義坐寶蓮華應實報無障礙微	呪 心 如 實 空 不 空 義 坐 寶 蓮 華 應 實 報 無 障 礙 微 
X13n0285_007:0332c24	塵國土自有所乘以此度人如乘大車故言乘也	塵 國 土 自 有 所 乘 以 此 度 人 如 乘 大 車 故 言 乘 也 
X13n0285_007:0333a01	十方如來含此呪心如實空義於凡聖同居微塵	十 方 如 來 含 此 呪 心 如 實 空 義 於 凡 聖 同 居 微 塵 
X13n0285_007:0333a02	國轉四種四諦法輪含此呪心如實不空義於方	國 轉 四 種 四 諦 法 輪 含 此 呪 心 如 實 不 空 義 於 方 
X13n0285_007:0333a03	便有餘微塵國轉三種四諦法輪含此呪心如實	便 有 餘 微 塵 國 轉 三 種 四 諦 法 輪 含 此 呪 心 如 實 
X13n0285_007:0333a04	空不空義於實報莊嚴微塵國轉二種四諦法輪	空 不 空 義 於 實 報 莊 嚴 微 塵 國 轉 二 種 四 諦 法 輪 
X13n0285_007:0333a05	說法是吐對吐言含所說如所行也十方如來持	說 法 是 吐 對 吐 言 含 所 說 如 所 行 也 十 方 如 來 持 
X13n0285_007:0333a06	此呪心如實空義能於十方摩頂授實智菩提之	此 呪 心 如 實 空 義 能 於 十 方 摩 頂 授 實 智 菩 提 之 
X13n0285_007:0333a07	記持此呪心如實不空義能於十方摩頂授方便	記 持 此 呪 心 如 實 不 空 義 能 於 十 方 摩 頂 授 方 便 
X13n0285_007:0333a08	菩提之記持此呪心如實空不空義能於十方摩	菩 提 之 記 持 此 呪 心 如 實 空 不 空 義 能 於 十 方 摩 
X13n0285_007:0333a09	頂授真性菩提之記自既受持不忘亦能持此以	頂 授 真 性 菩 提 之 記 自 既 受 持 不 忘 亦 能 持 此 以 
X13n0285_007:0333a10	授人也十方如來依此呪心如實空義能於十方	授 人 也 十 方 如 來 依 此 呪 心 如 實 空 義 能 於 十 方 
X13n0285_007:0333a11	拔濟凡聖同居分段生死八難之苦依此呪心如	拔 濟 凡 聖 同 居 分段生死 八 難 之 苦 依 此 呪 心 如 
X13n0285_007:0333a12	實不空義能於十方拔濟方便有餘變易生死八	實 不 空 義 能 於 十 方 拔 濟 方 便 有 餘 變易生死 八 
X13n0285_007:0333a13	難之苦依此呪心如實空不空義能於十方拔濟	難 之 苦 依 此 呪 心 如 實 空 不 空 義 能 於 十 方 拔 濟 
X13n0285_007:0333a14	實報莊嚴變易生死八難之苦猶如拯溺必依舟	實 報 莊 嚴 變易生死 八 難 之 苦 猶 如 拯 溺 必 依 舟 
X13n0285_007:0333a15	航自既依止三德祕藏能為一切作大歸依處也	航 自 既 依 止 三 德 祕 藏 能 為 一 切 作 大 歸 依 處 也 
X13n0285_007:0333a16	十方如來隨此呪心如實空義能於十方凡聖同	十 方 如 來 隨 此 呪 心 如 實 空 義 能 於 十 方 凡 聖 同 
X13n0285_007:0333a17	居土事善知識四威儀中財法二施供養如意隨	居 土 事 善 知 識 四 威 儀 中 財 法 二 施 供 養 如 意 隨 
X13n0285_007:0333a18	此呪心如實不空義能於十方方便有餘土事善	此 呪 心 如 實 不 空 義 能 於 十 方 方 便 有 餘 土 事 善 
X13n0285_007:0333a19	知識乃至供養如意隨此呪心如實空不空義能	知 識 乃 至 供 養 如 意 隨 此 呪 心 如 實 空 不 空 義 能 
X13n0285_007:0333a20	於十方實報莊嚴土事善知識乃至供養如意由	於 十 方 實 報 莊 嚴 土 事 善 知 識 乃 至 供 養 如 意 由 
X13n0285_007:0333a21	能隨順三德祕藏即是隨順一切知識也十方如	能 隨 順 三 德 祕 藏 即 是 隨 順 一 切 知 識 也 十 方 如 
X13n0285_007:0333a22	來行此呪心如實空義能於十方攝授親因令諸	來 行 此 呪 心 如 實 空 義 能 於 十 方 攝 授 親 因 令 諸 
X13n0285_007:0333a23	小乘聞般若德祕密藏不生驚怖行此呪心如實	小 乘 聞 般 若 德 祕 密 藏 不 生 驚 怖 行 此 呪 心 如 實 
X13n0285_007:0333a24	不空義能於十方攝受親因令諸小乘聞解脫德	不 空 義 能 於 十 方 攝 受 親 因 令 諸 小 乘 聞 解 脫 德 
X13n0285_007:0333b01	祕密藏不生驚怖行此呪心如實空不空義能於	祕 密 藏 不 生 驚 怖 行 此 呪 心 如 實 空 不 空 義 能 於 
X13n0285_007:0333b02	十方攝受親因令諸小乘聞法身德祕密藏不生	十 方 攝 受 親 因 令 諸 小 乘 聞 法 身 德 祕 密 藏 不 生 
X13n0285_007:0333b03	驚怖為實施權開權顯實自行化他具足方便故	驚 怖 為 實 施 權 開 權 顯 實 自 行 化 他 具 足 方 便 故 
X13n0285_007:0333b04	曰行也十方如來誦此呪心如實空義成無上覺	曰 行 也 十 方 如 來 誦 此 呪 心 如 實 空 義 成 無 上 覺 
X13n0285_007:0333b05	坐菩提樹入圓淨涅槃誦此呪心如實不空義成	坐 菩 提 樹 入 圓 淨 涅 槃 誦 此 呪 心 如 實 不 空 義 成 
X13n0285_007:0333b06	無上覺坐菩提樹入方便淨涅槃誦此呪心如實	無 上 覺 坐 菩 提 樹 入 方 便 淨 涅 槃 誦 此 呪 心 如 實 
X13n0285_007:0333b07	空不空義成無上覺坐菩提樹入性淨涅槃誦者	空 不 空 義 成 無 上 覺 坐 菩 提 樹 入 性 淨 涅 槃 誦 者 
X13n0285_007:0333b08	從也不忘失也始終示現不離祕藏故也十方如	從 也 不 忘 失 也 始 終 示 現 不 離 祕 藏 故 也 十 方 如 
X13n0285_007:0333b09	來傳此呪心如實空義於滅度後付佛般若德法	來 傳 此 呪 心 如 實 空 義 於 滅 度 後 付 佛 般 若 德 法 
X13n0285_007:0333b10	事究竟住持嚴淨真諦戒律悉得清淨傳此呪心	事 究 竟 住 持 嚴 淨 真 諦 戒 律 悉 得 清 淨 傳 此 呪 心 
X13n0285_007:0333b11	如實不空義於滅度後付佛解脫德法事究竟住	如 實 不 空 義 於 滅 度 後 付 佛 解 脫 德 法 事 究 竟 住 
X13n0285_007:0333b12	持嚴淨俗諦戒律悉得清淨傳此呪心如實空不	持 嚴 淨 俗 諦 戒 律 悉 得 清 淨 傳 此 呪 心 如 實 空 不 
X13n0285_007:0333b13	空義於滅度後付佛法身德法事究竟住持嚴淨	空 義 於 滅 度 後 付 佛 法 身 德 法 事 究 竟 住 持 嚴 淨 
X13n0285_007:0333b14	中諦戒律悉得清淨以心印心更無別法故曰傳	中 諦 戒 律 悉 得 清 淨 以 心 印 心 更 無 別 法 故 曰 傳 
X13n0285_007:0333b15	也(此中雖錄幽溪文義不無增損藏性三義非三藏故)三總結。	也 此 中 雖 錄 幽 溪 文 義 不 無 增 損 藏 性 三 義 非 三 藏 故 三 總 結 
X13n0285_007:0333b16	若我說是佛頂光聚般怛羅呪從旦至暮音聲相聯	若 我 說 是 佛 頂 光 聚 般 怛 羅 呪 從 旦 至 暮 音 聲 相 聯 
X13n0285_007:0333b17	字句中間亦不重疊經恒沙劫終不能盡亦說此呪	字 句 中 間 亦 不 重 疊 經 恒 沙 劫 終 不 能 盡 亦 說 此 呪 
X13n0285_007:0333b18	名如來頂。	名 如 來 頂 
X13n0285_007:0333b19	心性妙理不可窮盡所以密詮功德亦稱性而不	心 性 妙 理 不可窮盡 所 以 密 詮 功 德 亦 稱 性 而 不 
X13n0285_007:0333b20	可盡也亦說此呪名如來頂者即是大佛頂三德	可 盡 也 亦 說 此 呪 名 如 來 頂 者 即 是 大 佛 頂 三 德 
X13n0285_007:0333b21	祕藏故。二明因人滅惡生善功德三初略明二	祕 藏 故 二 明 因 人 滅 惡 生 善 功 德 三 初 略 明 二 
X13n0285_007:0333b22	廣顯三結勸。初中二初明不持之失二明能持	廣 顯 三 結 勸 初 中 二 初 明 不 持 之 失 二 明 能 持 
X13n0285_007:0333b23	之得。今初。	之 得 今 初 
X13n0285_007:0333b24	汝等有學未盡輪迴發心至誠取阿羅漢不持此呪	汝 等 有 學 未 盡 輪 迴 發 心 至 誠 取 阿 羅 漢 不 持 此 呪 
X13n0285_007:0333c01	而坐道場令其身心遠諸魔事無有是處。	而 坐 道 場 令 其 身 心 遠 諸 魔 事 無 有 是 處 
X13n0285_007:0333c02	二明能持之得。	二 明 能 持 之 得 
X13n0285_007:0333c03	阿難若諸世界隨所國土所有眾生隨國所生樺皮	阿 難 若 諸 世 界 隨 所 國 土 所 有 眾 生 隨 國 所 生 樺 皮 
X13n0285_007:0333c04	貝葉紙素白氈書寫此呪貯於香囊是人心昏未能	貝 葉 紙 素 白 氈 書 寫 此 呪 貯 於 香 囊 是 人 心 昏 未 能 
X13n0285_007:0333c05	誦憶或帶身上或書宅中當知是人盡其生年一切	誦 憶 或 帶 身 上 或 書 宅 中 當 知 是 人 盡 其 生 年 一 切 
X13n0285_007:0333c06	諸毒所不能害。	諸 毒 所 不 能 害 
X13n0285_007:0333c07	此必全書五會神呪不可單書六字呪名也。二	此 必 全 書 五 會 神 呪 不 可 單 書 六 字 呪 名 也 二 
X13n0285_007:0333c08	廣顯二初總標二別示。今初。	廣 顯 二 初 總 標 二 別 示 今 初 
X13n0285_007:0333c09	阿難我今為汝更說此呪救護世間得大無畏成就	阿 難 我 今 為 汝 更 說 此 呪 救 護 世 間 得 大 無 畏 成 就 
X13n0285_007:0333c10	眾生出世間智。	眾 生 出世間智 
X13n0285_007:0333c11	二別示八初能滅諸難二菩薩加持三不墮惡道	二 別 示 八 初 能 滅 諸 難 二 菩 薩 加 持 三 不墮惡道 
X13n0285_007:0333c12	四同佛功德五能淨業障六能消夙業七能滿眾	四 同 佛 功 德 五 能 淨 業 障 六 能 消 夙 業 七 能 滿 眾 
X13n0285_007:0333c13	願八能護國界。今初。	願 八 能 護 國 界 今 初 
X13n0285_007:0333c14	若我滅後末世眾生有能自誦若教他誦當知如是	若 我 滅 後 末 世 眾 生 有 能 自 誦 若 教 他 誦 當 知 如 是 
X13n0285_007:0333c15	誦持眾生火不能燒水不能溺大毒小毒所不能害	誦 持 眾 生 火 不 能 燒 水 不 能 溺 大 毒 小 毒 所 不 能 害 
X13n0285_007:0333c16	如是乃至天龍鬼神精祇魔魅所有惡呪皆不能著	如 是 乃 至 天 龍 鬼 神 精 祇 魔 魅 所 有 惡 呪 皆 不 能 著 
X13n0285_007:0333c17	心得正受一切呪詛厭蠱毒藥金毒銀毒草木蟲蛇	心 得 正 受 一 切 呪 詛 厭 蠱 毒 藥 金 毒 銀 毒 草 木 蟲 蛇 
X13n0285_007:0333c18	萬物毒氣入此人口成甘露味一切惡星并諸鬼神	萬 物 毒 氣 入 此 人 口 成 甘 露 味 一 切 惡 星 并 諸 鬼 神 
X13n0285_007:0333c19	磣心毒人於如是人不能起惡頻那夜迦諸惡鬼王	磣 心 毒 人 於 如 是 人 不 能 起 惡 頻 那 夜 迦 諸 惡 鬼 王 
X13n0285_007:0333c20	并其眷屬皆領深恩常加守護。	并 其 眷 屬 皆 領 深 恩 常 加 守 護 
X13n0285_007:0333c21	此呪既是密詮三德祕藏則誦持者固已全具祕	此 呪 既 是 密 詮 三 德 祕 藏 則 誦 持 者 固 已 全 具 祕 
X13n0285_007:0333c22	藏威神何難不滅何毒不消以彼諸難諸毒亦全	藏 威 神 何 難 不 滅 何 毒 不 消 以 彼 諸 難 諸 毒 亦 全 
X13n0285_007:0333c23	攬祕藏為體不應以祕藏而毒祕藏故也皆領深	攬 祕 藏 為 體 不 應 以 祕 藏 而 毒 祕 藏 故 也 皆 領 深 
X13n0285_007:0333c24	恩者溫陵所謂誦呪利彼故。二菩薩加持。	恩 者 溫 陵 所 謂 誦 呪 利 彼 故 二 菩 薩 加 持 
X13n0285_007:0334a01	阿難當知是呪常有八萬四千那由他恒河沙俱胝	阿 難 當 知 是 呪 常 有 八萬四千 那 由 他 恒 河 沙 俱 胝 
X13n0285_007:0334a02	金剛藏王菩薩種族一一皆有諸金剛眾而為眷屬	金 剛 藏 王 菩 薩 種 族 一 一 皆 有 諸 金 剛 眾 而 為 眷 屬 
X13n0285_007:0334a03	晝夜隨侍設有眾生於散亂心非三摩地心憶口持	晝 夜 隨 侍 設 有 眾 生 於 散 亂 心 非 三 摩 地 心 憶 口 持 
X13n0285_007:0334a04	是金剛王常隨從彼諸善男子何況決定菩提心者	是 金 剛 王 常 隨 從 彼 諸 善 男 子 何 況 決 定 菩 提 心 者 
X13n0285_007:0334a05	此諸金剛菩薩藏王精心陰速發彼神識是人應時	此 諸 金 剛 菩 薩 藏 王 精 心 陰 速 發 彼 神 識 是 人 應 時 
X13n0285_007:0334a06	心能記憶八萬四千恒河沙劫周徧了知得無疑惑。	心 能 記 憶 八萬四千 恒 河 沙 劫 周 徧 了 知 得 無 疑 惑 
X13n0285_007:0334a07	菩薩精心與行人精心元非二體今以決定菩提	菩 薩 精 心 與 行 人 精 心 元 非 二 體 今 以 決 定 菩 提 
X13n0285_007:0334a08	心持此神呪則與金剛藏王心精通[泳永+曶]當處湛然	心 持 此 神 呪 則 與 金 剛 藏 王 心 精 通 [泳永曶] 當 處 湛 然 
X13n0285_007:0334a09	故此菩薩能於同體心性之中陰默迅速開發彼	故 此 菩 薩 能 於 同 體 心 性 之 中 陰 默 迅 速 開 發 彼 
X13n0285_007:0334a10	神識也。三不墮惡道。	神 識 也 三 不墮惡道 
X13n0285_007:0334a11	從第一劫乃至後身生生不生藥叉羅剎及富單那	從 第 一 劫 乃 至 後 身 生 生 不 生 藥 叉 羅 剎 及 富 單 那 
X13n0285_007:0334a12	迦吒富單那鳩槃荼毗舍遮等并諸餓鬼有形無形	迦 吒 富 單 那 鳩 槃 荼 毗 舍 遮 等 并 諸 餓 鬼 有 形 無 形 
X13n0285_007:0334a13	有想無想如是惡處是善男子若讀若誦若書若寫	有 想 無 想 如 是 惡 處 是 善 男 子 若 讀 若 誦 若 書 若 寫 
X13n0285_007:0334a14	若帶若藏諸色供養劫劫不生貧窮下賤不可樂處。	若 帶 若 藏 諸 色 供 養 劫 劫 不 生 貧窮下賤 不 可 樂 處 
X13n0285_007:0334a15	第一劫指今發心持呪之初時也後身者指於最	第 一 劫 指 今 發 心 持 呪 之 初 時 也 後 身 者 指 於 最 
X13n0285_007:0334a16	後成佛之一身也。四同佛功德。	後 成 佛 之 一 身 也 四 同 佛 功 德 
X13n0285_007:0334a17	此諸眾生縱其自身不作福業十方如來所有功德	此 諸 眾 生 縱 其 自 身 不 作 福 業 十 方 如 來 所 有 功 德 
X13n0285_007:0334a18	悉與此人由是得於恒河沙阿僧祇不可說不可說	悉 與 此 人 由 是 得 於 恒 河 沙 阿 僧 祇 不可說不可說 
X13n0285_007:0334a19	劫常與諸佛同生一處無量功德如惡叉聚同處熏	劫 常 與諸佛同 生 一 處 無量功德 如 惡 叉 聚 同 處 熏 
X13n0285_007:0334a20	修永無分散是故能令破戒之人戒根清淨未得戒	修 永 無 分 散 是 故 能 令 破 戒 之 人 戒 根 清 淨 未 得 戒 
X13n0285_007:0334a21	者令其得戒未精進者令得精進無智慧者令得智	者 令 其 得 戒 未 精 進 者 令 得 精 進 無 智 慧 者 令 得 智 
X13n0285_007:0334a22	慧不清淨者速得清淨不持齋戒自成齋戒。	慧 不 清 淨 者 速 得 清 淨 不 持 齋 戒 自 成 齋 戒 
X13n0285_007:0334a23	十方如來所修功德本欲普施一切眾生由眾生	十 方 如 來 所 修 功 德 本 欲 普 施 一 切 眾 生 由 眾 生 
X13n0285_007:0334a24	不達同體法性所以不能領受今持此呪則知諸	不 達 同 體 法 性 所 以 不 能 領 受 今 持 此 呪 則 知 諸 
X13n0285_007:0334b01	佛是眾生心內諸佛眾生是諸佛心內眾生故得	佛 是 眾 生 心 內 諸 佛 眾 生 是 諸 佛 心 內 眾 生 故 得 
X13n0285_007:0334b02	三無差別如惡叉聚同處熏修也。五能淨業障。	三無差別 如 惡 叉 聚 同 處 熏 修 也 五 能 淨 業 障 
X13n0285_007:0334b03	阿難是善男子持此呪時設犯禁戒於未受(持此呪之)時	阿 難 是 善 男 子 持 此 呪 時 設 犯 禁 戒 於 未 受 持 此 呪 之 時 
X13n0285_007:0334b04	(今)持呪之後(誓不復犯則從前)眾破戒罪無問輕重一時銷	 今 持 呪 之 後 誓 不 復 犯 則 從 前 眾 破 戒 罪 無 問 輕 重 一 時 銷 
X13n0285_007:0334b05	滅縱(令往時曾)經飲酒食噉五辛種種不淨(今持咒後)一切諸	滅 縱 令 往 時 曾 經 飲 酒 食 噉 五 辛 種 種 不 淨 今 持 咒 後 一 切 諸 
X13n0285_007:0334b06	佛菩薩金剛天仙鬼神不將為過設著不淨破弊衣	佛 菩 薩 金 剛 天 仙 鬼 神 不 將 為 過 設 著 不 淨 破 弊 衣 
X13n0285_007:0334b07	服一行一住悉同清淨縱不作壇不入道場亦不行	服 一 行 一 住 悉 同 清 淨 縱 不 作 壇 不 入 道 場 亦 不 行 
X13n0285_007:0334b08	道誦持此呪還同入壇行道功德無有異也若造五	道 誦 持 此 呪 還 同 入 壇 行 道 功 德 無 有 異 也 若 造 五 
X13n0285_007:0334b09	逆無間重罪及諸比丘比丘尼四棄八棄誦此呪已	逆 無 間 重 罪 及 諸 比 丘 比 丘 尼 四 棄 八 棄 誦 此 呪 已 
X13n0285_007:0334b10	如是重業猶如猛風吹散沙聚悉皆滅除更無毫髮。	如 是 重 業 猶 如 猛 風 吹 散 沙 聚 悉 皆 滅 除 更 無 毫 髮 
X13n0285_007:0334b11	問曰經云設犯禁戒於未受時持呪之後眾破戒	問 曰 經 云 設 犯 禁 戒 於 未 受 時 持 呪 之 後 眾 破 戒 
X13n0285_007:0334b12	罪無問輕重一時銷滅今末世行人於戒設有毀	罪 無 問 輕 重 一 時 銷 滅 今 末 世 行 人 於 戒 設 有 毀 
X13n0285_007:0334b13	犯為須先作法懺後持此呪方能滅罪為是不須	犯 為 須 先 作 法 懺 後 持 此 呪 方 能 滅 罪 為 是 不 須 
X13n0285_007:0334b14	作法但一心持呪即能滅罪悟無生耶又或理觀	作 法 但 一 心 持 呪 即 能 滅 罪 悟 無 生 耶 又 或 理 觀 
X13n0285_007:0334b15	未明但持事呪亦能滅罪或須解行並進然後能	未 明 但 持 事 呪 亦 能 滅 罪 或 須 解 行 並 進 然 後 能 
X13n0285_007:0334b16	滅罪障悟無生耶答曰經云持呪之後眾罪悉滅	滅 罪 障 悟 無 生 耶 答 曰 經 云 持 呪 之 後 眾 罪 悉 滅 
X13n0285_007:0334b17	者不惟為顯神呪威力正以此呪即是密詮心性	者 不 惟 為 顯 神 呪 威 力 正 以 此 呪 即 是 密 詮 心 性 
X13n0285_007:0334b18	故名之為呪心倘覆罪而不作法既非直心直言	故 名 之 為 呪 心 倘 覆 罪 而 不 作 法 既 非 直 心 直 言 
X13n0285_007:0334b19	那與神呪體合其不能速除罪障明矣至於誠心	那 與 神 呪 體 合 其 不 能 速 除 罪 障 明 矣 至 於 誠 心 
X13n0285_007:0334b20	發露後不更造專持此呪誓無癈缺無論解與不	發 露 後 不 更 造 專 持 此 呪 誓 無 癈 缺 無 論 解 與 不 
X13n0285_007:0334b21	解皆有大益解則堪與阿難並驅不解亦堪與登	解 皆 有 大 益 解 則 堪 與 阿 難 並 驅 不 解 亦 堪 與 登 
X13n0285_007:0334b22	伽同列或有不作法而但持呪者須知更為三例	伽 同 列 或 有 不 作 法 而 但 持 呪 者 須 知 更 為 三 例 
X13n0285_007:0334b23	一者本無清淨師僧可向作法故止向像前發露	一 者 本 無 清 淨 師 僧 可 向 作 法 故 止 向 像 前 發 露 
X13n0285_007:0334b24	此與作法同功二者有可向作法處而懷愧不懺	此 與 作 法 同 功 二 者 有 可 向 作 法 處 而 懷 愧 不 懺 
X13n0285_007:0334c01	但能永斷相續此則稍稍滅罪決不能悟無生三	但 能 永 斷 相 續 此 則 稍 稍 滅 罪 決 不 能 悟 無 生 三 
X13n0285_007:0334c02	者雖知持呪仍犯前愆則厥罪不滅但有遠益而	者 雖 知 持 呪 仍 犯 前 愆 則 厥 罪 不 滅 但 有 遠 益 而 
X13n0285_007:0334c03	已。六能除夙業。	已 六 能 除 夙 業 
X13n0285_007:0334c04	阿難若有眾生從無量無數劫來所有一切輕重罪	阿 難 若 有 眾 生 從 無量無數 劫 來 所有一切 輕 重 罪 
X13n0285_007:0334c05	障從前世來未及懺悔若能讀誦書寫此呪身上帶	障 從 前 世 來 未 及 懺 悔 若 能 讀 誦 書 寫 此 呪 身 上 帶 
X13n0285_007:0334c06	持若安住處莊宅園館如是積業猶湯銷雪不久皆	持 若 安 住 處 莊 宅 園 館 如 是 積 業 猶 湯 銷 雪 不 久 皆 
X13n0285_007:0334c07	得悟無生忍。	得 悟 無 生 忍 
X13n0285_007:0334c08	七能滿眾願。	七 能 滿 眾 願 
X13n0285_007:0334c09	復次阿難若有女人未生男女欲求孕者若能至心	復 次 阿 難 若 有 女 人 未 生 男 女 欲 求 孕 者 若 能 至 心 
X13n0285_007:0334c10	憶念斯呪或能身上帶此悉怛多般怛羅者便生福	憶 念 斯 呪 或 能 身 上 帶 此 悉怛多般怛羅 者 便 生 福 
X13n0285_007:0334c11	德智慧男女求長命者即得長命欲求果報速圓滿	德 智 慧 男 女 求 長 命 者 即 得 長 命 欲 求 果 報 速 圓 滿 
X13n0285_007:0334c12	者速得圓滿身命色力亦復如是命終之後隨願往	者 速 得 圓 滿 身 命 色 力 亦復如是 命終之後 隨 願 往 
X13n0285_007:0334c13	生十方國土必定不生邊地下賤何況雜形。	生 十 方 國 土 必 定 不 生 邊 地 下 賤 何 況 雜 形 
X13n0285_007:0334c14	八能護國界。	八 能 護 國 界 
X13n0285_007:0334c15	阿難若諸國土州縣聚落饑荒疫癘或復刀兵賊難	阿 難 若 諸 國 土 州 縣 聚 落 饑 荒 疫 癘 或 復 刀 兵 賊 難 
X13n0285_007:0334c16	鬬諍兼餘一切厄難之地寫此神呪安城四門并諸	鬬 諍 兼 餘 一 切 厄 難 之 地 寫 此 神 呪 安 城 四 門 并 諸 
X13n0285_007:0334c17	支提或脫闍上令其國土所有眾生奉迎斯呪禮拜	支 提 或 脫 闍 上 令 其 國 土 所 有 眾 生 奉 迎 斯 呪 禮 拜 
X13n0285_007:0334c18	恭敬一心供養令其人民各各身佩或各各安所居	恭 敬 一 心 供 養 令 其 人 民 各 各 身 佩 或 各 各 安 所 居 
X13n0285_007:0334c19	宅地一切災厄悉皆銷滅阿難在在處處國土眾生	宅 地 一 切 災 厄 悉 皆 銷 滅 阿 難 在在處處 國 土 眾 生 
X13n0285_007:0334c20	隨有此呪天龍歡喜風雨順時五穀豐殷兆庶安樂	隨 有 此 呪 天 龍 歡 喜 風 雨 順 時 五 穀 豐 殷 兆 庶 安 樂 
X13n0285_007:0334c21	亦復能鎮一切惡星隨方變怪災障不起人無橫夭	亦 復 能 鎮 一 切 惡 星 隨 方 變 怪 災 障 不 起 人 無 橫 夭 
X13n0285_007:0334c22	杻械枷鎖不著其身晝夜安眠常無惡夢阿難是娑	杻 械 枷 鎖 不 著 其 身 晝 夜 安 眠 常 無 惡 夢 阿 難 是 娑 
X13n0285_007:0334c23	婆界有八萬四千災變惡星二十八大惡星而為上	婆 界 有 八萬四千 災 變 惡 星 二 十 八 大 惡 星 而 為 上 
X13n0285_007:0334c24	首復有八大惡星以為其主作種種形出現世時能	首 復 有 八 大 惡 星 以 為 其 主 作 種 種 形 出 現 世 時 能 
X13n0285_007:0335a01	生眾生種種災異有此呪地悉皆銷滅十二由旬成	生 眾 生 種 種 災 異 有 此 呪 地 悉 皆 銷 滅 十 二 由 旬 成 
X13n0285_007:0335a02	結界地諸惡災祥永不能入。	結 界 地 諸 惡 災 祥 永 不 能 入 
X13n0285_007:0335a03	支提此云可供養處脫闍此翻為幢二十八大惡	支 提 此 云 可 供 養 處 脫 闍 此 翻 為 幢 二 十 八 大 惡 
X13n0285_007:0335a04	星不必即指二十八宿大集經中明言二十八宿	星 不 必 即 指 二 十 八 宿 大 集 經 中 明 言 二 十 八 宿 
X13n0285_007:0335a05	皆是菩薩示現為護世間不應名為惡星也。三	皆 是 菩 薩 示 現 為 護 世 間 不 應 名 為 惡 星 也 三 
X13n0285_007:0335a06	結勸。	結 勸 
X13n0285_007:0335a07	是故如來宣示此呪於未來世保護初學諸修行者	是 故 如 來 宣 示 此 呪 於未來世 保 護 初 學 諸 修 行 者 
X13n0285_007:0335a08	入三摩地身心泰然得大安隱更無一切諸魔鬼神	入 三 摩 地 身 心 泰 然 得 大 安 隱 更 無 一 切 諸 魔 鬼 神 
X13n0285_007:0335a09	及無始來冤橫宿殃舊業陳債來相惱害汝及眾中	及 無 始 來 冤 橫 宿 殃 舊 業 陳 債 來 相 惱 害 汝 及 眾 中 
X13n0285_007:0335a10	諸有學人及未來世諸修行者依我壇場如法持戒	諸 有 學 人 及 未 來 世 諸 修 行 者 依 我 壇 場 如 法 持 戒 
X13n0285_007:0335a11	所受戒主逢清淨僧於此呪心不生疑悔是善男子	所 受 戒 主 逢 清 淨 僧 於 此 呪 心 不 生 疑 悔 是 善 男 子 
X13n0285_007:0335a12	於此父母所生之身不得心通十方如來便為妄語。	於 此 父母所生 之 身 不 得 心 通 十 方 如 來 便 為 妄 語 
X13n0285_007:0335a13	欲求感應須具四法一須依我壇場二須如法持	欲 求 感 應 須 具 四 法 一 須 依 我 壇 場 二 須 如 法 持 
X13n0285_007:0335a14	戒三須師僧清淨四須不生疑悔四法有缺而謂	戒 三 須 師 僧 清 淨 四 須 不 生 疑 悔 四 法 有 缺 而 謂 
X13n0285_007:0335a15	如來妄語其可乎哉。三護法述願二初八部眾	如 來 妄 語 其 可 乎 哉 三 護 法 述 願 二 初 八 部 眾 
X13n0285_007:0335a16	二菩薩眾。今初。	二 菩 薩 眾 今 初 
X13n0285_007:0335a17	說是語已會中無量百千金剛一時佛前合掌頂禮	說 是 語 已 會 中 無 量 百 千 金 剛 一 時 佛 前 合 掌 頂 禮 
X13n0285_007:0335a18	而白佛言如佛所說我當誠心保護如是修菩提者	而 白 佛 言 如 佛 所 說 我 當 誠 心 保 護 如 是 修 菩 提 者 
X13n0285_007:0335a19	爾時梵王并天帝釋四天大王亦於佛前同時頂禮	爾 時 梵 王 并 天 帝 釋 四 天 大 王 亦 於 佛 前 同 時 頂 禮 
X13n0285_007:0335a20	而白佛言審有如是修學善人我當盡心至誠保護	而 白 佛 言 審 有 如 是 修 學 善 人 我 當 盡 心 至 誠 保 護 
X13n0285_007:0335a21	令其一生所作如願復有無量藥叉大將諸羅剎王	令 其 一 生 所 作 如 願 復 有 無 量 藥 叉 大 將 諸 羅 剎 王 
X13n0285_007:0335a22	富單那王鳩槃荼王毗舍遮王頻那夜迦諸大鬼王	富 單 那 王 鳩 槃 荼 王 毗 舍 遮 王 頻 那 夜 迦 諸 大 鬼 王 
X13n0285_007:0335a23	及諸鬼帥亦於佛前合掌頂禮而白佛言我亦誓願	及 諸 鬼 帥 亦 於 佛 前 合 掌 頂 禮 而 白 佛 言 我 亦 誓 願 
X13n0285_007:0335a24	護持是人令菩提心速得圓滿復有無量日月天子	護 持 是 人 令 菩 提 心 速 得 圓 滿 復 有 無 量 日 月 天 子 
X13n0285_007:0335b01	風師雨師雲師雷師并電伯等年歲巡官諸星眷屬	風 師 雨 師 雲 師 雷 師 并 電 伯 等 年 歲 巡 官 諸 星 眷 屬 
X13n0285_007:0335b02	亦於會中頂禮佛足而白佛言我亦保護是修行人	亦 於 會 中 頂禮佛足 而 白 佛 言 我 亦 保 護 是 修 行 人 
X13n0285_007:0335b03	安立道場得無所畏復有無量山神海神一切土神	安 立 道 場 得無所畏 復 有 無 量 山 神 海 神 一 切 土 神 
X13n0285_007:0335b04	水陸空行萬物精祇并風神王無色界天於如來前	水 陸 空 行 萬 物 精 祇 并 風 神 王 無 色 界 天 於 如 來 前 
X13n0285_007:0335b05	同時稽首而白佛言我亦保護是修行人得成菩提	同 時 稽 首 而 白 佛 言 我 亦 保 護 是 修 行 人 得 成 菩 提 
X13n0285_007:0335b06	永無魔事。	永 無 魔 事 
X13n0285_007:0335b07	八部外護不出二世間主金剛梵釋四王鬼帥等	八 部 外 護 不 出 二 世 間 主 金 剛 梵 釋 四 王 鬼 帥 等 
X13n0285_007:0335b08	即是眾生世間日月天子乃至風神王等即是器	即 是 眾 生 世 間 日 月 天 子 乃 至 風 神 王 等 即 是 器 
X13n0285_007:0335b09	世間主無色界天亦屬眾生世間但權教中尚無	世 間 主 無 色 界 天 亦 屬 眾 生 世 間 但 權 教 中 尚 無 
X13n0285_007:0335b10	聽法之事況能護法今是圓極法門故能令彼稱	聽 法 之 事 況 能 護 法 今 是 圓 極 法 門 故 能 令 彼 稱 
X13n0285_007:0335b11	性發願也。二菩薩眾。	性 發 願 也 二 菩 薩 眾 
X13n0285_007:0335b12	爾時八萬四千那由他恒河沙俱胝金剛藏王菩薩	爾 時 八萬四千 那 由 他 恒 河 沙 俱 胝 金 剛 藏 王 菩 薩 
X13n0285_007:0335b13	在大會中即從座起頂禮佛足而白佛言世尊如我	在 大 會 中 即 從 座 起 頂禮佛足 而 白 佛 言 世 尊 如 我 
X13n0285_007:0335b14	等輩所修功業久成菩提不取涅槃常隨此呪救護	等 輩 所 修 功 業 久 成 菩 提 不 取 涅 槃 常 隨 此 呪 救 護 
X13n0285_007:0335b15	末世修三摩提正修行者世尊如是修心求正定人	末 世 修 三 摩 提 正 修 行 者 世 尊 如 是 修 心 求 正 定 人 
X13n0285_007:0335b16	若在道場及餘經行乃至散心遊戲聚落我等徒眾	若 在 道 場 及 餘 經 行 乃 至 散 心 遊 戲 聚 落 我 等 徒 眾 
X13n0285_007:0335b17	常當隨從待衛此人縱令魔王大自在天求其方便	常 當 隨 從 待 衛 此 人 縱 令 魔 王 大 自 在 天 求 其 方 便 
X13n0285_007:0335b18	終不可得諸小鬼神去此善人十由旬外除彼發心	終 不 可 得 諸 小 鬼 神 去 此 善 人 十 由 旬 外 除 彼 發 心 
X13n0285_007:0335b19	樂修禪者世尊如是惡魔若魔眷屬欲來侵擾是善	樂 修 禪 者 世 尊 如 是 惡 魔 若 魔 眷 屬 欲 來 侵 擾 是 善 
X13n0285_007:0335b20	人者我以寶杵殞碎其首猶如微塵恒令此人所作	人 者 我 以 寶 杵 殞 碎 其 首 猶 如 微 塵 恒 令 此 人 所 作 
X13n0285_007:0335b21	如願。	如 願 
X13n0285_007:0335b22	此為內護即是正覺世間主也久成菩提則三覺	此 為 內 護 即 是 正 覺 世 間 主 也 久 成 菩 提 則 三 覺 
X13n0285_007:0335b23	已圓更無餘惑不取涅槃則同流九界不復更滅	已 圓 更 無 餘 惑 不 取 涅 槃 則 同 流 九 界 不 復 更 滅 
X13n0285_007:0335b24	諸大菩薩果後行因大悲大願類皆若此寶杵殞	諸 大 菩 薩 果 後 行 因 大 悲 大 願 類 皆 若 此 寶 杵 殞 
X13n0285_007:0335c01	碎魔首者摧邪顯正法應爾故或慈或威如父母	碎 魔 首 者 摧 邪 顯 正 法 應 爾 故 或 慈 或 威 如 父 母 
X13n0285_007:0335c02	故一折一攝皆拔苦故性惡法門善巧用故從第	故 一 折 一 攝 皆 拔 苦 故 性 惡 法 門 善 巧 用 故 從 第 
X13n0285_007:0335c03	四卷請入華屋至此是第二大科示不生滅為本	四 卷 請 入 華 屋 至 此 是 第 二 大 科 示 不 生 滅 為 本 
X13n0285_007:0335c04	修因妙三觀門竟。三明正助行所成伏斷圓三	修 因 妙 三 觀 門 竟 三 明 正 助 行 所 成 伏 斷 圓 三 
X13n0285_007:0335c05	德位三初申請二讚許三正說。今初。	德 位 三 初 申 請 二 讚 許 三 正 說 今 初 
X13n0285_007:0335c06	阿難即從座起頂禮佛足而白佛言我輩愚鈍好為	阿 難 即 從 座 起 頂禮佛足 而 白 佛 言 我 輩 愚 鈍 好 為 
X13n0285_007:0335c07	多聞於諸漏心未求出離蒙佛慈誨得正熏修身心	多 聞 於 諸 漏 心 未 求 出 離 蒙 佛 慈 誨 得 正 熏 修 身 心 
X13n0285_007:0335c08	快然獲大饒益世尊如是修證佛三摩提未到涅槃	快 然 獲 大 饒 益 世 尊 如 是 修 證 佛 三 摩 提 未 到 涅 槃 
X13n0285_007:0335c09	云何名為乾慧之地四十四心至何漸次得修行目	云 何 名 為 乾 慧 之 地 四 十 四 心 至 何 漸 次 得 修 行 目 
X13n0285_007:0335c10	詣何方所名入地中云何名為等覺菩薩作是語已	詣 何 方 所 名 入 地 中 云 何 名 為 等 覺 菩 薩 作是語已 
X13n0285_007:0335c11	五體投地大眾一心佇佛慈音瞪瞢瞻仰。	五體投地 大 眾 一 心 佇 佛 慈 音 瞪 瞢 瞻 仰 
X13n0285_007:0335c12	修證佛三摩提者從始至終皆以佛知佛見而為	修 證 佛 三 摩 提 者 從始至終 皆 以 佛 知 佛 見 而 為 
X13n0285_007:0335c13	修行所謂名字佛三摩提乃至究竟佛三摩提也	修 行 所 謂 名 字 佛 三 摩 提 乃 至 究 竟 佛 三 摩 提 也 
X13n0285_007:0335c14	涅槃者究竟圓極之果乾慧者最初觀行之因四	涅 槃 者 究 竟 圓 極 之 果 乾 慧 者 最 初 觀 行 之 因 四 
X13n0285_007:0335c15	十四心即指信住行向及四加行至何漸次得修	十 四 心 即 指 信 住 行 向 及 四 加 行 至 何 漸 次 得 修 
X13n0285_007:0335c16	行目問在四十四心之後答在乾慧地前正顯此	行 目 問 在 四 十 四 心 之 後 答 在 乾 慧 地 前 正 顯 此 
X13n0285_007:0335c17	三漸次乃是始終能歷之行不局初心也餘可知。	三 漸 次 乃 是 始 終 能 歷 之 行 不 局 初 心 也 餘 可 知 
X13n0285_007:0335c18	二讚許。	二 讚 許 
X13n0285_007:0335c19	爾時世尊讚阿難言善哉善哉汝等乃能普為大眾	爾 時 世 尊 讚 阿 難 言 善哉善哉 汝 等 乃 能 普 為 大 眾 
X13n0285_007:0335c20	及諸末世一切眾生修三摩提求大乘者從於凡夫	及 諸 末 世 一 切 眾 生 修 三 摩 提 求 大 乘 者 從 於 凡 夫 
X13n0285_007:0335c21	終大涅槃懸示無上正修行路汝今諦聽當為汝說	終 大 涅 槃 懸 示 無 上 正 修 行 路 汝 今 諦 聽 當 為 汝 說 
X13n0285_007:0335c22	阿難大眾合掌刳心默然受教。	阿 難 大 眾 合 掌 刳 心 默 然 受 教 
X13n0285_007:0335c23	三正說二初總明三德二別示迷悟。初中二初	三 正 說 二 初 總 明 三 德 二 別 示 迷 悟 初 中 二 初 
X13n0285_007:0335c24	明理絕名相二明因妄立真。今初。	明 理 絕 名 相 二 明 因 妄 立 真 今 初 
X13n0285_007:0336a01	佛言阿難當知妙性圓明離諸名相本來無有世界	佛 言 阿 難 當 知 妙 性 圓 明 離 諸 名 相 本 來 無 有 世 界 
X13n0285_007:0336a02	眾生。	眾 生 
X13n0285_007:0336a03	妙性者第一義諦之體法身德也圓明者照窮法	妙 性 者 第一義諦 之 體 法 身 德 也 圓 明 者 照 窮 法 
X13n0285_007:0336a04	界之相般若德也離諸名相者不可以一切名而	界 之 相 般 若 德 也 離 諸 名 相 者 不 可 以 一 切 名 而 
X13n0285_007:0336a05	名目之不可以一切相而表示之無障無礙之用	名 目 之 不 可 以 一 切 相 而 表 示 之 無障無礙 之 用 
X13n0285_007:0336a06	解脫德也本來無有世界者即是十界依正當體	解 脫 德 也 本 來 無 有 世 界 者 即 是 十 界 依 正 當 體 
X13n0285_007:0336a07	元不可得葢既無同居方便實報三土之相則寂	元 不 可 得 葢 既 無 同 居 方 便 實 報 三 土 之 相 則 寂 
X13n0285_007:0336a08	光之相亦復不可得也本來無有眾生者即是十	光 之 相 亦 復 不 可 得 也 本 來 無 有 眾 生 者 即 是 十 
X13n0285_007:0336a09	界假名當體元不可得葢既無九法界之名則佛	界 假 名 當 體 元 不 可 得 葢 既 無 九 法 界 之 名 則 佛 
X13n0285_007:0336a10	界之名亦復不可得也然此妙性正是直指現前	界 之 名 亦 復 不 可 得 也 然 此 妙 性 正 是 直 指 現 前 
X13n0285_007:0336a11	介爾心性本自如斯非指最初以為本來而謂在	介 爾 心 性 本 自 如 斯 非 指 最 初 以 為 本 來 而 謂 在 
X13n0285_007:0336a12	昔元無於今妄有也葢現前一念介爾之心本自	昔 元 無 於 今 妄 有 也 葢 現 前 一 念 介 爾 之 心 本 自 
X13n0285_007:0336a13	不可思議法爾恒然故稱妙性本自豎窮橫徧了	不可思議 法 爾 恒 然 故 稱 妙 性 本 自 豎 窮 橫 徧 了 
X13n0285_007:0336a14	了常知故稱圓明本自具足十界依正諸法而十	了 常 知 故 稱 圓 明 本 自 具 足 十 界 依 正 諸 法 而 十 
X13n0285_007:0336a15	界依正諸法均不可以名狀此心故稱離諸名相	界 依 正 諸 法 均 不 可 以 名 狀 此 心 故 稱 離 諸 名 相 
X13n0285_007:0336a16	本來無有世界眾生也倘不能直下薦取歸諸空	本 來 無 有 世 界 眾 生 也 倘 不 能 直 下 薦 取 歸 諸 空 
X13n0285_007:0336a17	劫以前則迷頭認影辜負圓音甚矣又復應知約	劫 以 前 則 迷 頭 認 影 辜 負 圓 音 甚 矣 又 復 應 知 約 
X13n0285_007:0336a18	於心法點示三德既爾約諸佛法及眾生法點示	於 心 法 點 示 三 德 既 爾 約 諸 佛 法 及 眾 生 法 點 示 
X13n0285_007:0336a19	三德無不皆然以一一佛法一一眾生法無不皆	三 德 無 不 皆 然 以 一 一 佛 法 一 一 眾 生 法 無 不 皆 
X13n0285_007:0336a20	是妙性圓明無不皆自離諸名相故也思之思之。	是 妙 性 圓 明 無 不 皆 自 離 諸 名 相 故 也 思 之 思 之 
X13n0285_007:0336a21	二明因妄立真。	二 明 因 妄 立 真 
X13n0285_007:0336a22	因妄有生因生有滅生滅名妄滅妄名真是稱如來	因 妄 有 生 因 生 有 滅 生 滅 名 妄 滅 妄 名 真 是 稱 如 來 
X13n0285_007:0336a23	無上菩提及大涅槃二轉依號。	無上菩提 及 大 涅 槃 二 轉 依 號 
X13n0285_007:0336a24	因妄有生非謂實有所生意顯秪因迷妄所以非	因 妄 有 生 非 謂 實 有 所 生 意 顯 秪 因 迷 妄 所 以 非 
X13n0285_007:0336b01	生妄謂有生耳由其非生妄見有生所以非滅妄	生 妄 謂 有 生 耳 由 其 非 生 妄 見 有 生 所 以 非 滅 妄 
X13n0285_007:0336b02	見有滅是故生滅二俱名妄了知二妄俱不可得	見 有 滅 是 故 生 滅 二 俱 名 妄 了 知 二 妄 俱 不 可 得 
X13n0285_007:0336b03	性本寂滅強名為真是稱如來無上菩提及大涅	性 本 寂 滅 強 名 為 真 是 稱 如 來 無上菩提 及 大 涅 
X13n0285_007:0336b04	槃二種轉依之名號也葢眾生迷此現前一念之	槃 二 種 轉 依 之 名 號 也 葢 眾 生 迷 此 現 前 一 念 之 
X13n0285_007:0336b05	性著相計名是謂轉菩提依煩惱轉涅槃依生死	性 著 相 計 名 是 謂 轉 菩 提 依 煩 惱 轉 涅 槃 依 生 死 
X13n0285_007:0336b06	如水成氷如來達此現前一念之性妙性圓明離	如 水 成 氷 如 來 達 此 現 前 一 念 之 性 妙 性 圓 明 離 
X13n0285_007:0336b07	諸名相是謂轉煩惱依菩提轉生死依涅槃如氷	諸 名 相 是 謂 轉 煩 惱 依 菩 提 轉 生 死 依 涅 槃 如 氷 
X13n0285_007:0336b08	成水但轉其名元無實性故云二轉依號也無轉	成 水 但 轉 其 名 元 無 實 性 故 云 二 轉 依 號 也 無 轉 
X13n0285_007:0336b09	而論轉則有名字轉乃至究竟轉之不同初開圓	而 論 轉 則 有 名 字 轉 乃 至 究 竟 轉 之 不 同 初 開 圓 
X13n0285_007:0336b10	解知一切法本不生滅為名字轉乾慧地為觀行	解 知一切法 本 不 生 滅 為 名 字 轉 乾 慧 地 為 觀 行 
X13n0285_007:0336b11	轉十信位為相似轉十住行向四種加行十地等	轉 十 信 位 為 相 似 轉 十 住 行 向 四 種 加 行 十 地 等 
X13n0285_007:0336b12	覺為分證轉妙覺極果為究竟轉九界眾生轉菩	覺 為 分 證 轉 妙 覺 極 果 為 究 竟 轉 九 界 眾 生 轉 菩 
X13n0285_007:0336b13	提依煩惱轉涅槃依生死則有十二類生差別佛	提 依 煩 惱 轉 涅 槃 依 生 死 則 有 十 二 類 生 差 別 佛 
X13n0285_007:0336b14	界眾生轉煩惱依菩提轉生死依涅槃則有五十	界 眾 生 轉 煩 惱 依 菩 提 轉 生 死 依 涅 槃 則 有 五 十 
X13n0285_007:0336b15	七位不同菩提是能照之三智涅槃是所照之三	七 位 不 同 菩 提 是 能 照 之 三 智 涅 槃 是 所 照 之 三 
X13n0285_007:0336b16	德又菩提屬智即般若德涅槃屬斷即解脫德煩	德 又 菩 提 屬 智 即 般 若 德 涅 槃 屬 斷 即 解 脫 德 煩 
X13n0285_007:0336b17	惱即菩提生死即涅槃轉無可轉當體法界即法	惱 即 菩 提 生 死 即 涅 槃 轉 無 可 轉 當 體 法 界 即 法 
X13n0285_007:0336b18	身德始終皆是三德祕藏不縱不橫不可思議故	身 德 始 終 皆 是 三 德 祕 藏 不 縱 不 橫 不可思議 故 
X13n0285_007:0336b19	曰總明三德也。二別示迷悟二初明迷真起妄	曰 總 明 三 德 也 二 別 示 迷 悟 二 初 明 迷 真 起 妄 
X13n0285_007:0336b20	成十二類生顛倒法二明滅妄名真立六十聖位	成 十 二 類 生 顛 倒 法 二 明 滅 妄 名 真 立 六 十 聖 位 
X13n0285_007:0336b21	轉依號。初中二初敘意總明二約相別示。今	轉 依 號 初 中 二 初 敘 意 總 明 二 約 相 別 示 今 
X13n0285_007:0336b22	初。	初 
X13n0285_007:0336b23	阿難汝今欲修真三摩地直詣如來大涅槃者先當	阿 難 汝 今 欲 修 真 三 摩 地 直 詣 如 來 大 涅 槃 者 先 當 
X13n0285_007:0336b24	識此眾生世界二(種)顛倒(之)因顛倒不生斯則如來	識 此 眾 生 世 界 二 種 顛 倒 之 因 顛 倒 不 生 斯 則 如 來 
X13n0285_007:0336c01	真三摩地。	真 三 摩 地 
X13n0285_007:0336c02	真三摩地即是大佛頂首楞嚴王三昧全性起修	真 三 摩 地 即 是 大 佛 頂 首 楞 嚴 王 三 昧 全 性 起 修 
X13n0285_007:0336c03	全修在性故言真也直詣如來大涅槃者直心正	全 修 在 性 故 言 真 也 直 詣 如 來 大 涅 槃 者 直 心 正 
X13n0285_007:0336c04	念真如始從名字乃至究竟全以佛覺用為己心	念 真 如 始 從 名 字 乃 至 究 竟 全 以 佛 覺 用 為 己 心 
X13n0285_007:0336c05	中間永無諸委曲相也眾生二字約惑業邊即是	中 間 永 無 諸 委 曲 相 也 眾 生 二 字 約 惑 業 邊 即 是 
X13n0285_007:0336c06	十界假名對菩提言世界二字約果報邊即是十	十 界 假 名 對 菩 提 言 世 界 二 字 約 果 報 邊 即 是 十 
X13n0285_007:0336c07	界五陰實法所謂十二類生對涅槃言乃指眾生	界 五 陰 實 法 所 謂 十 二 類 生 對 涅 槃 言 乃 指 眾 生 
X13n0285_007:0336c08	世間非單指器世間也以舉正報必能該依報故	世 間 非 單 指 器 世 間 也 以 舉 正 報 必 能 該 依 報 故 
X13n0285_007:0336c09	夫離却眾生無十二類離十二類別無眾生而皆	夫 離 却 眾 生 無 十 二 類 離 十 二 類 別 無 眾 生 而 皆 
X13n0285_007:0336c10	在迷情顛倒之中離菩提智無涅槃理離涅槃理	在 迷 情 顛 倒 之 中 離 菩 提 智 無 涅 槃 理 離 涅 槃 理 
X13n0285_007:0336c11	無菩提智而總由妙悟不生之體葢顛倒理即不	無 菩 提 智 而 總 由 妙 悟 不 生 之 體 葢 顛 倒 理 即 不 
X13n0285_007:0336c12	生眾生於無生中妄見有生達此不生道理便成	生 眾 生 於 無 生 中 妄 見 有 生 達 此 不 生 道 理 便 成 
X13n0285_007:0336c13	名字不生便是名字真三摩地乃至究竟不生斯	名 字 不 生 便 是 名 字 真 三 摩 地 乃 至 究 竟 不 生 斯 
X13n0285_007:0336c14	則究竟真三摩地也。二約相別示二初明眾生	則 究 竟 真 三 摩 地 也 二 約 相 別 示 二 初 明 眾 生 
X13n0285_007:0336c15	顛倒二明世界顛倒。今初。	顛 倒 二 明 世 界 顛 倒 今 初 
X13n0285_007:0336c16	阿難云何名為眾生顛倒阿難由性明心性明圓故	阿 難 云 何 名 為 眾 生 顛 倒 阿 難 由 性 明 心 性 明 圓 故 
X13n0285_007:0336c17	因明發性性妄見生從畢竟無成究竟有此有所有	因 明 發 性 性 妄 見 生 從 畢 竟 無 成 究 竟 有 此 有 所 有 
X13n0285_007:0336c18	非因所因住所住相了無根本本此無住建立世界	非 因 所 因 住 所 住 相 了 無 根 本 本 此 無 住 建 立 世 界 
X13n0285_007:0336c19	及諸眾生迷本圓明是生虗妄妄性無體非有所依	及 諸 眾 生 迷 本 圓 明 是 生 虗 妄 妄 性 無 體 非 有 所 依 
X13n0285_007:0336c20	將欲復真欲真已非真真如性非真求復宛成非相	將 欲 復 真 欲 真 已 非 真 真 如 性 非 真 求 復 宛 成 非 相 
X13n0285_007:0336c21	非生非住非心非法展轉發生生力發明熏以成業	非 生 非 住 非 心 非 法 展 轉 發 生 生 力 發 明 熏 以 成 業 
X13n0285_007:0336c22	同業相感因有感業相滅相生由是故有眾生顛	同 業 相 感 因 有 感 業 相 滅 相 生 由 是 故 有 眾 生 顛 
X13n0285_007:0336c23	倒。	倒 
X13n0285_007:0336c24	此具明九界眾生顛倒因也若約第一義諦離名	此 具 明 九 界 眾 生 顛 倒 因 也 若 約 第一義諦 離 名 
X13n0285_007:0337a01	絕相則十界俱非十界若約隨緣染淨假名假相	絕 相 則 十 界 俱 非 十 界 若 約 隨 緣 染 淨 假 名 假 相 
X13n0285_007:0337a02	則十界皆號眾生但九界違時真性名為顛倒眾	則 十 界 皆 號 眾 生 但 九 界 違 時 真 性 名 為 顛 倒 眾 
X13n0285_007:0337a03	生惟佛妙合本理可名不顛倒眾生耳文有三節	生 惟 佛 妙 合 本 理 可 名 不 顛 倒 眾 生 耳 文 有 三 節 
X13n0285_007:0337a04	初從由性明心至及諸眾生是總明九界顛倒之	初 從 由 性 明 心 至 及 諸 眾 生 是 總 明 九 界 顛 倒 之 
X13n0285_007:0337a05	因猶初卷中所謂一切眾生從無始來種種顛倒	因 猶 初 卷 中 所 謂 一 切 眾 生 從無始來 種 種 顛 倒 
X13n0285_007:0337a06	等也二從迷本圓明至宛成非相是別明三乘魔	等 也 二 從 迷 本 圓 明 至 宛 成 非 相 是 別 明 三 乘 魔 
X13n0285_007:0337a07	外顛倒之因猶初卷中所謂諸修行人不能得成	外 顛 倒 之 因 猶 初 卷 中 所 謂 諸 修 行 人 不 能 得 成 
X13n0285_007:0337a08	無上菩提等也三從非生非住至故有眾生顛倒	無上菩提 等 也 三 從 非 生 非 住 至 故 有 眾 生 顛 倒 
X13n0285_007:0337a09	是結明九界顛倒之相猶初卷中所謂皆由不知	是 結 明 九 界 顛 倒 之 相 猶 初 卷 中 所 謂 皆 由 不 知 
X13n0285_007:0337a10	二種根本等也初中由性明心二句即四卷中所	二 種 根 本 等 也 初 中 由 性 明 心 二 句 即 四 卷 中 所 
X13n0285_007:0337a11	謂性覺必明也因明發性一句即所謂妄為明覺	謂 性 覺 必 明 也 因 明 發 性 一 句 即 所 謂 妄 為 明 覺 
X13n0285_007:0337a12	也性妄見生一句即所謂因明立所所既妄立生	也 性 妄 見 生 一 句 即 所 謂 因 明 立 所 所 既 妄 立 生 
X13n0285_007:0337a13	汝妄能也從畢竟無二句即所謂無同異中熾然	汝 妄 能 也 從 畢 竟 無 二 句 即 所 謂 無 同 異 中 熾 然 
X13n0285_007:0337a14	成異也非因所因一句即所謂迷本無因也言秪	成 異 也 非 因 所 因 一 句 即 所 謂 迷 本 無 因 也 言 秪 
X13n0285_007:0337a15	由本性真明之心其性本明圓故然但有性德未	由 本 性 真 明 之 心 其 性 本 明 圓 故 然 但 有 性 德 未 
X13n0285_007:0337a16	有修德故因而明發於性性中之妄見忽生遂從	有 修 德 故 因 而 明 發 於 性 性 中 之 妄 見 忽 生 遂 從 
X13n0285_007:0337a17	畢竟無中妄成究竟有相然而此有所有當體虗	畢 竟 無 中 妄 成 究 竟 有 相 然 而 此 有 所 有 當 體 虗 
X13n0285_007:0337a18	妄如空中華如夢中物實非因於所因即今住所	妄 如 空 中 華 如 夢 中 物 實 非 因 於 所 因 即 今 住 所 
X13n0285_007:0337a19	住相亦復了無根本不過本此無住建立世界及	住 相 亦 復 了 無 根 本 不 過 本 此 無 住 建 立 世 界 及 
X13n0285_007:0337a20	諸眾生耳此明眾生顛倒而兼及世界者正顯世	諸 眾 生 耳 此 明 眾 生 顛 倒 而 兼 及 世 界 者 正 顯 世 
X13n0285_007:0337a21	界與眾生秪因一迷更無二法故也次文意謂迷	界 與 眾 生 秪 因 一 迷 更 無 二 法 故 也 次 文 意 謂 迷 
X13n0285_007:0337a22	於本性圓明之體是生虗妄是故妄性本無自體	於 本 性 圓 明 之 體 是 生 虗 妄 是 故 妄 性 本 無 自 體 
X13n0285_007:0337a23	亦非更有所依彼權乘菩薩及二乘人將欲捨妄	亦 非 更 有 所 依 彼 權 乘 菩 薩 及 二 乘 人 將 欲 捨 妄 
X13n0285_007:0337a24	復真欲真已非真真如性矣況魔外等以非真而	復 真 欲 真 已 非 真 真 如 性 矣 況 魔 外 等 以 非 真 而 
X13n0285_007:0337b01	求復不宛然益成非相乎第三意顯生住心法本	求 復 不 宛 然 益 成 非 相 乎 第 三 意 顯 生 住 心 法 本 
X13n0285_007:0337b02	無自性由諸眾生及三乘魔外等於此非生非住	無 自 性 由 諸 眾 生 及 三 乘 魔 外 等 於 此 非 生 非 住 
X13n0285_007:0337b03	非心非法而妄見有生有住有心有法從此虗妄	非 心 非 法 而 妄 見 有 生 有 住 有 心 有 法 從 此 虗 妄 
X13n0285_007:0337b04	展轉發生生力發明熏以成業同業相感有滅有	展 轉 發 生 生 力 發 明 熏 以 成 業 同 業 相 感 有 滅 有 
X13n0285_007:0337b05	生而九界眾生顛倒從此非有妄成有矣夫非生	生 而 九 界 眾 生 顛 倒 從 此 非 有 妄 成 有 矣 夫 非 生 
X13n0285_007:0337b06	而妄見有生乃至非法而妄見有法此即是惑也	而 妄 見 有 生 乃 至 非 法 而 妄 見 有 法 此 即 是 惑 也 
X13n0285_007:0337b07	生力發明即由惑以起業也同業相感即由業以	生 力 發 明 即 由 惑 以 起 業 也 同 業 相 感 即 由 業 以 
X13n0285_007:0337b08	招報也若於無生無住無心無法性中妄見有同	招 報 也 若 於 無 生 無 住 無 心 無 法 性 中 妄 見 有 同 
X13n0285_007:0337b09	居三界生住心法是見思惑熏成有漏善惡不動	居 三 界 生 住 心 法 是 見 思 惑 熏 成 有 漏 善 惡 不 動 
X13n0285_007:0337b10	諸業感於同居分段滅生若於無生無住無心無	諸 業 感 於 同 居 分 段 滅 生 若 於 無 生 無 住 無 心 無 
X13n0285_007:0337b11	法性中妄見有方便三界生住心法是塵沙惑熏	法 性 中 妄 見 有 方 便 三 界 生 住 心 法 是 塵 沙 惑 熏 
X13n0285_007:0337b12	成無漏徧真之業感於方便變易滅生若於無生	成 無 漏 徧 真 之 業 感 於 方 便 變 易 滅 生 若 於 無 生 
X13n0285_007:0337b13	無住無心無法性中妄見有實報三界生住心法	無 住 無 心 無 法 性 中 妄 見 有 實 報 三 界 生 住 心 法 
X13n0285_007:0337b14	是無明感熏成亦漏亦無漏業感於實報變易滅	是 無 明 感 熏 成 亦 漏 亦 無 漏 業 感 於 實 報 變 易 滅 
X13n0285_007:0337b15	生又不知同居方便實報三土生住心法當體即	生 又 不 知 同 居 方 便 實 報 三 土 生 住 心 法 當 體 即 
X13n0285_007:0337b16	空是見思惑不知三土生住心法種種假名是塵	空 是 見 思 惑 不 知 三 土 生 住 心 法 種 種 假 名 是 塵 
X13n0285_007:0337b17	沙惑不知三土生住心法全體中道是無明惑乃	沙 惑 不 知 三 土 生 住 心 法 全 體 中 道 是 無 明 惑 乃 
X13n0285_007:0337b18	至由惑起業由業招報故有九界眾生顛倒相也。	至 由 惑 起 業 由 業 招 報 故 有 九 界 眾 生 顛 倒 相 也 
X13n0285_007:0337b19	二明世界顛倒二初約因標名二約果釋相。	二 明 世 界 顛 倒 二 初 約 因 標 名 二 約 果 釋 相 
X13n0285_007:0337b20	今初。	今 初 
X13n0285_007:0337b21	阿難云何名為世界顛倒是有所有分段妄生因此	阿 難 云 何 名 為 世 界 顛 倒 是 有 所 有 分 段 妄 生 因 此 
X13n0285_007:0337b22	界立非因所因無住所住遷流不住因此世成三世	界 立 非 因 所 因 無 住 所 住 遷 流 不 住 因 此 世 成 三 世 
X13n0285_007:0337b23	四方和合相涉變化眾生成十二類是故世界因動	四 方 和 合 相 涉 變 化 眾 生 成 十 二 類 是 故 世 界 因 動 
X13n0285_007:0337b24	有聲因聲有色因色有香因香有觸因觸有味因味	有 聲 因 聲 有 色 因 色 有 香 因 香 有 觸 因 觸 有 味 因 味 
X13n0285_007:0337c01	知法六亂妄想成業性故十二區分由此輪轉是故	知 法 六 亂 妄 想 成 業 性 故 十 二 區 分 由 此 輪 轉 是 故 
X13n0285_007:0337c02	世間聲香味觸窮十二變為一旋復乘此輪轉顛倒	世 間 聲香味觸 窮 十 二 變 為 一 旋 復 乘 此 輪 轉 顛 倒 
X13n0285_007:0337c03	相故是有世界卵生胎生濕生化生有色無色有想	相 故 是 有 世 界 卵 生 胎 生 濕 生 化 生 有 色 無 色 有 想 
X13n0285_007:0337c04	無想若非有色若非無色若非有想若非無想。	無 想 若 非 有 色 若 非 無 色 若 非 有 想 若 非 無 想 
X13n0285_007:0337c05	此即牒上眾生顛倒之因而為世界顛倒之相也	此 即 牒 上 眾 生 顛 倒 之 因 而 為 世 界 顛 倒 之 相 也 
X13n0285_007:0337c06	上云此有所有非因所因住所住相了無根本今	上 云 此 有 所 有 非 因 所 因 住 所 住 相 了 無 根 本 今 
X13n0285_007:0337c07	牒上此有所有一句而成界牒上非因所因三句	牒 上 此 有 所 有 一 句 而 成 界 牒 上 非 因 所 因 三 句 
X13n0285_007:0337c08	而成世言是妄有所有則分段之形妄生因此而	而 成 世 言 是 妄 有 所 有 則 分 段 之 形 妄 生 因 此 而 
X13n0285_007:0337c09	四方之界遂立然此妄有既非因於所因則便無	四 方 之 界 遂 立 然 此 妄 有 既 非 因 於 所 因 則 便 無 
X13n0285_007:0337c10	住所住故復遷流不住因此而三世之相遂成即	住 所 住 故 復 遷 流 不 住 因 此 而 三 世 之 相 遂 成 即 
X13n0285_007:0337c11	此三世與彼四方和合互相涉入因此變化眾生	此 三 世 與 彼 四 方 和 合 互 相 涉 入 因 此 變 化 眾 生 
X13n0285_007:0337c12	成十二類是故一念無明不覺而心動動即有聲	成 十 二 類 是 故 一 念 無 明 不 覺 而 心 動 動 即 有 聲 
X13n0285_007:0337c13	有聲即有色香觸味法等六塵頓具亂想紛然惑	有 聲 即 有 色 香 觸 味 法 等 六 塵 頓 具 亂 想 紛 然 惑 
X13n0285_007:0337c14	為業根業為報本報復起惑如惡叉聚永不相離	為 業 根 業 為 報 本 報 復 起 惑 如 惡 叉 聚 永 不 相 離 
X13n0285_007:0337c15	矣然遠論動源過在無始近而論之只是當念一	矣 然 遠 論 動 源 過 在 無 始 近 而 論 之 只 是 當 念 一 
X13n0285_007:0337c16	念不生六妄自息惑業苦三如華滅空故曰顛倒	念 不 生 六 妄 自 息 惑 業 苦 三 如 華 滅 空 故 曰 顛 倒 
X13n0285_007:0337c17	不生斯則如來真三摩地也色聲香味觸法互為	不 生 斯 則 如 來 真 三 摩 地 也 色聲香味觸 法 互 為 
X13n0285_007:0337c18	緣起互具互生舉聲為首必具六塵舉色舉香無	緣 起 互 具 互 生 舉 聲 為 首 必 具 六 塵 舉 色 舉 香 無 
X13n0285_007:0337c19	不咸爾約塵對根名為十二區分窮盡十二類之	不 咸 爾 約 塵 對 根 名 為 十 二 區 分 窮 盡 十 二 類 之 
X13n0285_007:0337c20	變態為業性之一旋復是故十二類生類類互具	變 態 為 業 性 之 一 旋 復 是 故 十 二 類 生 類 類 互 具 
X13n0285_007:0337c21	類類互生乃至等覺以下一分微細無明未斷則	類 類 互 生 乃 至 等 覺 以 下 一 分 微 細 無 明 未 斷 則 
X13n0285_007:0337c22	於十二類中各各尚有一分生因未盡故此十二	於 十 二 類 中 各 各 尚 有 一 分 生 因 未 盡 故 此 十 二 
X13n0285_007:0337c23	類生世界顛倒之相敵體與大涅槃相翻正所謂	類 生 世 界 顛 倒 之 相 敵 體 與 大 涅 槃 相 翻 正 所 謂 
X13n0285_007:0337c24	迷時轉涅槃依生死則有地獄分段生死乃至菩	迷 時 轉 涅 槃 依 生 死 則 有 地 獄 分段生死 乃 至 菩 
X13n0285_007:0338a01	薩變易生死悟時轉生死依涅槃則有名字涅槃	薩 變易生死 悟 時 轉 生 死 依 涅 槃 則 有 名 字 涅 槃 
X13n0285_007:0338a02	乃至究竟涅槃是故下文十二類生之相一往雖	乃 至 究竟涅槃 是 故 下 文 十 二 類 生 之 相 一 往 雖 
X13n0285_007:0338a03	似但約欲界仍須約事約理兼約界內界外以申	似 但 約 欲 界 仍 須 約 事 約 理 兼 約 界 內 界 外 以 申 
X13n0285_007:0338a04	明之乃與後文重重單複十二方盡妙覺成無上	明 之 乃 與 後 文 重 重 單 複 十 二 方 盡 妙 覺 成 無 上 
X13n0285_007:0338a05	道之旨合也。二約果釋相二初別明二總結。	道 之 旨 合 也 二 約 果 釋 相 二 初 別 明 二 總 結 
X13n0285_007:0338a06	初別明十二初卵生相(至)十二非無想相。今初。	初 別 明 十 二 初 卵 生 相 至 十 二 非 無 想 相 今 初 
X13n0285_007:0338a07	阿難由因世界虗妄輪迴動顛倒故和合氣成八萬	阿 難 由 因 世 界 虗 妄 輪 迴 動 顛 倒 故 和 合 氣 成 八 萬 
X13n0285_007:0338a08	四千飛沉亂想如是故有卵羯邏藍流轉國土魚鳥	四 千 飛 沉 亂 想 如 是 故 有 卵 羯 邏 藍 流 轉 國 土 魚 鳥 
X13n0285_007:0338a09	龜蛇其類充塞。	龜 蛇 其 類 充 塞 
X13n0285_007:0338a10	世界者指五陰實法也虗妄者惑也動者業也氣	世 界 者 指 五 陰 實 法 也 虗 妄 者 惑 也 動 者 業 也 氣 
X13n0285_007:0338a11	及飛沉報也卵惟想生故云虗妄惑為業報之本	及 飛 沉 報 也 卵 惟 想 生 故 云 虗 妄 惑 為 業 報 之 本 
X13n0285_007:0338a12	故號輪迴想多掉舉故稱為動業必由感故言顛	故 號 輪 迴 想 多 掉 舉 故 稱 為 動 業 必 由 感 故 言 顛 
X13n0285_007:0338a13	倒卵以氣交如雄鳴上風雌鳴下風之類故云和	倒 卵 以 氣 交 如 雄 鳴 上 風 雌 鳴 下 風 之 類 故 云 和 
X13n0285_007:0338a14	合氣成各由八萬四千煩惱感變故云八萬四千	合 氣 成 各 由 八萬四千 煩 惱 感 變 故 云 八萬四千 
X13n0285_007:0338a15	飛沉亂想羯邏藍此云凝滑即是羣卵受生初位	飛 沉 亂 想 羯 邏 藍 此 云 凝 滑 即 是 羣 卵 受 生 初 位 
X13n0285_007:0338a16	鳥為飛類魚及龜蛇皆是沉類充塞者豎窮橫徧	鳥 為 飛 類 魚 及 龜 蛇 皆 是 沉 類 充 塞 者 豎 窮 橫 徧 
X13n0285_007:0338a17	也約義申明者見思虗妄塵沙虗妄無明虗妄即	也 約 義 申 明 者 見 思 虗 妄 塵 沙 虗 妄 無 明 虗 妄 即 
X13n0285_007:0338a18	是分段變易二輪迴本惡動善動有漏動無漏動	是 分 段 變 易 二 輪 迴 本 惡 動 善 動 有 漏 動 無 漏 動 
X13n0285_007:0338a19	二邊動皆是顛倒業相人畜男女氣分色無色界	二 邊 動 皆 是 顛 倒 業 相 人 畜 男 女 氣 分 色無色界 
X13n0285_007:0338a20	禪定氣分方便涅槃氣分出假神通氣分中道佛	禪 定 氣 分 方 便 涅 槃 氣 分 出 假 神 通 氣 分 中 道 佛 
X13n0285_007:0338a21	性氣分散亂為飛昏昧為沉觀慧為飛靜定為沉	性 氣 分 散 亂 為 飛 昏 昧 為 沉 觀 慧 為 飛 靜 定 為 沉 
X13n0285_007:0338a22	空觀為飛體真止為沉假觀為飛方便隨緣止為	空 觀 為 飛 體 真 止 為 沉 假 觀 為 飛 方 便 隨 緣 止 為 
X13n0285_007:0338a23	沉中觀為飛息二邊分別止為沉見思卵殻塵沙	沉 中 觀 為 飛 息 二 邊 分 別 止 為 沉 見 思 卵 殻 塵 沙 
X13n0285_007:0338a24	卵殻無明卵殻以要言之九界皆名卵生惟佛破	卵 殻 無 明 卵 殻 以要言之 九 界 皆 名 卵 生 惟 佛 破 
X13n0285_007:0338b01	無明殻定慧平等不飛不沉永滅妄想緣氣習影	無 明 殻 定 慧 平 等 不 飛 不 沉 永 滅 妄 想 緣 氣 習 影 
X13n0285_007:0338b02	寂然不動不顛不倒真實常住非卵生也又佛永	寂 然 不 動 不 顛 不 倒 真 實 常 住 非 卵 生 也 又 佛 永 
X13n0285_007:0338b03	斷微細卵生生因而能示現九界卵生又卵生顛	斷 微 細 卵 生 生 因 而 能 示 現 九 界 卵 生 又 卵 生 顛 
X13n0285_007:0338b04	倒本自不生達此不生之理從名字斷至究竟斷	倒 本 自 不 生 達 此 不 生 之 理 從 名 字 斷 至 究 竟 斷 
X13n0285_007:0338b05	故有五十五位真菩提路也又九界眾生不知諸	故 有 五 十 五 位 真 菩 提 路 也 又 九 界 眾 生 不 知 諸 
X13n0285_007:0338b06	法體是虗妄誤為真實是故不能神通自在轉變	法 體 是 虗 妄 誤 為 真 實 是 故 不 能 神通自在 轉 變 
X13n0285_007:0338b07	由心不能動於法界不能和合自心所現十界氣	由 心 不 能 動 於 法 界 不 能 和 合 自 心 所 現 十 界 氣 
X13n0285_007:0338b08	分示現十界種種飛沉惟佛徹證虗妄之性善巧	分 示 現 十 界 種 種 飛 沉 惟 佛 徹 證 虗 妄 之 性 善 巧 
X13n0285_007:0338b09	輪迴變動法界以九界為佛界以佛界為九界和	輪 迴 變 動 法 界 以 九 界 為 佛 界 以 佛 界 為 九 界 和 
X13n0285_007:0338b10	合九界中佛界氣分示現佛界飛沉和合佛界中	合 九 界 中 佛 界 氣 分 示 現 佛 界 飛 沉 和 合 佛 界 中 
X13n0285_007:0338b11	九界氣分示現九界飛沉是故惟佛如來名為究	九 界 氣 分 示 現 九 界 飛 沉 是 故 惟 佛 如 來 名 為 究 
X13n0285_007:0338b12	竟卵生眾生是究竟魚究竟鳥究竟龜蛇一究竟	竟 卵 生 眾 生 是 究 竟 魚 究 竟 鳥 究 竟 龜 蛇 一 究 竟 
X13n0285_007:0338b13	一切究竟則是顯出卵生實性方成佛道蓋虗妄	一 切 究 竟 則 是 顯 出 卵 生 實 性 方 成 佛 道 蓋 虗 妄 
X13n0285_007:0338b14	輪迴是般若實性動顛倒是解脫實性氣及飛沉	輪 迴 是 般 若 實 性 動 顛 倒 是 解 脫 實 性 氣 及 飛 沉 
X13n0285_007:0338b15	是法身實性又虗妄及動氣及飛沉皆即中故名	是 法 身 實 性 又 虗 妄 及 動 氣 及 飛 沉 皆 即 中 故 名 
X13n0285_007:0338b16	為妙性皆即色故名為圓明皆即假故離諸名相	為 妙 性 皆 即 色 故 名 為 圓 明 皆 即 假 故 離 諸 名 相 
X13n0285_007:0338b17	如此顯出實性則有名字顯出乃至究竟顯出成	如 此 顯 出 實 性 則 有 名 字 顯 出 乃 至 究 竟 顯 出 成 
X13n0285_007:0338b18	妙覺也下皆准知不復具說。二胎生相。	妙 覺 也 下 皆 准 知 不 復 具 說 二 胎 生 相 
X13n0285_007:0338b19	由因世界雜染輪迴欲顛倒故和合滋成八萬四千	由 因 世 界 雜 染 輪 迴 欲 顛 倒 故 和 合 滋 成 八萬四千 
X13n0285_007:0338b20	橫竪亂想如是故有胎遏蒲曇流轉國土人畜龍仙	橫 竪 亂 想 如 是 故 有 胎 遏 蒲 曇 流 轉 國 土 人 畜 龍 仙 
X13n0285_007:0338b21	其類充塞。	其 類 充 塞 
X13n0285_007:0338b22	胎因情有惑名雜染綢繆愛戀業名為欲精血雜	胎 因 情 有 惑 名 雜 染 綢 繆 愛 戀 業 名 為 欲 精 血 雜 
X13n0285_007:0338b23	和報名為滋遏蒲曇此云皰形二七日位胎卵漸	和 報 名 為 滋 遏 蒲 曇 此 云 皰 形 二 七 日 位 胎 卵 漸 
X13n0285_007:0338b24	分之相也人仙是豎畜龍是橫約義者見思雜染	分 之 相 也 人 仙 是 豎 畜 龍 是 橫 約 義 者 見 思 雜 染 
X13n0285_007:0338c01	塵沙無明雜染男女欲愛味禪欲愛偏真欲愛神	塵 沙 無 明 雜 染 男 女 欲 愛 味 禪 欲 愛 偏 真 欲 愛 神 
X13n0285_007:0338c02	通欲愛但中欲愛精血為滋十支為滋無漏法味	通 欲 愛 但 中 欲 愛 精 血 為 滋 十 支 為 滋 無 漏 法 味 
X13n0285_007:0338c03	為滋出假法味為滋中道法味為滋性中三德為	為 滋 出 假 法 味 為 滋 中 道 法 味 為 滋 性 中 三 德 為 
X13n0285_007:0338c04	橫修中三德為豎因中三德為豎果下三德為橫	橫 修 中 三 德 為 豎 因 中 三 德 為 豎 果 下 三 德 為 橫 
X13n0285_007:0338c05	此是所斷也如外無智智外無如以為雜染法喜	此 是 所 斷 也 如 外 無 智 智 外 無 如 以 為 雜 染 法 喜 
X13n0285_007:0338c06	之妻以為欲愛三諦法味為滋六而常即為橫即	之 妻 以 為 欲 愛 三 諦 法 味 為 滋 六 而 常 即 為 橫 即 
X13n0285_007:0338c07	而常六為豎此是所顯也。三濕生相。	而 常 六 為 豎 此 是 所 顯 也 三 濕 生 相 
X13n0285_007:0338c08	由因世界執著輪迴趣顛倒故和合煖成八萬四千	由 因 世 界 執 著 輪 迴 趣 顛 倒 故 和 合 煖 成 八萬四千 
X13n0285_007:0338c09	翻覆亂想如是故有濕相蔽尸流轉國土含蠢蠕動	翻 覆 亂 想 如 是 故 有 濕 相 蔽 尸 流 轉 國 土 含 蠢 蠕 動 
X13n0285_007:0338c10	其類充塞。	其 類 充 塞 
X13n0285_007:0338c11	濕以合感感名執著附勢趨炎業名為趣火水相	濕 以 合 感 感 名 執 著 附 勢 趨 炎 業 名 為 趣 火 水 相 
X13n0285_007:0338c12	成報名為煖所趨無定名為翻覆蔽尸此云軟肉	成 報 名 為 煖 所 趨 無 定 名 為 翻 覆 蔽 尸 此 云 軟 肉 
X13n0285_007:0338c13	濕生之初相也約義者見思執著塵沙無明執著	濕 生 之 初 相 也 約 義 者 見 思 執 著 塵 沙 無 明 執 著 
X13n0285_007:0338c14	趣有趣空趣邊趣中同居煖相方便煖相實報煖	趣 有 趣 空 趣 邊 趣 中 同 居 煖 相 方 便 煖 相 實 報 煖 
X13n0285_007:0338c15	相有所翻向必有所覆背見思潤生塵沙無明潤	相 有 所 翻 向 必 有 所 覆 背 見 思 潤 生 塵 沙 無 明 潤 
X13n0285_007:0338c16	生潤名濕相此是所斷也究盡諸法實相方可執	生 潤 名 濕 相 此 是 所 斷 也 究 盡 諸法實相 方 可 執 
X13n0285_007:0338c17	著隨舉一法一切法趣是趣不過一切諸法中悉	著 隨 舉 一 法 一 切 法 趣 是 趣 不 過 一切諸法 中 悉 
X13n0285_007:0338c18	有安樂性善巧觀察猶如鑽火欲然其木便有真	有 安 樂 性 善 巧 觀 察 猶 如 鑽 火 欲 然 其 木 便 有 真 
X13n0285_007:0338c19	諦煖相俗諦煖相中諦煖相十界俱即為翻十界	諦 煖 相 俗 諦 煖 相 中 諦 煖 相 十 界 俱 即 為 翻 十 界 
X13n0285_007:0338c20	俱非為覆心心流入薩婆若海與佛如來法流水	俱 非 為 覆 心 心 流 入 薩 婆 若 海 與 佛 如 來 法 流 水 
X13n0285_007:0338c21	接名為濕相此是所顯也。四化生相。	接 名 為 濕 相 此 是 所 顯 也 四 化 生 相 
X13n0285_007:0338c22	由因世界變易輪迴假顛倒故和合觸成八萬四千	由 因 世 界 變 易 輪 迴 假 顛 倒 故 和 合 觸 成 八萬四千 
X13n0285_007:0338c23	新故亂想如是故有化相羯南流轉國土轉蛻飛行	新 故 亂 想 如 是 故 有 化 相 羯 南 流 轉 國 土 轉 蛻 飛 行 
X13n0285_007:0338c24	其類充塞。	其 類 充 塞 
X13n0285_007:0339a01	無而忽有革貌易形皆名為化化以離應惑名變	無 而 忽 有 革 貌 易 形 皆 名 為 化 化 以 離 應 惑 名 變 
X13n0285_007:0339a02	易反覆不實業名為假隨其所遇報名為觸新是	易 反 覆 不 實 業 名 為 假 隨 其 所 遇 報 名 為 觸 新 是 
X13n0285_007:0339a03	所趨故是所脫羯南此云硬肉化生之初相也約	所 趨 故 是 所 脫 羯 南 此 云 硬 肉 化 生 之 初 相 也 約 
X13n0285_007:0339a04	義者見思變易塵沙無明變易因成假相續假相	義 者 見 思 變 易 塵 沙 無 明 變 易 因 成 假 相 續 假 相 
X13n0285_007:0339a05	待假同居諸觸方便諸觸實報諸觸界內界外傳	待 假 同 居 諸 觸 方 便 諸 觸 實 報 諸 觸 界 內 界 外 傳 
X13n0285_007:0339a06	傳為新傳傳為故業化願化意生化此是所斷也	傳 為 新 傳 傳 為 故 業 化 願 化 意 生 化 此 是 所 斷 也 
X13n0285_007:0339a07	不變隨緣名為變易一假一切假三諦皆假大般	不 變 隨 緣 名 為 變 易 一 假 一 切 假 三 諦 皆 假 大 般 
X13n0285_007:0339a08	涅槃八自在觸惟心所現為新因心成體為故乃	涅 槃 八 自 在 觸 惟 心 所 現 為 新 因 心 成 體 為 故 乃 
X13n0285_007:0339a09	至無記化化此是所顯也。五有色相。	至 無 記 化 化 此 是 所 顯 也 五 有 色 相 
X13n0285_007:0339a10	由因世界留礙輪迴障顛倒故和合著成八萬四千	由 因 世 界 留 礙 輪 迴 障 顛 倒 故 和 合 著 成 八萬四千 
X13n0285_007:0339a11	精耀亂想如是故有色相羯南流轉國土休咎精明	精 耀 亂 想 如 是 故 有 色 相 羯 南 流 轉 國 土 休 咎 精 明 
X13n0285_007:0339a12	其類充塞。	其 類 充 塞 
X13n0285_007:0339a13	妄想堅執惑名留礙質滯不通業名為障精明顯	妄 想 堅 執 惑 名 留 礙 質 滯 不 通 業 名 為 障 精 明 顯 
X13n0285_007:0339a14	耀報名為著上則日月星辰為祥為孽下則蚌珠	耀 報 名 為 著 上 則 日 月 星 辰 為 祥 為 孽 下 則 蚌 珠 
X13n0285_007:0339a15	螢火為瑞為妖皆名有色也約義者見思留礙塵	螢 火 為 瑞 為 妖 皆 名 有 色 也 約 義 者 見 思 留 礙 塵 
X13n0285_007:0339a16	沙無明留礙有漏障偏空障二邊障幻色顯著涅	沙 無 明 留 礙 有 漏 障 偏 空 障 二 邊 障 幻 色 顯 著 涅 
X13n0285_007:0339a17	槃顯著神通顯著有漏色無漏色如幻色此是所	槃 顯 著 神 通 顯 著 有 漏 色 無 漏 色 如 幻 色 此 是 所 
X13n0285_007:0339a18	斷也性相常住名為留礙遮障惡道遮障有漏遮	斷 也 性相常住 名 為 留 礙 遮 障 惡 道 遮 障 有 漏 遮 
X13n0285_007:0339a19	障二邊名之為障真諦顯著俗諦顯著中諦顯著	障 二 邊 名 之 為 障 真 諦 顯 著 俗 諦 顯 著 中 諦 顯 著 
X13n0285_007:0339a20	名之為著乃至真善妙色此是所顯也。六無色	名 之 為 著 乃 至 真 善 妙 色 此 是 所 顯 也 六 無 色 
X13n0285_007:0339a21	相。	相 
X13n0285_007:0339a22	由因世界銷散輪迴惑顛倒故和合暗成八萬四千	由 因 世 界 銷 散 輪 迴 惑 顛 倒 故 和 合 暗 成 八萬四千 
X13n0285_007:0339a23	陰隱亂想如是故有無色羯南流轉國土空散銷沉	陰 隱 亂 想 如 是 故 有 無 色 羯 南 流 轉 國 土 空 散 銷 沉 
X13n0285_007:0339a24	其類充塞。	其 類 充 塞 
X13n0285_007:0339b01	厭有著空滅身歸無惑名銷散迷漏無聞不達空	厭 有 著 空 滅 身 歸 無 惑 名 銷 散 迷 漏 無 聞 不 達 空 
X13n0285_007:0339b02	理業名為惑依晦昧空報名為暗難可見聞故名	理 業 名 為 惑 依 晦 昧 空 報 名 為 暗 難 可 見 聞 故 名 
X13n0285_007:0339b03	陰隱相是頑鈍仍名羯南空散銷沉不專指於無	陰 隱 相 是 頑 鈍 仍 名 羯 南 空 散 銷 沉 不 專 指 於 無 
X13n0285_007:0339b04	色四天大凡川谷幽險黑暗諸處所有虗空神等	色 四 天 大 凡 川 谷 幽 險 黑 暗 諸 處 所 有 虗 空 神 等 
X13n0285_007:0339b05	皆其類也約義者銷散形色銷散涅槃銷散二諦	皆 其 類 也 約 義 者 銷 散 形 色 銷 散 涅 槃 銷 散 二 諦 
X13n0285_007:0339b06	迷惑真空迷惑妙有迷惑中道頑空暗偏空暗但	迷 惑 真 空 迷 惑 妙 有 迷 惑 中 道 頑 空 暗 偏 空 暗 但 
X13n0285_007:0339b07	中不具諸法暗此是所斷也銷散見思銷散塵沙	中 不 具 諸 法 暗 此 是 所 斷 也 銷 散 見 思 銷 散 塵 沙 
X13n0285_007:0339b08	無明猶如幻師能惑一切引誘諸子置秘密藏我	無 明 猶 如 幻 師 能 惑 一 切 引 誘 諸 子 置 秘 密 藏 我 
X13n0285_007:0339b09	亦不久自入其中此祕密藏義之如暗亦名第一	亦 不 久 自 入 其 中 此 祕 密 藏 義 之 如 暗 亦 名 第 一 
X13n0285_007:0339b10	義空即是所顯也。七有想相。	義 空 即 是 所 顯 也 七 有 想 相 
X13n0285_007:0339b11	由因世界罔象輪迴影顛倒故和合憶成八萬四千	由 因 世 界 罔 象 輪 迴 影 顛 倒 故 和 合 憶 成 八萬四千 
X13n0285_007:0339b12	潛結亂想如是故有想有羯南流轉國土神鬼精靈	潛 結 亂 想 如 是 故 有 想 有 羯 南 流 轉 國 土 神 鬼 精 靈 
X13n0285_007:0339b13	其類充塞。	其 類 充 塞 
X13n0285_007:0339b14	似有若無惑名罔象蹈迹附影業名為影幽潛之	似 有 若 無 惑 名 罔 象 蹈 迹 附 影 業 名 為 影 幽 潛 之 
X13n0285_007:0339b15	中妄結狀貌並因同分虗妄憶想之所構成報名	中 妄 結 狀 貌 並 因 同 分 虗 妄 憶 想 之 所 構 成 報 名 
X13n0285_007:0339b16	為憶無有實色但有想相而已約義者見思罔象	為 憶 無 有 實 色 但 有 想 相 而 已 約 義 者 見 思 罔 象 
X13n0285_007:0339b17	塵沙無明罔象有漏業影無漏業影二邊業影同	塵 沙 無 明 罔 象 有 漏 業 影 無 漏 業 影 二 邊 業 影 同 
X13n0285_007:0339b18	居憶想方便憶想實報憶想此是所斷也得理之	居 憶 想 方 便 憶 想 實 報 憶 想 此 是 所 斷 也 得 理 之 
X13n0285_007:0339b19	智名為罔象法界諸法一切如影正徧知海從心	智 名 為 罔 象 法 界 諸 法 一 切 如 影 正 徧 知 海 從 心 
X13n0285_007:0339b20	想生名之為憶此是所顯也。八無想相。	想 生 名 之 為 憶 此 是 所 顯 也 八 無 想 相 
X13n0285_007:0339b21	由因世界愚鈍輪迴癡顛倒故和合頑成八萬四千	由 因 世 界 愚 鈍 輪 迴 癡 顛 倒 故 和 合 頑 成 八萬四千 
X13n0285_007:0339b22	枯槁亂想如是故有無想羯南流轉國土精神化為	枯 槁 亂 想 如 是 故 有 無 想 羯 南 流 轉 國 土 精 神 化 為 
X13n0285_007:0339b23	土木金石其類充塞。	土 木 金 石 其 類 充 塞 
X13n0285_007:0339b24	不了諦理惑名愚鈍固守頑礙業名為癡無知質	不 了 諦 理 惑 名 愚 鈍 固 守 頑 礙 業 名 為 癡 無 知 質 
X13n0285_007:0339c01	礙報名為頑雖云枯槁仍是亂想以其心外無法	礙 報 名 為 頑 雖 云 枯 槁 仍 是 亂 想 以 其 心 外 無 法 
X13n0285_007:0339c02	法法唯心故也約義者見思愚鈍塵沙無明愚鈍	法 法 唯 心 故 也 約 義 者 見 思 愚 鈍 塵 沙 無 明 愚 鈍 
X13n0285_007:0339c03	有漏癡偏空癡二邊癡分段頑變易頑無有三諦	有 漏 癡 偏 空 癡 二 邊 癡 分 段 頑 變 易 頑 無 有 三 諦 
X13n0285_007:0339c04	法流所潤故名枯槁此是所斷也於一切法不分	法 流 所 潤 故 名 枯 槁 此 是 所 斷 也 於一切法 不 分 
X13n0285_007:0339c05	別名為愚鈍無所取捨名癡三諦之理常凝不變	別 名 為 愚 鈍 無 所 取 捨 名 癡 三 諦 之 理 常 凝 不 變 
X13n0285_007:0339c06	名頑惑業苦三不復生畏名為枯槁此是所顯也。	名 頑 惑 業 苦 三 不 復 生 畏 名 為 枯 槁 此 是 所 顯 也 
X13n0285_007:0339c07	九非有色相。	九 非 有 色 相 
X13n0285_007:0339c08	由因世界相待輪迴偽顛倒故和合染成八萬四千	由 因 世 界 相 待 輪 迴 偽 顛 倒 故 和 合 染 成 八萬四千 
X13n0285_007:0339c09	因依亂想如是故有非有色相成色羯南流轉國土	因 依 亂 想 如 是 故 有 非 有 色 相 成 色 羯 南 流 轉 國 土 
X13n0285_007:0339c10	諸水母等以蝦為目其類充塞。	諸 水 母 等 以 蝦 為 目 其 類 充 塞 
X13n0285_007:0339c11	巧偽假托惑名相待無有真實業名為偽所取羶	巧 偽 假 托 惑 名 相 待 無 有 真 實 業 名 為 偽 所 取 羶 
X13n0285_007:0339c12	穢報名為染彼此異質相為因依如水母等以水	穢 報 名 為 染 彼 此 異 質 相 為 因 依 如 水 母 等 以 水 
X13n0285_007:0339c13	沫為體以蝦為目本非有色待物成色不能自用	沫 為 體 以 蝦 為 目 本 非 有 色 待 物 成 色 不 能 自 用 
X13n0285_007:0339c14	待物有用又水母因蝦而得行眾蝦依水母而得	待 物 有 用 又 水 母 因 蝦 而 得 行 眾 蝦 依 水 母 而 得 
X13n0285_007:0339c15	食故云因依亂想也約義者根塵相待空有相待	食 故 云 因 依 亂 想 也 約 義 者 根 塵 相 待 空 有 相 待 
X13n0285_007:0339c16	中邊相待有為如幻故偽無為不實故偽界內染	中 邊 相 待 有 為 如 幻 故 偽 無 為 不 實 故 偽 界 內 染 
X13n0285_007:0339c17	界外染等此是所斷也理函智蓋名相待法無自	界 外 染 等 此 是 所 斷 也 理 函 智 蓋 名 相 待 法 無 自 
X13n0285_007:0339c18	他等實性名偽法身和功德猶如水銀和真金故	他 等 實 性 名 偽 法 身 和 功 德 猶 如 水 銀 和 真 金 故 
X13n0285_007:0339c19	名為染此是所顯也。十非無色相。	名 為 染 此 是 所 顯 也 十 非 無 色 相 
X13n0285_007:0339c20	由因世界相引輪迴性顛倒故和合呪成八萬四千	由 因 世 界 相 引 輪 迴 性 顛 倒 故 和 合 呪 成 八萬四千 
X13n0285_007:0339c21	呼召亂想由是故有非無色相無色羯南流轉國土	呼 召 亂 想 由 是 故 有 非 無 色 相 無 色 羯 南 流 轉 國 土 
X13n0285_007:0339c22	呪詛厭生其類充塞。	呪 詛 厭 生 其 類 充 塞 
X13n0285_007:0339c23	互相引發惑名相引習以成種業名為性音聲呼	互 相 引 發 惑 名 相 引 習 以 成 種 業 名 為 性 音 聲 呼 
X13n0285_007:0339c24	召報名為呪本非無色今詛令無色而密召用之	召 報 名 為 呪 本 非 無 色 今 詛 令 無 色 而 密 召 用 之 
X13n0285_007:0340a01	也約義者見思相引塵沙無明相引惡性善性有	也 約 義 者 見 思 相 引 塵 沙 無 明 相 引 惡 性 善 性 有 
X13n0285_007:0340a02	漏性無漏性世間呪出世間呪等此是所斷也三	漏 性 無 漏 性 世 間 呪 出 世 間 呪 等 此 是 所 斷 也 三 
X13n0285_007:0340a03	車引大車引緣因性了因性無上呪無等呪此是	車 引 大 車 引 緣 因 性 了 因 性 無 上 呪 無 等 呪 此 是 
X13n0285_007:0340a04	所顯也。十一非有想相。	所 顯 也 十 一 非 有 想 相 
X13n0285_007:0340a05	由因世界合妄輪迴罔顛倒故和合異成八萬四千	由 因 世 界 合 妄 輪 迴 罔 顛 倒 故 和 合 異 成 八萬四千 
X13n0285_007:0340a06	迴互亂想如是故有非有想相成想羯南流轉國土	迴 互 亂 想 如 是 故 有 非 有 想 相 成 想 羯 南 流 轉 國 土 
X13n0285_007:0340a07	彼蒲盧等異質相成其類充塞。	彼 蒲 盧 等 異 質 相 成 其 類 充 塞 
X13n0285_007:0340a08	二妄相合感名合妄性情虗假業名為罔彼此不	二 妄 相 合 感 名 合 妄 性 情 虗 假 業 名 為 罔 彼 此 不 
X13n0285_007:0340a09	同報名為異本異而迴互令同故名迴互亂想蒲	同 報 名 為 異 本 異 而 迴 互 令 同 故 名 迴 互 亂 想 蒲 
X13n0285_007:0340a10	盧桑蟲也細腰諸蜂不能自育取而呪之不久成	盧 桑 蟲 也 細 腰 諸 蜂 不 能 自 育 取 而 呪 之 不 久 成 
X13n0285_007:0340a11	蜂本來非有蜂想而今忽成蜂想也約義者見思	蜂 本 來 非 有 蜂 想 而 今 忽 成 蜂 想 也 約 義 者 見 思 
X13n0285_007:0340a12	妄塵沙無明妄有為法是罔無為法亦是罔界內	妄 塵 沙 無 明 妄 有 為 法 是 罔 無 為 法 亦 是 罔 界 內 
X13n0285_007:0340a13	異質界外異質此是所斷也此見及緣元是菩提	異 質 界 外 異 質 此 是 所 斷 也 此 見 及 緣 元 是 菩 提 
X13n0285_007:0340a14	妙淨明體故名合妄見與見緣并所想相如虗空	妙 淨 明 體 故 名 合 妄 見 與 見 緣 并 所 想 相 如 虗 空 
X13n0285_007:0340a15	華故名為罔十法界性融成一性名和合異九界	華 故 名 為 罔 十 法 界 性 融 成 一 性 名 和 合 異 九 界 
X13n0285_007:0340a16	眾生皆稱弟子名為迴互此是所顯也。十二非	眾 生 皆 稱 弟 子 名 為 迴 互 此 是 所 顯 也 十 二 非 
X13n0285_007:0340a17	無想相。	無 想 相 
X13n0285_007:0340a18	由因世界怨害輪迴殺顛倒故和合怪成八萬四千	由 因 世 界 怨 害 輪 迴 殺 顛 倒 故 和 合 怪 成 八萬四千 
X13n0285_007:0340a19	食父母想如是故有非無想相無想羯南流轉國土	食 父 母 想 如 是 故 有 非 無 想 相 無 想 羯 南 流 轉 國 土 
X13n0285_007:0340a20	如土梟等附塊為兒及破鏡鳥以毒樹果抱為其子	如 土 梟 等 附 塊 為 兒 及 破 鏡 鳥 以 毒 樹 果 抱 為 其 子 
X13n0285_007:0340a21	子成父母皆遭其食其類充塞。	子 成 父 母 皆 遭 其 食 其 類 充 塞 
X13n0285_007:0340a22	懷怨謀害惑名怨害斷彼軀命業名為殺磣毒變	懷 怨 謀 害 惑 名 怨 害 斷 彼 軀 命 業 名 為 殺 磣 毒 變 
X13n0285_007:0340a23	常報名為怪塊果為兒非無子想子食父母出於	常 報 名 為 怪 塊 果 為 兒 非 無 子 想 子 食 父 母 出 於 
X13n0285_007:0340a24	意想之外也約義者見思怨害塵沙無明怨害事	意 想 之 外 也 約 義 者 見 思 怨 害 塵 沙 無 明 怨 害 事 
X13n0285_007:0340b01	殺理殺同居中怪食真諦父空智母方便中怪食	殺 理 殺 同 居 中 怪 食 真 諦 父 空 智 母 方 便 中 怪 食 
X13n0285_007:0340b02	俗諦父道智母實報中怪食中諦父種智母此是	俗 諦 父 道 智 母 實 報 中 怪 食 中 諦 父 種 智 母 此 是 
X13n0285_007:0340b03	所斷也弑無明父害貪愛母護生須是殺殺盡始	所 斷 也 弑 無 明 父 害 貪 愛 母 護 生 須 是 殺 殺 盡 始 
X13n0285_007:0340b04	安居怨害為法界一切法趣怨害是趣不過此是	安 居 怨 害 為 法 界 一 切 法 趣 怨 害 是 趣 不 過 此 是 
X13n0285_007:0340b05	所顯也。二總結。	所 顯 也 二 總 結 
X13n0285_007:0340b06	是名眾生十二種類。	是 名 眾 生 十 二 種 類 
X13n0285_008:0340b17	大佛頂如來密因修證了義諸菩薩萬行首楞嚴經	大 佛 頂 如 來 密 因 修 證 了 義 諸 菩 薩 萬 行 首 楞 嚴 經 
X13n0285_008:0340b18	卷第八文句	卷 第 八 文 句 
X13n0285_008:0340b19	唐天竺沙門般剌密諦　譯經	唐 天 竺 沙 門 般 剌 密 諦 譯 經 
X13n0285_008:0340b20	明菩薩沙彌古吳智旭　文句	明 菩 薩 沙 彌 古 吳 智 旭 文 句 
X13n0285_008:0340b21	二明滅妄名真立六十聖位轉依號三初總明三	二 明 滅 妄 名 真 立 六 十 聖 位 轉 依 號 三 初 總 明 三 
X13n0285_008:0340b22	漸次為能轉之行二別明諸位次為所轉之號三	漸 次 為 能 轉 之 行 二 別 明 諸 位 次 為 所 轉 之 號 三 
X13n0285_008:0340b23	合結諸位次由三行而成。初中二初結前生後	合 結 諸 位 次 由 三 行 而 成 初 中 二 初 結 前 生 後 
X13n0285_008:0340b24	二標列正明。初又二初結前生類互具二生後	二 標 列 正 明 初 又 二 初 結 前 生 類 互 具 二 生 後 
X13n0285_008:0340c01	對治法門。今初。	對 治 法 門 今 初 
X13n0285_008:0340c02	阿難如是眾生一一類中亦各各具十二顛倒猶如	阿 難 如 是 眾 生 一 一 類 中 亦 各 各 具 十 二 顛 倒 猶 如 
X13n0285_008:0340c03	揑目亂華發生顛倒妙圓真淨明心具足如斯虗妄	揑 目 亂 華 發 生 顛 倒 妙 圓 真 淨 明 心 具 足 如 斯 虗 妄 
X13n0285_008:0340c04	亂想。	亂 想 
X13n0285_008:0340c05	猶如揑目二句是先立喻顛倒妙圓二句是以法	猶 如 揑 目 二 句 是 先 立 喻 顛 倒 妙 圓 二 句 是 以 法 
X13n0285_008:0340c06	合也顛倒二字合上揑字妙圓真淨明心合上目	合 也 顛 倒 二 字 合 上 揑 字 妙 圓 真 淨 明 心 合 上 目 
X13n0285_008:0340c07	字具足如斯虗妄亂想合上亂華也現前一念介	字 具 足 如 斯 虗 妄 亂 想 合 上 亂 華 也 現 前 一 念 介 
X13n0285_008:0340c08	爾之心不可思議故妙豎窮橫徧故圓本無虗妄	爾 之 心 不可思議 故 妙 豎 窮 橫 徧 故 圓 本 無 虗 妄 
X13n0285_008:0340c09	故真本無染汙故淨洞徹虗靈故明雖在顛倒亂	故 真 本 無 染 汙 故 淨 洞 徹 虗 靈 故 明 雖 在 顛 倒 亂 
X13n0285_008:0340c10	想之中而其體如故亦如雖由揑見亂華而目體	想 之 中 而 其 體 如 故 亦 如 雖 由 揑 見 亂 華 而 目 體 
X13n0285_008:0340c11	仍如故也惟其目體如故故一停其名依然清淨	仍 如 故 也 惟 其 目 體 如 故 故 一 停 其 名 依 然 清 淨 
X13n0285_008:0340c12	惟其心體如故故顛倒不生斯則如來真三摩地	惟 其 心 體 如 故 故 顛 倒 不 生 斯 則 如 來 真 三 摩 地 
X13n0285_008:0340c13	也。二生後對治法門。	也 二 生 後 對 治 法 門 
X13n0285_008:0340c14	汝今修證佛三摩提於是本因元所亂想立三漸次	汝 今 修 證 佛 三 摩 提 於 是 本 因 元 所 亂 想 立 三 漸 次 
X13n0285_008:0340c15	方得除滅如淨器中除去毒蜜以諸湯水并雜灰香	方 得 除 滅 如 淨 器 中 除 去 毒 蜜 以 諸 湯 水 并 雜 灰 香 
X13n0285_008:0340c16	洗滌其器後貯甘露。	洗 滌 其 器 後 貯 甘 露 
X13n0285_008:0340c17	佛三摩提者別則獨指耳根圓通通則二十五境	佛 三 摩 提 者 別 則 獨 指 耳 根 圓 通 通 則 二 十 五 境 
X13n0285_008:0340c18	凡是先開圓解依解起行皆名佛三昧也本因元	凡 是 先 開 圓 解 依 解 起 行 皆 名 佛 三 昧 也 本 因 元 
X13n0285_008:0340c19	所亂想者指於所觀之境別則耳根門頭所有五	所 亂 想 者 指 於 所 觀 之 境 別 則 耳 根 門 頭 所 有 五 
X13n0285_008:0340c20	疊渾濁通則一切陰入處界大等虗妄之相皆是	疊 渾 濁 通 則 一 切 陰 入 處 界 大 等 虗 妄 之 相 皆 是 
X13n0285_008:0340c21	也三漸次者能觀之觀即是正助兩行也淨器者	也 三 漸 次 者 能 觀 之 觀 即 是 正 助 兩 行 也 淨 器 者 
X13n0285_008:0340c22	通喻陰入處界大等之性本如來藏妙真如性別	通 喻 陰 入 處 界 大 等 之 性 本 如 來 藏 妙 真 如 性 別 
X13n0285_008:0340c23	則意指耳根聞性為淨器也毒蜜者總喻見思塵	則 意 指 耳 根 聞 性 為 淨 器 也 毒 蜜 者 總 喻 見 思 塵 
X13n0285_008:0340c24	沙無明惑染也湯水者總喻觀慧正行也雜灰香	沙 無 明 惑 染 也 湯 水 者 總 喻 觀 慧 正 行 也 雜 灰 香 
X13n0285_008:0341a01	者總喻持戒誦呪等助行也下文第一第二漸次	者 總 喻 持 戒 誦 呪 等 助 行 也 下 文 第 一 第 二 漸 次 
X13n0285_008:0341a02	即是助行第三漸次即是正行正助合行器方清	即 是 助 行 第 三 漸 次 即 是 正 行 正 助 合 行 器 方 清 
X13n0285_008:0341a03	淨也甘露者不死妙藥以喻無上菩提及大涅槃	淨 也 甘 露 者 不 死 妙 藥 以 喻 無上菩提 及 大 涅 槃 
X13n0285_008:0341a04	即是所顯圓融三德之理性也此之喻意有豎有	即 是 所 顯 圓 融 三 德 之 理 性 也 此 之 喻 意 有 豎 有 
X13n0285_008:0341a05	橫言豎意者除去毒蜜即是先開圓解不隨分別	橫 言 豎 意 者 除 去 毒 蜜 即 是 先 開 圓 解 不 隨 分 別 
X13n0285_008:0341a06	三種相續湯水灰香洗滌其器即是次起圓行以	三 種 相 續 湯 水 灰 香 洗 滌 其 器 即 是 次 起 圓 行 以 
X13n0285_008:0341a07	三漸次永斷三緣後貯甘露即是顯圓三德證入	三 漸 次 永 斷 三 緣 後 貯 甘 露 即 是 顯 圓 三 德 證 入 
X13n0285_008:0341a08	五十七位也言橫意者始從名字終於究竟位位	五 十 七 位 也 言 橫 意 者 始 從 名 字 終 於 究 竟 位 位 
X13n0285_008:0341a09	各論除毒滌器貯甘露所謂名字除毒名字滌器	各 論 除 毒 滌 器 貯 甘 露 所 謂 名 字 除 毒 名 字 滌 器 
X13n0285_008:0341a10	貯於名字甘露乃至究竟除毒究竟滌器貯於究	貯 於 名 字 甘 露 乃 至 究 竟 除 毒 究 竟 滌 器 貯 於 究 
X13n0285_008:0341a11	竟甘露也又除助因即是除毒蜜所謂事辛理辛	竟 甘 露 也 又 除 助 因 即 是 除 毒 蜜 所 謂 事 辛 理 辛 
X13n0285_008:0341a12	事毒理毒皆悉除斷刳正性即是滌淨器所謂其	事 毒 理 毒 皆 悉 除 斷 刳 正 性 即 是 滌 淨 器 所 謂 其 
X13n0285_008:0341a13	心不事婬不理婬不事殺不理殺不事盜不理盜	心 不 事 婬 不 理 婬 不 事 殺 不 理 殺 不 事 盜 不 理 盜 
X13n0285_008:0341a14	等則器方純淨違現業即是貯甘露所謂旋元自	等 則 器 方 純 淨 違 現 業 即 是 貯 甘 露 所 謂 旋 元 自 
X13n0285_008:0341a15	歸乃至如來密圓淨妙皆現其中也是知事雖云	歸 乃 至 如 來 密 圓 淨 妙 皆 現 其 中 也 是 知 事 雖 云 
X13n0285_008:0341a16	漸理本至圓由圓理故事亦圓妙世人不達謂是	漸 理 本 至 圓 由 圓 理 故 事 亦 圓 妙 世 人 不 達 謂 是 
X13n0285_008:0341a17	圓漸法門未是圓頓誤矣誤矣。二標列正明二	圓 漸 法 門 未 是 圓 頓 誤 矣 誤 矣 二 標 列 正 明 二 
X13n0285_008:0341a18	初標列二正明。今初。	初 標 列 二 正 明 今 初 
X13n0285_008:0341a19	云何名為三種漸次一者修習除其助因二者真修	云 何 名 為 三 種 漸 次 一 者 修 習 除 其 助 因 二 者 真 修 
X13n0285_008:0341a20	刳其正性三者增進違其現業。	刳 其 正 性 三 者 增 進 違 其 現 業 
X13n0285_008:0341a21	二正明三初除助因二刳正性三違現業此三漸	二 正 明 三 初 除 助 因 二 刳 正 性 三 違 現 業 此 三 漸 
X13n0285_008:0341a22	次從淺至深通因徹果直以三法為能增進五十	次 從 淺 至 深 通 因 徹 果 直 以 三 法 為 能 增 進 五 十 
X13n0285_008:0341a23	五位為所增進故後結云如是皆以三增進故善	五 位 為 所 增 進 故 後 結 云 如 是 皆 以 三 增 進 故 善 
X13n0285_008:0341a24	能成就五十五位真菩提路然則二種生死皆有	能 成 就 五 十 五 位 真 菩 提 路 然 則 二 種 生 死 皆 有 
X13n0285_008:0341b01	助因皆有正性皆有現業事辛理辛事婬理婬乃	助 因 皆 有 正 性 皆 有 現 業 事 辛 理 辛 事 婬 理 婬 乃 
X13n0285_008:0341b02	至見思流塵沙流無明流豈可但作名字位中解	至 見 思 流 塵 沙 流 無 明 流 豈 可 但 作 名 字 位 中 解 
X13n0285_008:0341b03	釋而已觀第三漸次便明五通第三漸次便明無	釋 而 已 觀 第 三 漸 次 便 明 五 通 第 三 漸 次 便 明 無 
X13n0285_008:0341b04	生法忍豈非淺深同說法耶。初除助因。	生 法 忍 豈 非 淺 深 同 說 法 耶 初 除 助 因 
X13n0285_008:0341b05	云何助因阿難如是世界十二類生不能自全依四	云 何 助 因 阿 難 如 是 世 界 十 二 類 生 不 能 自 全 依 四 
X13n0285_008:0341b06	食住所謂段食觸食思食識食是故佛說一切眾生	食 住 所 謂 段 食 觸 食 思 食 識 食 是 故 佛 說 一 切 眾 生 
X13n0285_008:0341b07	皆依食住阿難一切眾生食甘故生食毒故死是諸	皆 依 食 住 阿 難 一 切 眾 生 食 甘 故 生 食 毒 故 死 是 諸 
X13n0285_008:0341b08	眾生求三摩提當斷世間五種辛菜是五種辛熟食	眾 生 求 三 摩 提 當 斷 世 間 五 種 辛 菜 是 五 種 辛 熟 食 
X13n0285_008:0341b09	發婬生啖增恚如是世界食辛之人縱能宣說十二	發 婬 生 啖 增 恚 如 是 世 界 食 辛 之 人 縱 能 宣 說 十 二 
X13n0285_008:0341b10	部經十方天仙嫌其臭穢咸皆遠離諸餓鬼等因彼	部 經 十 方 天 仙 嫌 其 臭 穢 咸 皆 遠 離 諸 餓 鬼 等 因 彼 
X13n0285_008:0341b11	食次舐其唇吻常與鬼住福德日銷長無利益是食	食 次 舐 其 唇 吻 常 與 鬼 住 福 德 日 銷 長 無 利 益 是 食 
X13n0285_008:0341b12	辛人修三摩地菩薩天仙十方善神不來守護大力	辛 人 修 三 摩 地 菩 薩 天 仙 十 方 善 神 不 來 守 護 大 力 
X13n0285_008:0341b13	魔王得其方便現作佛身來為說法非毀禁戒讚婬	魔 王 得 其 方 便 現 作 佛 身 來 為 說 法 非 毀 禁 戒 讚 婬 
X13n0285_008:0341b14	怒癡命終自為魔王眷屬受魔福盡墮無間獄阿難	怒 癡 命 終 自 為 魔 王 眷 屬 受 魔 福 盡 墮 無 間 獄 阿 難 
X13n0285_008:0341b15	修菩提者永斷五辛是則名為第一增進修行漸次。	修 菩 提 者 永 斷 五 辛 是 則 名 為 第 一 增 進 修 行 漸 次 
X13n0285_008:0341b16	段食者變壞為相謂香味觸三於變壞時能為食	段 食 者 變 壞 為 相 謂 香 味 觸 三 於 變 壞 時 能 為 食 
X13n0285_008:0341b17	事以變壞時色無用故觸食者觸境為相謂有漏	事 以 變 壞 時 色 無 用 故 觸 食 者 觸 境 為 相 謂 有 漏 
X13n0285_008:0341b18	觸裁取境時能為食事如眼以睡為食耳以聲為	觸 裁 取 境 時 能 為 食 事 如 眼 以 睡 為 食 耳 以 聲 為 
X13n0285_008:0341b19	食乃至身以溫涼諸觸為食皆有滋養義故思食	食 乃 至 身 以 溫 涼 諸 觸 為 食 皆 有 滋 養 義 故 思 食 
X13n0285_008:0341b20	者希望為相謂有漏思希可愛境能為食事如色	者 希 望 為 相 謂 有 漏 思 希 可 愛 境 能 為 食 事 如 色 
X13n0285_008:0341b21	界禪思乃至小兒懸視灰囊謂是飯食得不死等	界 禪 思 乃 至 小 兒 懸 視 灰 囊 謂 是 飯 食 得 不 死 等 
X13n0285_008:0341b22	識食者執持為相謂有漏識由段觸思勢力增長	識 食 者 執 持 為 相 謂 有 漏 識 由 段 觸 思 勢 力 增 長 
X13n0285_008:0341b23	能為食事乃至第七末那無始以來念念執持第	能 為 食 事 乃 至 第 七 末 那 無 始 以 來 念 念 執 持 第 
X13n0285_008:0341b24	八識之見分為內自我從生至生命根終不斷故	八 識 之 見 分 為 內 自 我 從 生 至 生 命 根 終 不 斷 故 
X13n0285_008:0341c01	欲界人天及畜生等具足四食段食為首鬼及色	欲 界 人 天 及 畜 生 等 具 足 四 食 段 食 為 首 鬼 及 色 
X13n0285_008:0341c02	天無有段食具足三食觸食為首鬼神饗祀但觸	天 無 有 段 食 具 足 三 食 觸 食 為 首 鬼 神 饗 祀 但 觸 
X13n0285_008:0341c03	氣故色界諸禪具八觸故空處識處無所有處并	氣 故 色 界 諸 禪 具 八 觸 故 空 處 識 處 無所有處 并 
X13n0285_008:0341c04	無觸食唯有思識二食思食為首非非想處及無	無 觸 食 唯 有 思 識 二 食 思 食 為 首 非非想處 及 無 
X13n0285_008:0341c05	想定無想天等并無思食唯有識食無間地獄亦	想 定 無 想 天 等 并 無 思 食 唯 有 識 食 無間地獄 亦 
X13n0285_008:0341c06	唯識食若諸二乘入滅盡定便斷識食故入此定	唯 識 食 若 諸 二 乘 入 滅 盡 定 便 斷 識 食 故 入 此 定 
X13n0285_008:0341c07	乃至七日則起定時必捨身命以其四食皆斷無	乃至七日 則 起 定 時 必 捨 身 命 以 其 四 食 皆 斷 無 
X13n0285_008:0341c08	可滋養故也養生諸味皆名為甘損生諸味總名	可 滋 養 故 也 養 生 諸 味 皆 名 為 甘 損 生 諸 味 總 名 
X13n0285_008:0341c09	為毒食甘故生飲毒故死正顯食為助生之因不	為 毒 食 甘 故 生 飲 毒 故 死 正 顯 食 為 助 生 之 因 不 
X13n0285_008:0341c10	可不慎也五種辛菜一大[卄/秝]二蔥三韮四薤五興	可 不 慎 也 五 種 辛 菜 一 大 [卄秝] 二 蔥 三 韮 四 薤 五 興 
X13n0285_008:0341c11	渠興渠此方所無然此五辛且就人間段食言之	渠 興 渠 此 方 所 無 然 此 五 辛 且 就 人 間 段 食 言 之 
X13n0285_008:0341c12	實則觸思識等各有辛味能助婬恚又復應知欲	實 則 觸 思 識 等 各 有 辛 味 能 助 婬 恚 又 復 應 知 欲 
X13n0285_008:0341c13	界以男女相染為婬彼此相忤為恚色無色界以	界 以 男 女 相 染 為 婬 彼 此 相 忤 為 恚 色無色界 以 
X13n0285_008:0341c14	貪著味禪為婬厭下苦麤為恚出世二乘以貪戀	貪 著 味 禪 為 婬 厭 下 苦 麤 為 恚 出 世 二 乘 以 貪 戀 
X13n0285_008:0341c15	偏真為婬厭離三有為恚出假菩薩以貪著萬行	偏 真 為 婬 厭 離 三 有 為 恚 出 假 菩 薩 以 貪 著 萬 行 
X13n0285_008:0341c16	為婬鄙賤二乘為恚別教大士以但中似道法愛	為 婬 鄙 賤 二 乘 為 恚 別 教 大 士 以 但 中 似 道 法 愛 
X13n0285_008:0341c17	為婬棄捨二邊為恚苟可以助此婬恚者皆五辛	為 婬 棄 捨 二 邊 為 恚 苟 可 以 助 此 婬 恚 者 皆 五 辛 
X13n0285_008:0341c18	之流類也餘文易知。二刳正性。	之 流 類 也 餘 文 易 知 二 刳 正 性 
X13n0285_008:0341c19	云何正性阿難如是眾生入三摩地要先嚴持清淨	云 何 正 性 阿 難 如 是 眾 生 入 三 摩 地 要 先 嚴 持 清 淨 
X13n0285_008:0341c20	戒律永斷婬心不[(歹*又)/食]酒內以火淨食無啖生氣阿難	戒 律 永 斷 婬 心 不 [歹又食] 酒 內 以 火 淨 食 無 啖 生 氣 阿 難 
X13n0285_008:0341c21	是修行人若不斷婬及與殺生出三界者無有是處	是 修 行 人 若 不 斷 婬 及 與 殺 生 出 三 界 者 無 有 是 處 
X13n0285_008:0341c22	當觀婬欲猶如毒蛇如見怨賊先持聲聞四棄八棄	當 觀 婬 欲 猶 如 毒 蛇 如 見 怨 賊 先 持 聲 聞 四 棄 八 棄 
X13n0285_008:0341c23	執身不動後行菩薩清淨律儀執心不起禁戒成就	執 身 不 動 後 行 菩 薩 清 淨 律 儀 執 心 不 起 禁 戒 成 就 
X13n0285_008:0341c24	則於世間永無相生相殺之業偷劫不行無相負累	則 於 世 間 永 無 相 生 相 殺 之 業 偷 劫 不 行 無 相 負 累 
X13n0285_008:0342a01	亦於世間不還宿債是清淨人修三摩地父母肉身	亦 於 世 間 不 還 宿 債 是 清 淨 人 修 三 摩 地 父 母 肉 身 
X13n0285_008:0342a02	不須天眼自然觀見十方世界覩佛聞法親奉聖旨	不 須 天 眼 自 然 觀 見 十方世界 覩 佛 聞 法 親 奉 聖 旨 
X13n0285_008:0342a03	得大神通遊十方界宿命清淨得無艱險是則名為	得 大 神 通 遊 十 方 界 宿 命 清 淨 得 無 艱 險 是 則 名 為 
X13n0285_008:0342a04	第二增進修行漸次。	第 二 增 進 修 行 漸 次 
X13n0285_008:0342a05	正性者業果相續之根本也比丘四棄比丘尼八	正 性 者 業 果 相 續 之 根 本 也 比 丘 四 棄 比 丘 尼 八 
X13n0285_008:0342a06	棄須要離於境緣而身心清淨故總名報身不動	棄 須 要 離 於 境 緣 而 身 心 清 淨 故 總 名 報 身 不 動 
X13n0285_008:0342a07	菩薩律儀則是涉彼境緣而身心清淨故總名執	菩 薩 律 儀 則 是 涉 彼 境 緣 而 身 心 清 淨 故 總 名 執 
X13n0285_008:0342a08	心不起否則律中制遠方便豈不執心大士護世	心 不 起 否 則 律 中 制 遠 方 便 豈 不 執 心 大 士 護 世 
X13n0285_008:0342a09	譏嫌豈不執身者耶事婬理婬事殺理殺事盜理	譏 嫌 豈 不 執 身 者 耶 事 婬 理 婬 事 殺 理 殺 事 盜 理 
X13n0285_008:0342a10	盜乃至事酒理酒皆悉斷盡故能得大神通也然	盜 乃 至 事 酒 理 酒 皆 悉 斷 盡 故 能 得 大 神 通 也 然 
X13n0285_008:0342a11	未云漏盡者為讓第三漸次故耳。三違現業。	未 云 漏 盡 者 為 讓 第 三 漸 次 故 耳 三 違 現 業 
X13n0285_008:0342a12	云何現業阿難如是清淨持禁戒人心無貪婬於外	云 何 現 業 阿 難 如 是 清 淨 持 禁 戒 人 心 無 貪 婬 於 外 
X13n0285_008:0342a13	六塵不多流逸因不流逸旋元自歸塵既不緣根無	六 塵 不 多 流 逸 因 不 流 逸 旋 元 自 歸 塵 既 不 緣 根 無 
X13n0285_008:0342a14	所偶反流全一六用不行十方國土皎然清淨譬如	所 偶 反 流 全 一 六 用 不 行 十 方 國 土 皎 然 清 淨 譬 如 
X13n0285_008:0342a15	瑠璃內懸明月身心快然妙圓平等獲大安隱一切	瑠 璃 內 懸 明 月 身 心 快 然 妙 圓 平 等 獲 大 安 隱 一 切 
X13n0285_008:0342a16	如來密圓淨妙皆現其中是人即獲無生法忍從是	如 來 密 圓 淨 妙 皆 現 其 中 是 人 即 獲 無生法忍 從 是 
X13n0285_008:0342a17	漸修隨所發行安立聖位是則名為第三增進修行	漸 修 隨 所 發 行 安 立 聖 位 是 則 名 為 第 三 增 進 修 行 
X13n0285_008:0342a18	漸次。	漸 次 
X13n0285_008:0342a19	前二漸次是躡前文道場方法而為助行今此第	前 二 漸 次 是 躡 前 文 道 場 方 法 而 為 助 行 今 此 第 
X13n0285_008:0342a20	三漸次名躡前文圓通本根而為正行由此正助	三 漸 次 名 躡 前 文 圓 通 本 根 而 為 正 行 由 此 正 助 
X13n0285_008:0342a21	兩行乃成下文伏斷諸位也言違現業者即第二	兩 行 乃 成 下 文 伏 斷 諸 位 也 言 違 現 業 者 即 第 二 
X13n0285_008:0342a22	決定義中所謂逆彼無始織妄業流也如是清淨	決 定 義 中 所 謂 逆 彼 無 始 織 妄 業 流 也 如 是 清 淨 
X13n0285_008:0342a23	持禁戒人等者正顯必由前二漸次成今第三漸	持 禁 戒 人 等 者 正 顯 必 由 前 二 漸 次 成 今 第 三 漸 
X13n0285_008:0342a24	次由助行而成正行由方便而成正修也於外六	次 由 助 行 而 成 正 行 由 方 便 而 成 正 修 也 於 外 六 
X13n0285_008:0342b01	塵不多流逸即所謂心尚不緣色香味觸仍是方	塵 不 多 流 逸 即 所 謂 心 尚 不 緣 色香味觸 仍 是 方 
X13n0285_008:0342b02	便助行之力因不流逸旋元自歸乃所謂初於聞	便 助 行 之 力 因 不 流 逸 旋 元 自 歸 乃 所 謂 初 於 聞 
X13n0285_008:0342b03	中入流亡所之妙修也塵既不緣至六用不行即	中 入 流 亡 所 之 妙 修 也 塵 既 不 緣 至 六 用 不 行 即 
X13n0285_008:0342b04	是動靜二相了然不生乃至聞所聞盡十方國土	是 動 靜 二 相 了 然 不 生 乃 至 聞 所 聞 盡 十 方 國 土 
X13n0285_008:0342b05	皎然清淨乃至皆現其中即是覺所覺空乃至寂	皎 然 清 淨 乃 至 皆 現 其 中 即 是 覺 所 覺 空 乃 至 寂 
X13n0285_008:0342b06	滅現前獲無生忍即是忽然超越世出世間等也	滅 現 前 獲 無 生 忍 即 是 忽 然 超 越 世出世間 等 也 
X13n0285_008:0342b07	色陰破故根無所偶受陰破故六用不行想陰破	色 陰 破 故 根 無 所 偶 受 陰 破 故 六 用 不 行 想 陰 破 
X13n0285_008:0342b08	故十方晈然瑠璃喻所觀理境明月喻能觀妙智	故 十 方 晈 然 瑠 璃 喻 所 觀 理 境 明 月 喻 能 觀 妙 智 
X13n0285_008:0342b09	也行陰破故快然安隱妙圓平等即是平等性智	也 行 陰 破 故 快 然 安 隱 妙 圓 平 等 即 是 平等性智 
X13n0285_008:0342b10	常得現前密者法身之理圓者般若之智淨者解	常 得 現 前 密 者 法 身 之 理 圓 者 般 若 之 智 淨 者 解 
X13n0285_008:0342b11	脫之行妙者三法不可思議也皆現其中者正前	脫 之 行 妙 者 三 法 不可思議 也 皆 現 其 中 者 正 前 
X13n0285_008:0342b12	文所謂寂滅現前後文所謂內外湛明入無所入	文 所 謂 寂 滅 現 前 後 文 所 謂 內 外 湛 明 入 無 所 入 
X13n0285_008:0342b13	也識陰破故即獲無生法忍一切諸法本自不生	也 識 陰 破 故 即 獲 無生法忍 一切諸法 本 自 不 生 
X13n0285_008:0342b14	由於虗妄分別幻見有生有滅今證此不生之理	由 於 虗 妄 分 別 幻 見 有 生 有 滅 今 證 此 不 生 之 理 
X13n0285_008:0342b15	安住忍可名為無生法忍對前五通此即漏盡就	安 住 忍 可 名 為 無生法忍 對 前 五 通 此 即 漏 盡 就 
X13n0285_008:0342b16	事名無生就理名寂滅又方證名寂滅讓果為無	事 名 無 生 就 理 名 寂 滅 又 方 證 名 寂 滅 讓 果 為 無 
X13n0285_008:0342b17	生然無生寂滅二忍皆可論於六即也言從是漸	生 然 無 生 寂 滅 二 忍 皆 可 論 於 六 即 也 言 從 是 漸 
X13n0285_008:0342b18	修隨所發行安立聖位者正顯五十七位皆以此	修 隨 所 發 行 安 立 聖 位 者 正 顯 五 十 七 位 皆 以 此 
X13n0285_008:0342b19	行而為能立所謂發名字位中正助二行安立乾	行 而 為 能 立 所 謂 發 名 字 位 中 正 助 二 行 安 立 乾 
X13n0285_008:0342b20	慧觀行聖位發觀行位中正助二行安立十信相	慧 觀 行 聖 位 發 觀 行 位 中 正 助 二 行 安 立 十 信 相 
X13n0285_008:0342b21	似聖位發相似位中正助二行安立住行向加十	似 聖 位 發 相 似 位 中 正 助 二 行 安 立 住 行 向 加 十 
X13n0285_008:0342b22	地等覺分證聖位發分證位中正助二行安立妙	地 等 覺 分 證 聖 位 發 分 證 位 中 正 助 二 行 安 立 妙 
X13n0285_008:0342b23	覺究竟聖位也初總明三漸次為能轉之行竟。	覺 究 竟 聖 位 也 初 總 明 三 漸 次 為 能 轉 之 行 竟 
X13n0285_008:0342b24	二別明諸位次為所轉之號四初觀行轉依號二	二 別 明 諸 位 次 為 所 轉 之 號 四 初 觀 行 轉 依 號 二 
X13n0285_008:0342c01	相似轉依號三分證轉依號四究竟轉依號此諸	相 似 轉 依 號 三 分 證 轉 依 號 四 究 竟 轉 依 號 此 諸 
X13n0285_008:0342c02	位次疏家每引華嚴諸經釋之竊以菩薩初發心	位 次 疏 家 每 引 華 嚴 諸 經 釋 之 竊 以 菩 薩 初 發 心 
X13n0285_008:0342c03	位一念功德三世諸佛說不能盡何況深位諸功	位 一 念 功 德 三世諸佛 說 不 能 盡 何 況 深 位 諸 功 
X13n0285_008:0342c04	德海可令諸經更無異文及異旨耶且如梵網三	德 海 可 令 諸 經 更 無 異 文 及 異 旨 耶 且 如 梵 網 三 
X13n0285_008:0342c05	十心十地已與華嚴名義多殊此經純明圓觀文	十 心 十 地 已 與 華 嚴 名 義 多 殊 此 經 純 明 圓 觀 文 
X13n0285_008:0342c06	簡義幽設欲配合反成牽強不如略消本文以俟	簡 義 幽 設 欲 配 合 反 成 牽 強 不 如 略 消 本 文 以 俟 
X13n0285_008:0342c07	觀心密證可耳。今初。	觀 心 密 證 可 耳 今 初 
X13n0285_008:0342c08	阿難是善男子欲愛乾枯根境不偶現前殘質不復	阿 難 是 善 男 子 欲 愛 乾 枯 根 境 不 偶 現 前 殘 質 不 復 
X13n0285_008:0342c09	續生執心虛明純是智慧慧性明圓鎣十方界乾有	續 生 執 心 虛 明 純 是 智 慧 慧 性 明 圓 鎣 十 方 界 乾 有 
X13n0285_008:0342c10	其慧名乾慧地欲習初乾未與如來法流水接。	其 慧 名 乾 慧 地 欲 習 初 乾 未 與 如 來 法 流 水 接 
X13n0285_008:0342c11	此觀行轉依名借通教義惟在圓即法華中五品	此 觀 行 轉 依 名 借 通 教 義 惟 在 圓 即 法 華 中 五 品 
X13n0285_008:0342c12	弟子之位一隨喜二讀誦三講說四兼行六度五	弟 子 之 位 一 隨 喜 二 讀 誦 三 講 說 四 兼 行 六 度 五 
X13n0285_008:0342c13	正行六度也善男子者調柔名善質直名男若人	正 行 六 度 也 善 男 子 者 調 柔 名 善 質 直 名 男 若 人 
X13n0285_008:0342c14	不修正助二行則有身口麤獷見思麤獷塵沙無	不 修 正 助 二 行 則 有 身 口 麤 獷 見 思 麤 獷 塵 沙 無 
X13n0285_008:0342c15	明麤獷是故非善若人不開圓常妙解則謂眾生	明 麤 獷 是 故 非 善 若 人 不 開 圓 常 妙 解 則 謂 眾 生 
X13n0285_008:0342c16	去佛甚遠佛是修成非關本性又謂眾生但有正	去 佛 甚 遠 佛 是 修 成 非 關 本 性 又 謂 眾 生 但 有 正 
X13n0285_008:0342c17	因佛性不具緣了佛性又謂眾生雖有性中三因	因 佛 性 不 具 緣 了 佛 性 又 謂 眾 生 雖 有 性 中 三 因 
X13n0285_008:0342c18	仍須別藉修中三法方證果土三身不信心佛眾	仍 須 別 藉 修 中 三 法 方 證 果 土 三 身 不 信 心 佛 眾 
X13n0285_008:0342c19	生三無差別不信眾生現行無明煩惱即了因性	生 三無差別 不 信 眾 生 現 行 無 明 煩 惱 即 了 因 性 
X13n0285_008:0342c20	現在身口意業即緣因性是故非男復次自有善	現 在 身口意業 即 緣 因 性 是 故 非 男 復 次 自 有 善 
X13n0285_008:0342c21	而非男前三教中修心之士是也自有男而非善	而 非 男 前 三 教 中 修 心 之 士 是 也 自 有 男 而 非 善 
X13n0285_008:0342c22	圓教名字初心未起觀行者是也自有非善非男	圓 教 名 字 初 心 未 起 觀 行 者 是 也 自 有 非 善 非 男 
X13n0285_008:0342c23	一切迷流是也自有亦善亦男即是此中開圓解	一 切 迷 流 是 也 自 有 亦 善 亦 男 即 是 此 中 開 圓 解 
X13n0285_008:0342c24	起圓行從名字後心成觀行善男子乃至究竟善	起 圓 行 從 名 字 後 心 成 觀 行 善 男 子 乃 至 究 竟 善 
X13n0285_008:0343a01	男子也欲愛乾枯根境不偶者即是名字位中初	男 子 也 欲 愛 乾 枯 根 境 不 偶 者 即 是 名 字 位 中 初 
X13n0285_008:0343a02	發三漸次行功夫淳熟登五品觀圓伏五住煩惱	發 三 漸 次 行 功 夫 淳 熟 登 五 品 觀 圓 伏 五 住 煩 惱 
X13n0285_008:0343a03	也現前殘質不復續生者五濁既輕當捨穢土超	也 現 前 殘 質 不 復 續 生 者 五 濁 既 輕 當 捨 穢 土 超 
X13n0285_008:0343a04	生同居淨土也執心虗明者了知一切皆如來藏	生 同 居 淨 土 也 執 心 虗 明 者 了 知 一 切 皆 如 來 藏 
X13n0285_008:0343a05	故我法二執之心虗通明朗不復窒暗也慧性圓	故 我 法 二 執 之 心 虗 通 明 朗 不 復 窒 暗 也 慧 性 圓 
X13n0285_008:0343a06	明鎣十方界者了知現前心性本自竪窮橫徧也	明 鎣 十 方 界 者 了 知 現 前 心 性 本 自 竪 窮 橫 徧 也 
X13n0285_008:0343a07	欲習初乾者伏惑不起也未與如來法流水接者	欲 習 初 乾 者 伏 惑 不 起 也 未 與 如 來 法 流 水 接 者 
X13n0285_008:0343a08	無明未斷不接中諦法流見思未斷不接真諦法	無 明 未 斷 不 接 中 諦 法 流 見 思 未 斷 不 接 真 諦 法 
X13n0285_008:0343a09	流也。二相似轉依號。	流 也 二 相 似 轉 依 號 
X13n0285_008:0343a10	即以此心中中流入圓妙開敷從真妙圓重發真妙	即 以 此 心 中 中 流 入 圓 妙 開 敷 從 真 妙 圓 重 發 真 妙 
X13n0285_008:0343a11	妙信常住一切妄想滅盡無餘中道純真名信心住	妙 信 常 住 一 切 妄 想 滅 盡 無 餘 中 道 純 真 名 信 心 住 
X13n0285_008:0343a12	真信明了一切圓通陰處界三不能為礙如是乃至	真 信 明 了 一 切 圓 通 陰 處 界 三 不 能 為 礙 如 是 乃 至 
X13n0285_008:0343a13	過去未來無數劫中捨身受身一切習氣皆現在前	過去未來 無 數 劫 中 捨 身 受 身 一 切 習 氣 皆 現 在 前 
X13n0285_008:0343a14	是善男子皆能憶念得無遺忘名念心住妙圓純真	是 善 男 子 皆 能 憶 念 得 無 遺 忘 名 念 心 住 妙 圓 純 真 
X13n0285_008:0343a15	真精發化無始習氣通一精明唯以精明進趣真淨	真 精 發 化 無 始 習 氣 通 一 精 明 唯 以 精 明 進 趣 真 淨 
X13n0285_008:0343a16	名精進心心精現前純以智慧名慧心住執持智明	名 精 進 心 心 精 現 前 純 以 智 慧 名 慧 心 住 執 持 智 明 
X13n0285_008:0343a17	周徧湛寂寂妙常凝名定心住定光發明明性深入	周 徧 湛 寂 寂 妙 常 凝 名 定 心 住 定 光 發 明 明 性 深 入 
X13n0285_008:0343a18	唯進無退名不退心心進安然保持不失十方如來	唯 進 無 退 名 不 退 心 心 進 安 然 保 持 不 失 十 方 如 來 
X13n0285_008:0343a19	氣分交接名護法心覺明保持能以妙力迴佛慈光	氣 分 交 接 名 護 法 心 覺 明 保 持 能 以 妙 力 迴 佛 慈 光 
X13n0285_008:0343a20	向佛安住猶如雙鏡光明相對其中妙影重重相入	向 佛 安 住 猶 如 雙 鏡 光 明 相 對 其 中 妙 影 重 重 相 入 
X13n0285_008:0343a21	名迴向心心光密迴獲佛常凝無上妙淨安住無為	名 迴 向 心 心 光 密 迴 獲 佛 常 凝 無 上 妙 淨 安 住 無 為 
X13n0285_008:0343a22	得無遺失名戒心住住戒自在能遊十方所去隨願	得 無 遺 失 名 戒 心 住 住 戒 自 在 能 遊 十 方 所 去 隨 願 
X13n0285_008:0343a23	名願心住。	名 願 心 住 
X13n0285_008:0343a24	此即圓教十信六根清淨位也以一心三觀相似	此 即 圓 教 十 信 六 根 清 淨 位 也 以 一 心 三 觀 相 似 
X13n0285_008:0343b01	見三諦理而麤垢任運先落真俗二諦任運先現	見 三 諦 理 而 麤 垢 任 運 先 落 真 俗 二 諦 任 運 先 現 
X13n0285_008:0343b02	然雖云相似三諦以言三即一故非橫雖云二諦	然 雖 云 相 似 三 諦 以 言 三 即 一 故 非 橫 雖 云 二 諦 
X13n0285_008:0343b03	先現以舉一即三故非縱也謂即以此觀行之心	先 現 以 舉 一 即 三 故 非 縱 也 謂 即 以 此 觀 行 之 心 
X13n0285_008:0343b04	緣於中道之中而流入法性遂使圓妙得以開敷	緣 於 中 道 之 中 而 流 入 法 性 遂 使 圓 妙 得 以 開 敷 
X13n0285_008:0343b05	從彼真妙圓境重發真妙圓信所信之理既是常	從 彼 真 妙 圓 境 重 發 真 妙 圓 信 所 信 之 理 既 是 常 
X13n0285_008:0343b06	住能信之智亦復常住遂得銷我億劫顛倒想不	住 能 信 之 智 亦 復 常 住 遂 得 銷 我 億 劫 顛 倒 想 不 
X13n0285_008:0343b07	歷僧祇獲法身故云一切妄想滅盡無餘中道純	歷 僧 祇 獲 法 身 故 云 一 切 妄 想 滅 盡 無 餘 中 道 純 
X13n0285_008:0343b08	真也蓋觀行位中觀於不思議境由善修故令不	真 也 蓋 觀 行 位 中 觀 於 不思議境 由 善 修 故 令 不 
X13n0285_008:0343b09	思議境任運現前故名重發當知前為觀行發心	思 議 境 任 運 現 前 故 名 重 發 當 知 前 為 觀 行 發 心 
X13n0285_008:0343b10	此為相似發心也真信明了句即是牒上初信一	此 為 相 似 發 心 也 真 信 明 了 句 即 是 牒 上 初 信 一 
X13n0285_008:0343b11	切圓通等即是功夫勝進由善修慈悲誓願故所	切 圓 通 等 即 是 功 夫 勝 進 由 善 修 慈 悲 誓 願 故 所 
X13n0285_008:0343b12	以得成憶念歷劫無遺忘也妙圓純真句即是牒	以 得 成 憶 念 歷 劫 無 遺 忘 也 妙 圓 純 真 句 即 是 牒 
X13n0285_008:0343b13	上心念真精發化等即是功夫勝進由善修止觀	上 心 念 真 精 發 化 等 即 是 功 夫 勝 進 由 善 修 止 觀 
X13n0285_008:0343b14	故所以精而不雜進而不退也心精現前句即是	故 所 以 精 而 不 雜 進 而 不 退 也 心 精 現 前 句 即 是 
X13n0285_008:0343b15	牒精進心純以智慧句即是功夫勝進由善修破	牒 精 進 心 純 以 智 慧 句 即 是 功 夫 勝 進 由 善 修 破 
X13n0285_008:0343b16	法故所以慧心增明也執持智明句即是牒上慧	法 故 所 以 慧 心 增 明 也 執 持 智 明 句 即 是 牒 上 慧 
X13n0285_008:0343b17	心周徧寂湛等即是功夫勝進由善修通塞故所	心 周 徧 寂 湛 等 即 是 功 夫 勝 進 由 善 修 通 塞 故 所 
X13n0285_008:0343b18	以定心安隱也定光發明句即是牒上定心明性	以 定 心 安 隱 也 定 光 發 明 句 即 是 牒 上 定 心 明 性 
X13n0285_008:0343b19	深入等即是功夫勝進由善修道品故所以永無	深 入 等 即 是 功 夫 勝 進 由 善 修 道 品 故 所 以 永 無 
X13n0285_008:0343b20	退轉也心進安然句即是牒不退心保持不失等	退 轉 也 心 進 安 然 句 即 是 牒 不 退 心 保 持 不 失 等 
X13n0285_008:0343b21	即是功夫勝進見思俱盡與佛相似故云十方如	即 是 功 夫 勝 進 見 思 俱 盡 與 佛 相 似 故 云 十 方 如 
X13n0285_008:0343b22	來氣分交接由善修助道故所以能護持正覺法	來 氣 分 交 接 由 善 修 助 道 故 所 以 能 護 持 正 覺 法 
X13n0285_008:0343b23	也覺明者所護之法保持者能護之心此句即是	也 覺 明 者 所 護 之 法 保 持 者 能 護 之 心 此 句 即 是 
X13n0285_008:0343b24	牒護法心能以妙力等即是功夫勝進謂全本覺	牒 護 法 心 能 以 妙 力 等 即 是 功 夫 勝 進 謂 全 本 覺 
X13n0285_008:0343c01	佛性所起始覺之修名佛慈光今迴始覺之修向	佛 性 所 起 始 覺 之 修 名 佛 慈 光 今 迴 始 覺 之 修 向 
X13n0285_008:0343c02	於本覺佛性而安住之本始相對光影互含了知	於 本 覺 佛 性 而 安 住 之 本 始 相 對 光 影 互 含 了 知 
X13n0285_008:0343c03	一位一切位一切位一位由善修位次故所以成	一 位 一 切 位 一 切 位 一 位 由 善 修 位 次 故 所 以 成 
X13n0285_008:0343c04	此迴向心也心光密迴句即是牒迴向心獲佛常	此 迴 向 心 也 心 光 密 迴 句 即 是 牒 迴 向 心 獲 佛 常 
X13n0285_008:0343c05	凝等即是功夫勝進由善修安忍故強軟諸魔所	凝 等 即 是 功 夫 勝 進 由 善 修 安 忍 故 強 軟 諸 魔 所 
X13n0285_008:0343c06	不能動所以安住無為得無遺失三業俱淨名戒	不 能 動 所 以 安 住 無 為 得 無 遺 失 三 業 俱 淨 名 戒 
X13n0285_008:0343c07	心也住戒自在句即是牒上戒心能遊十方等即	心 也 住 戒 自 在 句 即 是 牒 上 戒 心 能 遊 十 方 等 即 
X13n0285_008:0343c08	是功夫勝進由善修離愛故所以無繫無著隨願	是 功 夫 勝 進 由 善 修 離 愛 故 所 以 無 繫 無 著 隨 願 
X13n0285_008:0343c09	去來也此十信心若約橫論豎則有理即十心乃	去 來 也 此 十 信 心 若 約 橫 論 豎 則 有 理 即 十 心 乃 
X13n0285_008:0343c10	至究竟十心若一往約豎則獨在相似轉依又於	至 究 竟 十 心 若 一 往 約 豎 則 獨 在 相 似 轉 依 又 於 
X13n0285_008:0343c11	豎中論豎則是次第深入初信斷見七信斷思先	豎 中 論 豎 則 是 次 第 深 入 初 信 斷 見 七 信 斷 思 先 
X13n0285_008:0343c12	顯真諦八九十信斷界內界外塵沙次顯俗諦若	顯 真 諦 八 九 十 信 斷 界 內 界 外 塵 沙 次 顯 俗 諦 若 
X13n0285_008:0343c13	於豎中論橫則是一念圓成十心見於相似三諦	於 豎 中 論 橫 則 是 一 念 圓 成 十 心 見 於 相 似 三 諦 
X13n0285_008:0343c14	也。三分證轉依號又分為五初明十住二明十	也 三 分 證 轉 依 號 又 分 為 五 初 明 十 住 二 明 十 
X13n0285_008:0343c15	行三明十向四明十地五明等覺。今初。	行 三 明 十 向 四 明 十 地 五 明 等 覺 今 初 
X13n0285_008:0343c16	阿難是善男子以真方便發此十心心精發暉十用	阿 難 是 善 男 子 以 真 方 便 發 此 十 心 心 精 發 暉 十 用 
X13n0285_008:0343c17	涉入圓成一心名發心住心中發明如淨瑠璃內現	涉 入 圓 成 一 心 名 發 心 住 心 中 發 明 如 淨 瑠 璃 內 現 
X13n0285_008:0343c18	精金以前妙心履以成地名治地住心地涉知俱得	精 金 以 前 妙 心 履 以 成 地 名 治 地 住 心 地 涉 知 俱 得 
X13n0285_008:0343c19	明了遊履十方得無留礙名修行住行與佛同受佛	明 了 遊 履 十 方 得 無 留 礙 名 修 行 住 行 與 佛 同 受 佛 
X13n0285_008:0343c20	氣分如中陰身自求父母陰信冥通入如來種名生	氣 分 如 中 陰 身 自 求 父 母 陰 信 冥 通 入 如 來 種 名 生 
X13n0285_008:0343c21	貴住既遊道胎親奉覺胤如胎已成人相不缺名方	貴 住 既 遊 道 胎 親 奉 覺 胤 如 胎 已 成 人 相 不 缺 名 方 
X13n0285_008:0343c22	便具足住容貌如佛心相亦同名正心住身心合成	便 具 足 住 容 貌 如 佛 心 相 亦 同 名 正 心 住 身 心 合 成 
X13n0285_008:0343c23	日益增長名不退住十身靈相一時具足名童真住	日 益 增 長 名 不 退 住 十 身 靈 相 一 時 具 足 名 童 真 住 
X13n0285_008:0343c24	形成出胎親為佛子名法王子住表以成人如國大	形 成 出 胎 親 為 佛 子 名 法 王 子 住 表 以 成 人 如 國 大 
X13n0285_008:0344a01	王以諸國事分委太子彼剎利王世子長成陳列灌	王 以 諸 國 事 分 委 太 子 彼 剎 利 王 世 子 長 成 陳 列 灌 
X13n0285_008:0344a02	頂名灌頂住。	頂 名 灌 頂 住 
X13n0285_008:0344a03	此圓十住分破無明分證三德以無住法住祕藏	此 圓 十 住 分 破 無 明 分 證 三 德 以 無 住 法 住 祕 藏 
X13n0285_008:0344a04	中大品所謂入理般若名為住也以真方便發此	中 大 品 所 謂 入 理 般 若 名 為 住 也 以 真 方 便 發 此 
X13n0285_008:0344a05	十心者牒上十信言之皆依中道稱性而修名真	十 心 者 牒 上 十 信 言 之 皆 依 中 道 稱 性 而 修 名 真 
X13n0285_008:0344a06	方便相似而證亦名為發由是心精發暉令此十	方 便 相 似 而 證 亦 名 為 發 由 是 心 精 發 暉 令 此 十 
X13n0285_008:0344a07	用互相涉入而圓成為一心遂令三心一時圓發	用 互 相 涉 入 而 圓 成 為 一 心 遂 令 三 心 一 時 圓 發 
X13n0285_008:0344a08	名發心住也言十用涉入者十乘觀法一乘攝一	名 發 心 住 也 言 十 用 涉 入 者 十 乘 觀 法 一 乘 攝 一 
X13n0285_008:0344a09	切乘也圓成一心者十十之法總不離現前一念	切 乘 也 圓 成 一 心 者 十 十 之 法 總 不 離 現 前 一 念 
X13n0285_008:0344a10	也正因理心發名法身德了因慧心發名般若德	也 正 因 理 心 發 名 法 身 德 了 因 慧 心 發 名 般 若 德 
X13n0285_008:0344a11	緣因善心發名解脫德此三不縱不橫不並不別	緣 因 善 心 發 名 解 脫 德 此 三 不 縱 不 橫 不 並 不 別 
X13n0285_008:0344a12	名為祕密之藏華嚴經云初發心時便成正覺成	名 為 祕密之藏 華 嚴 經 云 初 發 心 時 便 成 正 覺 成 
X13n0285_008:0344a13	就慧身不由他悟清淨妙法身湛然應一切此之	就 慧 身 不由他悟 清 淨 妙 法 身 湛 然 應 一 切 此 之 
X13n0285_008:0344a14	謂也二十五聖初證真實圓通即是此位從此以	謂 也 二 十 五 聖 初 證 真 實 圓 通 即 是 此 位 從 此 以 
X13n0285_008:0344a15	後雖有修習皆是無功用道矣心中發明等者即	後 雖 有 修 習 皆 是 無 功 用 道 矣 心 中 發 明 等 者 即 
X13n0285_008:0344a16	是牒上初發心住能證之智喻淨瑠璃所證之理	是 牒 上 初 發 心 住 能 證 之 智 喻 淨 瑠 璃 所 證 之 理 
X13n0285_008:0344a17	喻如精金以前妙心履以成地即是無功用道任	喻 如 精 金 以 前 妙 心 履 以 成 地 即 是 無 功 用 道 任 
X13n0285_008:0344a18	運增進言即以前所發妙心踐履之以成理地故	運 增 進 言 即 以 前 所 發 妙 心 踐 履 之 以 成 理 地 故 
X13n0285_008:0344a19	名治地住也智照於境境亦照智故云心地涉知	名 治 地 住 也 智 照 於 境 境 亦 照 智 故 云 心 地 涉 知 
X13n0285_008:0344a20	境智互照妙行普周名修行住如此修行則因能	境 智 互 照 妙 行 普 周 名 修 行 住 如 此 修 行 則 因 能 
X13n0285_008:0344a21	肖果故云行與佛同因既肖果受果佛之氣分譬	肖 果 故 云 行 與 佛 同 因 既 肖 果 受 果 佛 之 氣 分 譬 
X13n0285_008:0344a22	如中陰投輪王胎便成剎利種姓名生貴住同佛	如 中 陰 投 輪 王 胎 便 成 剎 利 種 姓 名 生 貴 住 同 佛 
X13n0285_008:0344a23	緣因功德相好故云人相不缺同佛了因智慧莊	緣 因 功 德 相 好 故 云 人 相 不 缺 同 佛 了 因 智 慧 莊 
X13n0285_008:0344a24	嚴故云心相亦同緣了互資故云日益增長十身	嚴 故 云 心 相 亦 同 緣 了 互 資 故 云 日 益 增 長 十 身 
X13n0285_008:0344b01	出華嚴經所謂聲聞身緣覺身菩薩身如來身法	出 華 嚴 經 所 謂 聲 聞 身 緣 覺 身 菩 薩 身 如 來 身 法 
X13n0285_008:0344b02	身智身國土身業報身眾生身虗空身又如來身	身 智 身 國 土 身 業 報 身 眾 生 身 虗 空 身 又 如 來 身 
X13n0285_008:0344b03	復具十身所謂菩提身願身化身力身莊嚴身威	復 具 十 身 所 謂 菩 提 身 願 身 化 身 力 身 莊 嚴 身 威 
X13n0285_008:0344b04	勢身意生身福德身法身智身也純一無偽故名	勢 身 意 生 身 福 德 身 法 身 智 身 也 純 一 無 偽 故 名 
X13n0285_008:0344b05	童真具體而微亦名童真餘皆可知此十住位亦	童 真 具 體 而 微 亦 名 童 真 餘 皆 可 知 此 十 住 位 亦 
X13n0285_008:0344b06	可云理即住乃至究竟即住今但約分證言之亦	可 云 理 即 住 乃 至 究 竟 即 住 今 但 約 分 證 言 之 亦 
X13n0285_008:0344b07	可云即俗即中之真諦現前也幽溪云初住已先	可 云 即 俗 即 中 之 真 諦 現 前 也 幽 溪 云 初 住 已 先 
X13n0285_008:0344b08	名為緣修以未見佛性故登住已來名為真修以	名 為 緣 修 以 未 見 佛 性 故 登 住 已 來 名 為 真 修 以 
X13n0285_008:0344b09	真見佛性故初住名發心此由第十願心破一品	真 見 佛 性 故 初 住 名 發 心 此 由 第 十 願 心 破 一 品 
X13n0285_008:0344b10	無明之功以發三德佛性之心此住但言佛性現	無 明 之 功 以 發 三 德 佛 性 之 心 此 住 但 言 佛 性 現 
X13n0285_008:0344b11	前而已猶未加真修功行也至第二住以前妙心	前 而 已 猶 未 加 真 修 功 行 也 至 第 二 住 以 前 妙 心 
X13n0285_008:0344b12	履以成地方以分真始覺照於分真本覺修之治	履 以 成 地 方 以 分 真 始 覺 照 於 分 真 本 覺 修 之 治 
X13n0285_008:0344b13	之名治地住至第三住心地涉知俱得明了則始	之 名 治 地 住 至 第 三 住 心 地 涉 知 俱 得 明 了 則 始 
X13n0285_008:0344b14	本一合始本俱忘方得遊履十方得無留礙名修	本 一 合 始 本 俱 忘 方 得 遊 履 十 方 得 無 留 礙 名 修 
X13n0285_008:0344b15	行住此之二位方是真修次第功夫猶如世人先	行 住 此 之 二 位 方 是 真 修 次 第 功 夫 猶 如 世 人 先 
X13n0285_008:0344b16	世行業既備然後入父母胎入胎之後不過長之	世 行 業 既 備 然 後 入 父 母 胎 入 胎 之 後 不 過 長 之 
X13n0285_008:0344b17	養之充擴前功而已故四住名生貴五住名具足	養 之 充 擴 前 功 而 已 故 四 住 名 生 貴 五 住 名 具 足 
X13n0285_008:0344b18	乃至九住名法王子皆言增長之功不復更言進	乃 至 九 住 名 法 王 子 皆 言 增 長 之 功 不 復 更 言 進 
X13n0285_008:0344b19	修之事即使有之亦不外乎始本境智也既出聖	修 之 事 即 使 有 之 亦 不 外 乎 始 本 境 智 也 既 出 聖 
X13n0285_008:0344b20	胎表以成人分委道化名灌頂住譬如世人承先	胎 表 以 成 人 分 委 道 化 名 灌 頂 住 譬 如 世 人 承 先 
X13n0285_008:0344b21	世行業得感為人表表丈夫堪付家業至十行去	世 行 業 得 感 為 人 表 表 丈 夫 堪 付 家 業 至 十 行 去 
X13n0285_008:0344b22	方明法王子所作事也。二明十行。	方 明 法 王 子 所 作 事 也 二 明 十 行 
X13n0285_008:0344b23	阿難是善男子成佛子已具足無量如來妙德十方	阿 難 是 善 男 子 成 佛 子 已 具 足 無 量 如 來 妙 德 十 方 
X13n0285_008:0344b24	隨順名歡喜行善能利益一切眾生名饒益行自覺	隨 順 名 歡 喜 行 善 能 利 益 一 切 眾 生 名 饒 益 行 自 覺 
X13n0285_008:0344c01	覺他得無違拒名無瞋恨行種類出生窮未來際三	覺 他 得 無 違 拒 名 無 瞋 恨 行 種 類 出 生 窮未來際 三 
X13n0285_008:0344c02	世平等十方通達名無盡行一切合同種種法門得	世 平 等 十 方 通 達 名 無 盡 行 一 切 合 同 種種法門 得 
X13n0285_008:0344c03	無差誤名離癡亂行則於同中顯現羣異一一異相	無 差 誤 名 離 癡 亂 行 則 於 同 中 顯 現 羣 異 一 一 異 相 
X13n0285_008:0344c04	各各見同名善現行如是乃至十方虗空滿足微塵	各 各 見 同 名 善 現 行 如 是 乃 至 十 方 虗 空 滿 足 微 塵 
X13n0285_008:0344c05	一一塵中現十方界現塵現界不相留礙名無著行	一 一 塵 中 現 十 方 界 現 塵 現 界 不 相 留 礙 名 無 著 行 
X13n0285_008:0344c06	種種現前咸是第一波羅蜜多名尊重行如是圓融	種 種 現 前 咸 是 第 一 波羅蜜多 名 尊 重 行 如 是 圓 融 
X13n0285_008:0344c07	能成十方諸佛軌則名善法行一一皆是清淨無漏	能 成 十方諸佛 軌 則 名 善 法 行 一 一 皆 是 清 淨 無 漏 
X13n0285_008:0344c08	一真無為性本然故名真實行。	一 真 無 為 性 本 然 故 名 真 實 行 
X13n0285_008:0344c09	此圓十行又成十番智斷又令三德十倍增明即	此 圓 十 行 又 成 十 番 智 斷 又 令 三 德 十 倍 增 明 即 
X13n0285_008:0344c10	是一行一切行於念念中具足佛行功德也成佛	是 一 行 一 切 行 於念念中 具 足 佛 行 功 德 也 成 佛 
X13n0285_008:0344c11	子已一句牒上灌頂住而言之十方隨順是自覺	子 已 一 句 牒 上 灌 頂 住 而 言 之 十 方 隨 順 是 自 覺 
X13n0285_008:0344c12	圓成故名歡喜利益一切是善能覺他故名饒益	圓 成 故 名 歡 喜 利 益 一 切 是 善 能 覺 他 故 名 饒 益 
X13n0285_008:0344c13	初則自覺為正覺他為傍次則覺他為正自覺為	初 則 自 覺 為 正 覺 他 為 傍 次 則 覺 他 為 正 自 覺 為 
X13n0285_008:0344c14	傍未免分於自他猶是法中微細違逆既有違拒	傍 未 免 分 於 自 他 猶 是 法 中 微 細 違 逆 既 有 違 拒 
X13n0285_008:0344c15	便名瞋恨今二覺無違瞋恨何有由其二覺無違	便 名 瞋 恨 今 二 覺 無 違 瞋 恨 何 有 由 其 二 覺 無 違 
X13n0285_008:0344c16	故拈一自覺之行出生一切自覺覺他法門拈一	故 拈 一 自 覺 之 行 出 生 一 切 自覺覺他 法 門 拈 一 
X13n0285_008:0344c17	覺他之行亦復出生一切自覺覺他法門是名種	覺 他 之 行 亦 復 出 生 一 切 自覺覺他 法 門 是 名 種 
X13n0285_008:0344c18	類出生豎窮橫徧也從體起用既行行無盡會用	類 出 生 豎 窮 橫 徧 也 從 體 起 用 既 行 行 無 盡 會 用 
X13n0285_008:0344c19	歸體則法法無差故云一切合同而無癡亂也全	歸 體 則 法 法 無 差 故 云 一 切 合 同 而 無 癡 亂 也 全 
X13n0285_008:0344c20	體起用故於同中顯現羣異全用即體故一一異	體 起 用 故 於 同 中 顯 現 羣 異 全 用 即 體 故 一 一 異 
X13n0285_008:0344c21	各各見同名善現行也十方虗空滿足微塵即是	各 各 見 同 名 善 現 行 也 十 方 虗 空 滿 足 微 塵 即 是 
X13n0285_008:0344c22	同中現異之極致一一塵中現十方界即是異相	同 中 現 異 之 極 致 一 一 塵 中 現 十 方 界 即 是 異 相 
X13n0285_008:0344c23	見同之極致界既現塵塵復現界塵塵界界重重	見 同 之 極 致 界 既 現 塵 塵 復 現 界 塵 塵 界 界 重 重 
X13n0285_008:0344c24	無盡猶如帝網不可思議名無著行也束一切事	無 盡 猶 如 帝 網 不可思議 名 無 著 行 也 束 一 切 事 
X13n0285_008:0345a01	理一切體用總是一諦無有微塵許法而非全體	理 一 切 體 用 總 是 一 諦 無 有 微 塵 許 法 而 非 全 體 
X13n0285_008:0345a02	第一波羅密多名尊重行第一波羅蜜多即是一	第 一 波羅密多 名 尊 重 行 第 一 波羅蜜多 即 是 一 
X13n0285_008:0345a03	切諸法一切諸法即是第一波羅蜜多斯則權實	切 諸 法 一切諸法 即 是 第 一 波羅蜜多 斯 則 權 實 
X13n0285_008:0345a04	不二故成十方諸佛軌則名善法行若權若實咸	不 二 故 成 十方諸佛 軌 則 名 善 法 行 若 權 若 實 咸 
X13n0285_008:0345a05	不思議隨緣不變則無權非實不變隨緣則無實	不 思 議 隨 緣 不 變 則 無 權 非 實 不 變 隨 緣 則 無 實 
X13n0285_008:0345a06	非權故云一一皆是清淨無漏一真無為性本然	非 權 故 云 一 一 皆 是 清 淨 無 漏 一 真 無 為 性 本 然 
X13n0285_008:0345a07	故名真實行也此十行位亦可云理即佛行乃至	故 名 真 實 行 也 此 十 行 位 亦 可 云 理 即 佛 行 乃 至 
X13n0285_008:0345a08	究竟佛行今但約分證言之復有橫豎二義豎則	究 竟 佛 行 今 但 約 分 證 言 之 復 有 橫 豎 二 義 豎 則 
X13n0285_008:0345a09	行行轉深橫則一心圓具十種妙行亦可云即真	行 行 轉 深 橫 則 一 心 圓 具 十 種 妙 行 亦 可 云 即 真 
X13n0285_008:0345a10	即中之俗諦現前也又歡喜是圓施行饒益是圓	即 中 之 俗 諦 現 前 也 又 歡 喜 是 圓 施 行 饒 益 是 圓 
X13n0285_008:0345a11	戒行無瞋恨是圓忍行無盡是圓進行離癡亂是	戒 行 無 瞋 恨 是 圓 忍 行 無 盡 是 圓 進 行 離 癡 亂 是 
X13n0285_008:0345a12	圓定行善現是圓慧行無著是圓方便行尊重是	圓 定 行 善 現 是 圓 慧 行 無 著 是 圓 方 便 行 尊 重 是 
X13n0285_008:0345a13	圓願行善法是圓力行真實是圓智行然十行皆	圓 願 行 善 法 是 圓 力 行 真 實 是 圓 智 行 然 十 行 皆 
X13n0285_008:0345a14	不思議迥與歷別十度不同。三明十向又二初	不 思 議 迥 與 歷 別 十 度 不 同 三 明 十 向 又 二 初 
X13n0285_008:0345a15	正明十向二別明加行。今初。	正 明 十 向 二 別 明 加 行 今 初 
X13n0285_008:0345a16	阿難是善男子滿足神通成佛事已純潔精真遠諸	阿 難 是 善 男 子 滿 足 神 通 成 佛 事 已 純 潔 精 真 遠 諸 
X13n0285_008:0345a17	留患當度眾生滅諸度相迴無為心向涅槃路名救	留 患 當 度 眾 生 滅 諸 度 相 迴 無 為 心 向 涅 槃 路 名 救 
X13n0285_008:0345a18	護一切眾生離眾生相迴向壞其可壞遠離諸離名	護 一 切 眾 生 離 眾 生 相 迴 向 壞 其 可 壞 遠 離 諸 離 名 
X13n0285_008:0345a19	不壞迴向本覺湛然覺齊佛覺名等一切佛迴向精	不 壞 迴 向 本 覺 湛 然 覺 齊 佛 覺 名 等 一 切 佛 迴 向 精 
X13n0285_008:0345a20	真發明地如佛地名至一切處迴向世界如來互相	真 發 明 地 如 佛 地 名 至 一 切 處 迴 向 世 界 如 來 互 相 
X13n0285_008:0345a21	涉入得無罣礙名無盡功德藏迴向於同佛地地中	涉 入 得 無 罣 礙 名 無盡功德藏 迴 向 於 同 佛 地 地 中 
X13n0285_008:0345a22	各各生清淨因依因發揮取涅槃道名隨順平等善	各 各 生 清 淨 因 依 因 發 揮 取 涅 槃 道 名 隨 順 平 等 善 
X13n0285_008:0345a23	根迴向真根既成十方眾生皆我本性性圓成就不	根 迴 向 真 根 既 成 十 方 眾 生 皆 我 本 性 性 圓 成 就 不 
X13n0285_008:0345a24	失眾生名隨順等觀一切眾生迴向即一切法離一	失 眾 生 名 隨 順 等 觀 一 切 眾 生 迴 向 即 一 切 法 離 一 
X13n0285_008:0345b01	切相唯即與離二無所著名真如相迴向真得所如	切 相 唯 即 與 離 二 無 所 著 名 真 如 相 迴 向 真 得 所 如 
X13n0285_008:0345b02	十方無礙名無縛解脫迴向性德圓成法界量滅名	十 方 無 礙 名 無 縛 解 脫 迴 向 性 德 圓 成 法 界 量 滅 名 
X13n0285_008:0345b03	法界無量迴向。	法 界 無 量 迴 向 
X13n0285_008:0345b04	此圓十向更成十番智斷更令三德十倍增明即	此 圓 十 向 更 成 十 番 智 斷 更 令 三 德 十 倍 增 明 即 
X13n0285_008:0345b05	是於念念中具足三種迴向所謂迴自向他迴因	是 於念念中 具 足 三 種 迴 向 所 謂 迴 自 向 他 迴 因 
X13n0285_008:0345b06	向果迴事向理也滿足神通二句牒前十行言之	向 果 迴 事 向 理 也 滿 足 神 通 二 句 牒 前 十 行 言 之 
X13n0285_008:0345b07	無間名純無染名潔無雜名精無偽名真生死是	無 間 名 純 無 染 名 潔 無 雜 名 精 無 偽 名 真 生 死 是 
X13n0285_008:0345b08	凡夫留患涅槃是二乘留患今出十住與佛同體	凡 夫 留 患 涅 槃 是 二 乘 留 患 今 出 十 住 與 佛 同 體 
X13n0285_008:0345b09	了知生死即涅槃不住生死由土行與佛同用了	了 知 生 死 即 涅 槃 不 住 生 死 由 土 行 與 佛 同 用 了 
X13n0285_008:0345b10	知涅槃即生死不住涅槃故能遠諸留患也不住	知 涅 槃 即 生 死 不住涅槃 故 能 遠 諸 留 患 也 不 住 
X13n0285_008:0345b11	涅槃故念念當度眾生不住生死故了知實無眾	涅 槃 故 念 念 當 度 眾 生 不 住 生 死 故 了 知 實 無 眾 
X13n0285_008:0345b12	生可度而滅諸度相由其度眾生故所以不證無	生 可 度 而 滅 諸 度 相 由 其 度 眾 生 故 所 以 不 證 無 
X13n0285_008:0345b13	為名曰迴無為心由其無度相故所以不染生死	為 名 曰 迴 無 為 心 由 其 無 度 相 故 所 以 不 染 生 死 
X13n0285_008:0345b14	名曰向涅槃路是稱救護一切眾生離眾生相迴	名 曰 向 涅 槃 路 是 稱 救 護 一 切 眾 生 離 眾 生 相 迴 
X13n0285_008:0345b15	向也生死涅槃皆是可壞之相故皆壞之離俗離	向 也 生死涅槃 皆 是 可 壞 之 相 故 皆 壞 之 離 俗 離 
X13n0285_008:0345b16	真皆是妄離之心故皆遠之從此中道不壞之性	真 皆 是 妄 離 之 心 故 皆 遠 之 從 此 中 道 不 壞 之 性 
X13n0285_008:0345b17	常得現前名不壞迴向也本覺之理湛然現前則	常 得 現 前 名 不 壞 迴 向 也 本 覺 之 理 湛 然 現 前 則 
X13n0285_008:0345b18	始覺之智齊於佛覺故名等一切佛迴向始覺精	始 覺 之 智 齊 於 佛 覺 故 名 等 一 切 佛 迴 向 始 覺 精 
X13n0285_008:0345b19	真既已發明則本覺理地如於佛地故名至一切	真 既 已 發 明 則 本 覺 理 地 如 於 佛 地 故 名 至 一 切 
X13n0285_008:0345b20	處迴向地為世界覺為如來世界是理如來是智	處 迴 向 地 為 世 界 覺 為 如 來 世 界 是 理 如 來 是 智 
X13n0285_008:0345b21	理智融徹互相涉入得無罣礙故名無盡功德藏	理 智 融 徹 互 相 涉 入 得 無 罣 礙 故 名 無盡功德藏 
X13n0285_008:0345b22	迴向證此無盡功德之藏則與佛地渾同於此渾	迴 向 證 此 無 盡 功 德 之 藏 則 與 佛 地 渾 同 於 此 渾 
X13n0285_008:0345b23	同佛地之中又各各生起清淨萬行真因依此真	同 佛 地 之 中 又 各 各 生 起 清 淨 萬 行 真 因 依 此 真 
X13n0285_008:0345b24	因發揮而取涅槃究竟真道故名隨順平等善根	因 發 揮 而 取 涅 槃 究 竟 真 道 故 名 隨 順 平 等 善 根 
X13n0285_008:0345c01	迴向謂一切所作若大若小諸善由隨順法性故	迴 向 謂 一 切 所 作 若 大 若 小 諸 善 由 隨 順 法 性 故 
X13n0285_008:0345c02	皆得廣大如法界究竟如虗空平等無異咸趣薩	皆 得 廣 大 如 法 界 究 竟 如 虗 空 平 等 無 異 咸 趣 薩 
X13n0285_008:0345c03	婆若也真實善根既成了知十方眾生皆我本性	婆 若 也 真 實 善 根 既 成 了 知 十 方 眾 生 皆 我 本 性 
X13n0285_008:0345c04	我之心性徧能含育一切眾生一切眾生心性亦	我 之 心 性 徧 能 含 育 一 切 眾 生 一 切 眾 生 心 性 亦 
X13n0285_008:0345c05	復如是互含互育不謂我性獨圓他性不爾故名	復 如 是 互 含 互 育 不 謂 我 性 獨 圓 他 性 不 爾 故 名 
X13n0285_008:0345c06	隨順等觀一切眾生迴向即一切法猶前文所謂	隨 順 等 觀 一 切 眾 生 迴 向 即 一 切 法 猶 前 文 所 謂 
X13n0285_008:0345c07	元明心妙十界俱即離一切相猶前文所謂本妙	元 明 心 妙 十 界 俱 即 離一切相 猶 前 文 所 謂 本 妙 
X13n0285_008:0345c08	圓心十界俱非唯即與離二無所著猶前文所謂	圓 心 十 界 俱 非 唯 即 與 離 二 無 所 著 猶 前 文 所 謂 
X13n0285_008:0345c09	妙明心元離即離非是即非即此則徹悟真如妙	妙 明 心 元 離 即 離 非 是 即 非 即 此 則 徹 悟 真 如 妙 
X13n0285_008:0345c10	性名真如相迴向既已真得所如則十方世界無	性 名 真 如 相 迴 向 既 已 真 得 所 如 則 十方世界 無 
X13n0285_008:0345c11	非真如體相更何障礙故名無縛解脫迴向性具	非 真 如 體 相 更 何 障 礙 故 名 無 縛 解 脫 迴 向 性 具 
X13n0285_008:0345c12	之三德圓成法界之數量銷滅名法界無量迴向	之 三 德 圓 成 法 界 之 數 量 銷 滅 名 法 界 無 量 迴 向 
X13n0285_008:0345c13	此十迴向亦可云理即迴向乃至究竟迴向今但	此 十 迴 向 亦 可 云 理 即 迴 向 乃 至 究 竟 迴 向 今 但 
X13n0285_008:0345c14	約分證言之亦可云修於即真即俗之中諦以登	約 分 證 言 之 亦 可 云 修 於 即 真 即 俗 之 中 諦 以 登 
X13n0285_008:0345c15	佛地也。二別明加行。	佛 地 也 二 別 明 加 行 
X13n0285_008:0345c16	阿難是善男子盡是清淨四十一心次成四種妙圓	阿 難 是 善 男 子 盡 是 清 淨 四 十 一 心 次 成 四 種 妙 圓 
X13n0285_008:0345c17	加行即以佛覺用為己心若出未出猶如鑽火欲然	加 行 即 以 佛 覺 用 為 己 心 若 出 未 出 猶 如 鑽 火 欲 然 
X13n0285_008:0345c18	其木名為煖地又以己心成佛所履若依非依如登	其 木 名 為 煖 地 又 以 己 心 成 佛 所 履 若 依 非 依 如 登 
X13n0285_008:0345c19	高山身入虗空下有微礙名為頂地心佛二同善得	高 山 身 入 虗 空 下 有 微 礙 名 為 頂 地 心 佛 二 同 善 得 
X13n0285_008:0345c20	中道如忍事人非懷非出名為忍地數量銷滅迷覺	中 道 如 忍 事 人 非 懷 非 出 名 為 忍 地 數 量 銷 滅 迷 覺 
X13n0285_008:0345c21	中道二無所目名世第一地。	中 道 二 無 所 目 名 世 第 一 地 
X13n0285_008:0345c22	四十一心者指前乾慧及信住行向也妙圓加行	四 十 一 心 者 指 前 乾 慧 及 信 住 行 向 也 妙 圓 加 行 
X13n0285_008:0345c23	者妙則不可思議圓則非小非偏亦非漸次正顯	者 妙 則 不可思議 圓 則 非 小 非 偏 亦 非 漸 次 正 顯 
X13n0285_008:0345c24	雖借藏教之名不同藏教之義也夫入道要門必	雖 借 藏 教 之 名 不 同 藏 教 之 義 也 夫 入 道 要 門 必 
X13n0285_008:0346a01	由加行統而言之名字位中由加行故得登五品	由 加 行 統 而 言 之 名 字 位 中 由 加 行 故 得 登 五 品 
X13n0285_008:0346a02	觀行位中由加行故得淨六根十信位中由加行	觀 行 位 中 由 加 行 故 得 淨 六 根 十 信 位 中 由 加 行 
X13n0285_008:0346a03	故得入初住乃至等覺位中由加行故得成妙覺	故 得 入 初 住 乃 至 等 覺 位 中 由 加 行 故 得 成 妙 覺 
X13n0285_008:0346a04	今獨於第十迴向心中開出四加行者為顯地法	今 獨 於 第 十 迴 向 心 中 開 出 四 加 行 者 為 顯 地 法 
X13n0285_008:0346a05	尊勝故耳一煖地者即以初歡喜地之佛覺用為	尊 勝 故 耳 一 煖 地 者 即 以 初歡喜地 之 佛 覺 用 為 
X13n0285_008:0346a06	十向始覺之己心初地覺性全在十向無明心中	十 向 始 覺 之 己 心 初 地 覺 性 全 在 十 向 無 明 心 中 
X13n0285_008:0346a07	譬如火在木中今以十向始覺鑽於陣初地之無	譬 如 火 在 木 中 今 以 十 向 始 覺 鑽 於 陣 初 地 之 無 
X13n0285_008:0346a08	明求出初地本覺智火此火欲出而未出無明之	明 求 出 初 地 本 覺 智 火 此 火 欲 出 而 未 出 無 明 之 
X13n0285_008:0346a09	木未然而將然故喻如鑽火欲然其木煖相先現	木 未 然 而 將 然 故 喻 如 鑽 火 欲 然 其 木 煖 相 先 現 
X13n0285_008:0346a10	名煖地也次頂地者又即以十向始覺之己心成	名 煖 地 也 次 頂 地 者 又 即 以 十 向 始 覺 之 己 心 成 
X13n0285_008:0346a11	於初地佛覺之所履初地所證涅槃猶如虗空逈	於 初 地 佛 覺 之 所 履 初 地 所 證 涅 槃 猶 如 虗 空 逈 
X13n0285_008:0346a12	超十向變易生死之山今下有微礙故云若依身	超 十 向 變易生死 之 山 今 下 有 微 礙 故 云 若 依 身 
X13n0285_008:0346a13	入虗空故云非依此則十向位中一分變易生死	入 虗 空 故 云 非 依 此 則 十 向 位 中 一 分 變易生死 
X13n0285_008:0346a14	將脫而未脫初地位中所顯空虗涅槃未證而即	將 脫 而 未 脫 初 地 位 中 所 顯 空 虗 涅 槃 未 證 而 即 
X13n0285_008:0346a15	證名頂地也三忍地者牒前佛覺用為己心是佛	證 名 頂 地 也 三 忍 地 者 牒 前 佛 覺 用 為 己 心 是 佛 
X13n0285_008:0346a16	與心同己心成佛所履是心與佛同心佛既其二	與 心 同 己 心 成 佛 所 履 是 心 與 佛 同 心 佛 既 其 二 
X13n0285_008:0346a17	同則已善得中道胸中了了非復懷疑惟獨自知	同 則 已 善 得 中 道 胸 中 了 了 非 復 懷 疑 惟 獨 自 知 
X13n0285_008:0346a18	非有出說故如忍事之人非懷非出名為忍地此	非 有 出 說 故 如 忍 事 之 人 非 懷 非 出 名 為 忍 地 此 
X13n0285_008:0346a19	以初地菩提涅槃喻如所忍之事也四世第一地	以 初 地 菩 提 涅 槃 喻 如 所 忍 之 事 也 四 世 第 一 地 
X13n0285_008:0346a20	者初煖地中用佛覺為己心尚存己心數量二頂	者 初 煖 地 中 用 佛 覺 為 己 心 尚 存 己 心 數 量 二 頂 
X13n0285_008:0346a21	地中以己心成佛履尚存佛履數量此二皆是迷	地 中 以 己 心 成 佛 履 尚 存 佛 履 數 量 此 二 皆 是 迷 
X13n0285_008:0346a22	中道之數量三忍地中心佛二同尚存二同數量	中 道 之 數 量 三 忍 地 中 心 佛 二 同 尚 存 二 同 數 量 
X13n0285_008:0346a23	廼是覺中道之數量今則不但無迷亦且無覺始	廼 是 覺 中 道 之 數 量 今 則 不 但 無 迷 亦 且 無 覺 始 
X13n0285_008:0346a24	本冥合始本俱忘故名世第一地也蓋稱性真修	本 冥 合 始 本 俱 忘 故 名 世 第 一 地 也 蓋 稱 性 真 修 
X13n0285_008:0346b01	雖復極圓極頓一念便能該因徹果而於一念之	雖 復 極 圓 極 頓 一 念 便 能 該 因 徹 果 而 於 一 念 之 
X13n0285_008:0346b02	中法爾亦具此四加行即此四種加行說雖次第	中 法 爾 亦 具 此 四 加 行 即 此 四 種 加 行 說 雖 次 第 
X13n0285_008:0346b03	行在一時所以名為妙圓也。四明十地。	行 在 一 時 所 以 名 為 妙 圓 也 四 明 十 地 
X13n0285_008:0346b04	阿難是善男子於大菩提善得通達覺通如來盡佛	阿 難 是 善 男 子 於 大 菩 提 善 得 通 達 覺 通 如 來 盡 佛 
X13n0285_008:0346b05	境界名歡喜地異性入同同性亦滅名離垢地淨極	境 界 名 歡 喜 地 異 性 入 同 同 性 亦 滅 名 離 垢 地 淨 極 
X13n0285_008:0346b06	明生名發光地明極覺滿名燄慧地一切同異所不	明 生 名 發 光 地 明 極 覺 滿 名 燄 慧 地 一 切 同 異 所 不 
X13n0285_008:0346b07	能至名難勝地無為真如性淨明露名現前地盡真	能 至 名 難 勝 地 無 為 真 如 性 淨 明 露 名 現 前 地 盡 真 
X13n0285_008:0346b08	如際名遠行地一真如心名不動地發真如用名善	如 際 名 遠 行 地 一 真 如 心 名 不 動 地 發 真 如 用 名 善 
X13n0285_008:0346b09	慧地阿難是諸菩薩從此已往修習畢功功德圓滿	慧 地 阿 難 是 諸 菩 薩 從 此 已 往 修 習 畢 功 功 德 圓 滿 
X13n0285_008:0346b10	亦目此地名修習位慈陰妙雲覆涅槃海名法雲地。	亦 目 此 地 名 修 習 位 慈 陰 妙 雲 覆 涅 槃 海 名 法 雲 地 
X13n0285_008:0346b11	此圓十地更成十番智斷更令三德十倍增明猶	此 圓 十 地 更 成 十 番 智 斷 更 令 三 德 十 倍 增 明 猶 
X13n0285_008:0346b12	如大地荷負一切普入三世諸佛智地不思議一	如 大 地 荷 負 一 切 普 入 三世諸佛 智 地 不 思 議 一 
X13n0285_008:0346b13	境三諦任運現前故名為地也既從十向後心善	境 三 諦 任 運 現 前 故 名 為 地 也 既 從 十 向 後 心 善 
X13n0285_008:0346b14	成四種妙圓加行則一分障初地之無明谿爾頓	成 四 種 妙 圓 加 行 則 一 分 障 初 地 之 無 明 谿 爾 頓 
X13n0285_008:0346b15	破故於大菩提性善得通達能覺之菩提智德全	破 故 於 大 菩 提 性 善 得 通 達 能 覺 之 菩 提 智 德 全 
X13n0285_008:0346b16	與佛同名為覺通如來所覺之涅槃斷德全與佛	與 佛 同 名 為 覺 通 如 來 所 覺 之 涅 槃 斷 德 全 與 佛 
X13n0285_008:0346b17	同名為盡佛境界如三世諸佛所應得者我已得	同 名 為 盡 佛 境 界 如 三世諸佛 所 應 得 者 我 已 得 
X13n0285_008:0346b18	之如一切眾生所本具者我已證之是故慶己慶	之 如 一 切 眾 生 所 本 具 者 我 已 證 之 是 故 慶 己 慶 
X13n0285_008:0346b19	人名歡喜地也地前雖斷無明至三十品猶是賢	人 名 歡 喜 地 也 地 前 雖 斷 無 明 至 三 十 品 猶 是 賢 
X13n0285_008:0346b20	聖未是聖賢名異生性登歡喜地與佛體同名同	聖 未 是 聖 賢 名 異 生 性 登 歡 喜 地 與 佛 體 同 名 同 
X13n0285_008:0346b21	生性然而對異說同異固是垢同亦是垢今泯絕	生 性 然 而 對 異 說 同 異 固 是 垢 同 亦 是 垢 今 泯 絕 
X13n0285_008:0346b22	異同名離垢地也問曰七護法心即云十方如來	異 同 名 離 垢 地 也 問 曰 七 護 法 心 即 云 十 方 如 來 
X13n0285_008:0346b23	氣分交接四生貴住即云入如來種今至初地何	氣 分 交 接 四 生 貴 住 即 云 入 如 來 種 今 至 初 地 何 
X13n0285_008:0346b24	又云異性入同若初地方名同性驗知十向尚為	又 云 異 性 入 同 若 初 地 方 名 同 性 驗 知 十 向 尚 為 
X13n0285_008:0346c01	異性仍是別教三賢十聖之義如何可說惟圓位	異 性 仍 是 別 教 三 賢 十 聖 之 義 如 何 可 說 惟 圓 位 
X13n0285_008:0346c02	耶答曰圓位妙義不出六即六而常即故與別教	耶 答 曰 圓 位 妙 義 不 出 六 即 六 而 常 即 故 與 別 教 
X13n0285_008:0346c03	三賢之位不同即而常六故不妨展轉說於同異	三 賢 之 位 不 同 即 而 常 六 故 不 妨 展 轉 說 於 同 異 
X13n0285_008:0346c04	當知七心氣分交接是相似氣分也四住入如來	當 知 七 心 氣 分 交 接 是 相 似 氣 分 也 四 住 入 如 來 
X13n0285_008:0346c05	種是分真種也今云異性入同是從分證同性隣	種 是 分 真 種 也 今 云 異 性 入 同 是 從 分 證 同 性 隣 
X13n0285_008:0346c06	於究竟同性也葢十住與佛同住十行與佛同行	於 究 竟 同 性 也 葢 十 住 與 佛 同 住 十 行 與 佛 同 行 
X13n0285_008:0346c07	十向與佛同向十地與佛同地所以法華經中名	十 向 與 佛 同 向 十 地 與 佛 同 地 所 以 法 華 經 中 名 
X13n0285_008:0346c08	此四十聖位為開示悟入佛之知見雖復同在分	此 四 十 聖 位 為 開 示 悟 入 佛 之 知 見 雖 復 同 在 分 
X13n0285_008:0346c09	證位中不妨仍有淺深之別開異於示示異於悟	證 位 中 不 妨 仍 有 淺 深 之 別 開 異 於 示 示 異 於 悟 
X13n0285_008:0346c10	悟異於入今以悟佛知見之異性入於入佛知見	悟 異 於 入 今 以 悟 佛 知 見 之 異 性 入 於 入 佛 知 見 
X13n0285_008:0346c11	之同性耳離垢則淨淨極則明自生故名發光發	之 同 性 耳 離 垢 則 淨 淨 極 則 明 自 生 故 名 發 光 發 
X13n0285_008:0346c12	光即明明極則覺自滿故名燄慧覺滿能照不思	光 即 明 明 極 則 覺 自 滿 故 名 燄 慧 覺 滿 能 照 不 思 
X13n0285_008:0346c13	議理既照不思議理亦照不思議事照理而又照	議 理 既 照 不 思 議 理 亦 照 不 思 議 事 照 理 而 又 照 
X13n0285_008:0346c14	事故一切同性出世之智所不能至照事而又照	事 故 一 切 同 性 出 世 之 智 所 不 能 至 照 事 而 又 照 
X13n0285_008:0346c15	理故一切異性世間之智所不能至至及也葢離	理 故 一 切 異 性 世 間 之 智 所 不 能 至 至 及 也 葢 離 
X13n0285_008:0346c16	垢地但能泯絕同異此乃會通同異故世出世智	垢 地 但 能 泯 絕 同 異 此 乃 會 通 同 異 故 世 出 世 智 
X13n0285_008:0346c17	皆不能及名難勝地也若事若理當體皆是無為	皆 不 能 及 名 難 勝 地 也 若 事 若 理 當 體 皆 是 無 為 
X13n0285_008:0346c18	真如性本清淨今已照明顯露名現前地法法既	真 如 性 本 清 淨 今 已 照 明 顯 露 名 現 前 地 法 法 既 
X13n0285_008:0346c19	皆真如則便窮盡真如邊際名遠行地真如邊際	皆 真 如 則 便 窮 盡 真 如 邊 際 名 遠 行 地 真 如 邊 際 
X13n0285_008:0346c20	橫徧豎窮統惟一心安有出入故名不動既證真	橫 徧 豎 窮 統 惟 一 心 安 有 出 入 故 名 不 動 既 證 真 
X13n0285_008:0346c21	如不動全體必發真如隨緣大用故名善慧善慧	如 不 動 全 體 必 發 真 如 隨 緣 大 用 故 名 善 慧 善 慧 
X13n0285_008:0346c22	者權實二智皆善也前從初住至此雖則皆是無	者 權 實 二 智 皆 善 也 前 從 初 住 至 此 雖 則 皆 是 無 
X13n0285_008:0346c23	功用道仍是稱性所起修習之功從此以往并其	功 用 道 仍 是 稱 性 所 起 修 習 之 功 從 此 以 往 并 其 
X13n0285_008:0346c24	無功用之修習亦已畢功而大智大悲功德俱已	無 功 用 之 修 習 亦 已 畢 功 而 大 智 大 悲 功 德 俱 已 
X13n0285_008:0347a01	圓滿故亦目此九地名為修習位也若第十地則	圓 滿 故 亦 目 此 九 地 名 為 修 習 位 也 若 第 十 地 則 
X13n0285_008:0347a02	無復自利純是利他故惟以慈陰妙雲覆於眾生	無 復 自 利 純 是 利 他 故 惟 以 慈 陰 妙 雲 覆 於 眾 生 
X13n0285_008:0347a03	本有涅槃性海而任運拔苦與樂名之為法雲地	本 有 涅 槃 性 海 而 任 運 拔 苦 與 樂 名 之 為 法 雲 地 
X13n0285_008:0347a04	此十地位亦可云理即佛地乃至究竟佛地今但	此 十 地 位 亦 可 云 理 即 佛 地 乃 至 究 竟 佛 地 今 但 
X13n0285_008:0347a05	約分證言之復有橫豎二義豎則地地深入橫則	約 分 證 言 之 復 有 橫 豎 二 義 豎 則 地 地 深 入 橫 則 
X13n0285_008:0347a06	一地一切地一切地一地譬如十大山王同依大	一 地 一 切 地 一 切 地 一 地 譬 如 十 大 山 王 同 依 大 
X13n0285_008:0347a07	地如是菩薩十種智地惟一佛地也。五明等覺。	地 如 是 菩 薩 十 種 智 地 惟 一 佛 地 也 五 明 等 覺 
X13n0285_008:0347a08	如來逆流如是菩薩順行而至覺際入交名為等覺。	如 來 逆 流 如 是 菩 薩 順 行 而 至 覺 際 入 交 名 為 等 覺 
X13n0285_008:0347a09	言如來已證法性真流復從法性之中逆流而出	言 如 來 已 證 法 性 真 流 復 從 法 性 之 中 逆 流 而 出 
X13n0285_008:0347a10	同流九界以度眾生如是菩薩逆生死流順涅槃	同 流 九 界 以 度 眾 生 如 是 菩 薩 逆 生 死 流 順 涅 槃 
X13n0285_008:0347a11	流行至本覺源中一則從用歸體一則從體起用	流 行 至 本 覺 源 中 一 則 從 用 歸 體 一 則 從 體 起 用 
X13n0285_008:0347a12	譬如二人一方入門一方出門各各一足在內一	譬 如 二 人 一 方 入 門 一 方 出 門 各 各 一 足 在 內 一 
X13n0285_008:0347a13	足在外出入雖異體相並同故名為等覺也夫如	足 在 外 出 入 雖 異 體 相 並 同 故 名 為 等 覺 也 夫 如 
X13n0285_008:0347a14	來權智下垂機感名為寂照菩薩實智上合覺心	來 權 智 下 垂 機 感 名 為 寂 照 菩 薩 實 智 上 合 覺 心 
X13n0285_008:0347a15	名為照寂照寂寂照其義亦等所以自佛視之尚	名 為 照 寂 照 寂 寂 照 其 義 亦 等 所 以 自 佛 視 之 尚 
X13n0285_008:0347a16	名菩薩自下視之則已如佛也分證轉依號竟。	名 菩 薩 自 下 視 之 則 已 如 佛 也 分 證 轉 依 號 竟 
X13n0285_008:0347a17	四究竟轉依號。	四 究 竟 轉 依 號 
X13n0285_008:0347a18	阿難從乾慧心至等覺已是覺始獲金剛心中初乾	阿 難 從 乾 慧 心 至 等 覺 已 是 覺 始 獲 金 剛 心 中 初 乾 
X13n0285_008:0347a19	慧地如是重重單複十二方盡妙覺成無上道。	慧 地 如 是 重 重 單 複 十 二 方 盡 妙 覺 成 無 上 道 
X13n0285_008:0347a20	此言證等覺已仍須用彼金剛觀智重歷前來所	此 言 證 等 覺 已 仍 須 用 彼 金 剛 觀 智 重 歷 前 來 所 
X13n0285_008:0347a21	證諸位使彼見思塵沙無明一切習氣影子蕩盡	證 諸 位 使 彼 見 思 塵 沙 無 明 一 切 習 氣 影 子 蕩 盡 
X13n0285_008:0347a22	無餘乃成妙覺是故從初乾慧至此等覺此覺秪	無 餘 乃 成 妙 覺 是 故 從 初 乾 慧 至 此 等 覺 此 覺 秪 
X13n0285_008:0347a23	獲金剛心中初乾慧地從此金剛乾慧重歷信住	獲 金 剛 心 中 初 乾 慧 地 從 此 金 剛 乾 慧 重 歷 信 住 
X13n0285_008:0347a24	行向加行地等凡有兩重十二方盡妙覺而成無	行 向 加 行 地 等 凡 有 兩 重 十 二 方 盡 妙 覺 而 成 無 
X13n0285_008:0347b01	上道也言重重單複十二者始則一乾慧二十信	上 道 也 言 重 重 單 複 十 二 者 始 則 一 乾 慧 二 十 信 
X13n0285_008:0347b02	三十住四十行五十迴向六煖七頂八忍九世第	三 十 住 四 十 行 五 十 迴 向 六 煖 七 頂 八 忍 九 世 第 
X13n0285_008:0347b03	一十十地十一等覺十二金剛心是為單十二之	一 十 十 地 十 一 等 覺 十 二 金 剛 心 是 為 單 十 二 之 
X13n0285_008:0347b04	一重次則一金剛心中乾慧二金剛心中十信三	一 重 次 則 一 金 剛 心 中 乾 慧 二 金 剛 心 中 十 信 三 
X13n0285_008:0347b05	金剛心中十住乃至十二金剛心中之金剛後心	金 剛 心 中 十 住 乃 至 十 二 金 剛 心 中 之 金 剛 後 心 
X13n0285_008:0347b06	是為複十二之第二重如此歷盡單複兩重十二	是 為 複 十 二 之 第 二 重 如 此 歷 盡 單 複 兩 重 十 二 
X13n0285_008:0347b07	則無明正習永盡無餘更無所斷徹證本來心性	則 無 明 正 習 永 盡 無 餘 更 無 所 斷 徹 證 本 來 心 性 
X13n0285_008:0347b08	名為妙覺而成究竟轉依無上道也二別明諸位	名 為 妙 覺 而 成 究 竟 轉 依 無 上 道 也 二 別 明 諸 位 
X13n0285_008:0347b09	次為所轉之號竟。三合結諸位次由三行而成	次 為 所 轉 之 號 竟 三 合 結 諸 位 次 由 三 行 而 成 
X13n0285_008:0347b10	三初總以止觀結二正以三行結三復以邪正結。	三 初 總 以 止 觀 結 二 正 以 三 行 結 三 復 以 邪 正 結 
X13n0285_008:0347b11	今初。	今 初 
X13n0285_008:0347b12	是種種地皆以金剛觀察如幻十種深喻奢摩他中	是 種 種 地 皆 以 金 剛 觀 察 如 幻 十 種 深 喻 奢 摩 他 中 
X13n0285_008:0347b13	用諸如來毗婆舍那清淨修證漸次深入。	用 諸 如 來 毗 婆 舍 那 清 淨 修 證 漸 次 深 入 
X13n0285_008:0347b14	種種地者指乾慧地乃至妙覺地也金剛者喻能	種 種 地 者 指 乾 慧 地 乃 至 妙 覺 地 也 金 剛 者 喻 能 
X13n0285_008:0347b15	觀之智如幻者喻所觀之境一切觀智皆是稱性	觀 之 智 如 幻 者 喻 所 觀 之 境 一 切 觀 智 皆 是 稱 性 
X13n0285_008:0347b16	所起能壞一切不為一切所壞故名金剛一切境	所 起 能 壞 一 切 不 為 一 切 所 壞 故 名 金 剛 一 切 境 
X13n0285_008:0347b17	界皆是唯心所現非斷非常非空非有故名如幻	界 皆 是 唯 心 所 現 非 斷 非 常 非 空 非 有 故 名 如 幻 
X13n0285_008:0347b18	也十種深喻者一幻人二陽燄三水月四空華五	也 十 種 深 喻 者 一 幻 人 二 陽 燄 三 水 月 四 空 華 五 
X13n0285_008:0347b19	谷響六乾城七夢八影九像十化也然諸大乘經	谷 響 六 乾 城 七 夢 八 影 九 像 十 化 也 然 諸 大 乘 經 
X13n0285_008:0347b20	所列稍殊不必融會貴在得意而已又即如幻人	所 列 稍 殊 不 必 融 會 貴 在 得 意 而 已 又 即 如 幻 人 
X13n0285_008:0347b21	一喻通於四教若以正因緣生無我我所故名如	一 喻 通 於 四 教 若 以 正 因 緣 生 無我我所 故 名 如 
X13n0285_008:0347b22	幻是藏教意因緣即空故名如幻是通教意幻法	幻 是 藏 教 意 因 緣 即 空 故 名 如 幻 是 通 教 意 幻 法 
X13n0285_008:0347b23	不實隨心轉變假名無量是別教意幻即法界一	不 實 隨 心 轉 變 假 名 無 量 是 別 教 意 幻 即 法 界 一 
X13n0285_008:0347b24	切法趣幻幻即中道第一義諦不可思議是圓教	切 法 趣 幻 幻 即 中 道 第一義諦 不可思議 是 圓 教 
X13n0285_008:0347c01	意今正取圓教意故名深喻也奢摩他即是一心	意 今 正 取 圓 教 意 故 名 深 喻 也 奢 摩 他 即 是 一 心 
X13n0285_008:0347c02	三止毗婆舍那即是一心三觀言用諸如來毗婆	三 止 毗 婆 舍 那 即 是 一 心 三 觀 言 用 諸 如 來 毗 婆 
X13n0285_008:0347c03	舍那者正是全以果覺而為因心也全性起修全	舍 那 者 正 是 全 以 果 覺 而 為 因 心 也 全 性 起 修 全 
X13n0285_008:0347c04	性成證故名清淨修證即而常六故云漸次六而	性 成 證 故 名 清 淨 修 證 即 而 常 六 故 云 漸 次 六 而 
X13n0285_008:0347c05	常即故云深入斯則徹果通因總惟圓頓止觀乃	常 即 故 云 深 入 斯 則 徹 果 通 因 總 惟 圓 頓 止 觀 乃 
X13n0285_008:0347c06	有既弘此經復毀止觀譬如供養帝釋毀憍尸迦	有 既 弘 此 經 復 毀 止 觀 譬 如 供 養 帝 釋 毀 憍 尸 迦 
X13n0285_008:0347c07	其為愚惑亦已甚矣。二正以三行結。	其 為 愚 惑 亦 已 甚 矣 二 正 以 三 行 結 
X13n0285_008:0347c08	阿難如是皆以三增進故善能成就五十五位真菩	阿 難 如 是 皆 以 三 增 進 故 善 能 成 就 五 十 五 位 真 菩 
X13n0285_008:0347c09	提路。	提 路 
X13n0285_008:0347c10	三增進即前三種增進修行漸次也正助合行故	三 增 進 即 前 三 種 增 進 修 行 漸 次 也 正 助 合 行 故 
X13n0285_008:0347c11	能成就真菩提路言五十五位者十信十住十行	能 成 就 真 菩 提 路 言 五 十 五 位 者 十 信 十 住 十 行 
X13n0285_008:0347c12	十向四加行十地及等覺也始終皆以三增進故	十 向 四 加 行 十 地 及 等 覺 也 始 終 皆 以 三 增 進 故 
X13n0285_008:0347c13	而能成就則知三行不局初心明矣乾慧是路而	而 能 成 就 則 知 三 行 不 局 初 心 明 矣 乾 慧 是 路 而 
X13n0285_008:0347c14	非真妙覺是真而非路故不說之復次乾慧雖是	非 真 妙 覺 是 真 而 非 路 故 不 說 之 復 次 乾 慧 雖 是 
X13n0285_008:0347c15	所成而位在觀行兼有能成之功妙覺雖亦所成	所 成 而 位 在 觀 行 兼 有 能 成 之 功 妙 覺 雖 亦 所 成 
X13n0285_008:0347c16	而位在究竟并無所成之相故前文但曰方盡妙	而 位 在 究 竟 并 無 所 成 之 相 故 前 文 但 曰 方 盡 妙 
X13n0285_008:0347c17	覺以妙覺即是眾生本有之性今令徹底究竟而	覺 以 妙 覺 即 是 眾 生 本 有 之 性 今 令 徹 底 究 竟 而 
X13n0285_008:0347c18	已如達多之頭衣裡之珠本不曾失今何所得故	已 如 達 多 之 頭 衣 裡 之 珠 本 不 曾 失 今 何 所 得 故 
X13n0285_008:0347c19	下文又云圓滿菩提歸無所得也。三復以邪正	下 文 又 云 圓 滿 菩 提 歸 無 所 得 也 三 復 以 邪 正 
X13n0285_008:0347c20	結。	結 
X13n0285_008:0347c21	作是觀者名為正觀若他觀者名為邪觀。	作 是 觀 者 名 為 正 觀 若 他 觀 者 名 為 邪 觀 
X13n0285_008:0347c22	是觀即指如來毗婆舍那而言之也須以三事別	是 觀 即 指 如 來 毗 婆 舍 那 而 言 之 也 須 以 三 事 別 
X13n0285_008:0347c23	其邪正一者知圓頓止觀性修不二名之為正否	其 邪 正 一 者 知 圓 頓 止 觀 性 修 不 二 名 之 為 正 否 
X13n0285_008:0347c24	則為邪二者知六而常即不生退屈即而常六不	則 為 邪 二 者 知 六 而 常 即 不 生 退 屈 即 而 常 六 不 
X13n0285_008:0348a01	生增慢名之為正否則為邪三者知由三增進行	生 增 慢 名 之 為 正 否 則 為 邪 三 者 知 由 三 增 進 行 
X13n0285_008:0348a02	正助並修戒乘俱急名之為正否則為邪也大章	正 助 並 修 戒 乘 俱 急 名 之 為 正 否 則 為 邪 也 大 章 
X13n0285_008:0348a03	第三明正助行所成伏斷圓三德位竟。四結成	第 三 明 正 助 行 所 成 伏 斷 圓 三 德 位 竟 四 結 成 
X13n0285_008:0348a04	經名以彰圓體圓宗圓用二初文殊問二如來答。	經 名 以 彰 圓 體 圓 宗 圓 用 二 初 文 殊 問 二 如 來 答 
X13n0285_008:0348a05	今初。	今 初 
X13n0285_008:0348a06	爾時文殊師利法王子在大眾中即從座起頂禮佛	爾 時 文 殊 師 利 法 王 子 在 大 眾 中 即 從 座 起 頂 禮 佛 
X13n0285_008:0348a07	足而白佛言當何名是經我及眾生云何奉持。	足 而 白 佛 言 當 何 名 是 經 我 及 眾 生 云 何 奉 持 
X13n0285_008:0348a08	性修因果解行智斷既已全彰今欲攝別歸總以	性 修 因 果 解 行 智 斷 既 已 全 彰 今 欲 攝 別 歸 總 以 
X13n0285_008:0348a09	總挈別攝廣歸略以略得廣故請問經名及奉持	總 挈 別 攝 廣 歸 略 以 略 得 廣 故 請 問 經 名 及 奉 持 
X13n0285_008:0348a10	方法也然此圓頓教行理三自非根本實智不能	方 法 也 然 此 圓 頓 教 行 理 三 自 非 根 本 實 智 不 能 
X13n0285_008:0348a11	徹底承當故須文殊請問首問經名欲人尋名而	徹 底 承 當 故 須 文 殊 請 問 首 問 經 名 欲 人 尋 名 而 
X13n0285_008:0348a12	得體次問奉持欲人即體以成宗宗體既成便有	得 體 次 問 奉 持 欲 人 即 體 以 成 宗 宗 體 既 成 便 有 
X13n0285_008:0348a13	力用故知秪是問三法耳又名者總詮三法經者	力 用 故 知 秪 是 問 三 法 耳 又 名 者 總 詮 三 法 經 者 
X13n0285_008:0348a14	即指三法為經體是理經宗是行經用是教經奉	即 指 三 法 為 經 體 是 理 經 宗 是 行 經 用 是 教 經 奉 
X13n0285_008:0348a15	持者以此三法自行化他也。二如來答二初別	持 者 以 此 三 法 自 行 化 他 也 二 如 來 答 二 初 別 
X13n0285_008:0348a16	答五名二總答奉持。今初。	答 五 名 二 總 答 奉 持 今 初 
X13n0285_008:0348a17	佛告文殊師利是經名大佛頂悉怛多般怛羅無上	佛 告 文 殊 師 利 是 經 名 大 佛 頂 悉怛多般怛羅 無 上 
X13n0285_008:0348a18	寶印十方如來清淨海眼亦名救護親因度脫阿難	寶 印 十 方 如 來 清 淨 海 眼 亦 名 救 護 親 因 度 脫 阿 難 
X13n0285_008:0348a19	及此會中性比丘尼得菩提心入徧知海亦名如來	及 此 會 中 性 比 丘 尼 得 菩 提 心 入 徧 知 海 亦 名 如 來 
X13n0285_008:0348a20	密因修證了義亦名大方廣妙蓮華王十方佛母陀	密 因 修 證 了 義 亦 名 大 方 廣 妙 蓮 華 王 十 方 佛 母 陀 
X13n0285_008:0348a21	羅尼呪亦名灌頂章句諸菩薩萬行首楞嚴。	羅 尼 呪 亦 名 灌 頂 章 句 諸 菩 薩 萬 行 首 楞 嚴 
X13n0285_008:0348a22	初大佛頂三字從體立名顯密皆以大佛頂為體	初 大 佛 頂 三 字 從 體 立 名 顯 密 皆 以 大 佛 頂 為 體 
X13n0285_008:0348a23	也悉怛多般怛羅無上寶印者顯密皆以大佛頂	也 悉怛多般怛羅 無 上 寶 印 者 顯 密 皆 以 大 佛 頂 
X13n0285_008:0348a24	實相為印而意指密詮也十方如來清淨海眼者	實 相 為 印 而 意 指 密 詮 也 十 方 如 來 清 淨 海 眼 者 
X13n0285_008:0348b01	顯密皆是大佛頂性正法眼藏而意指顯說也次	顯 密 皆 是 大 佛 頂 性 正 法 眼 藏 而 意 指 顯 說 也 次 
X13n0285_008:0348b02	名救護親因者親因猶言親緣如此會中阿難為	名 救 護 親 因 者 親 因 猶 言 親 緣 如 此 會 中 阿 難 為 
X13n0285_008:0348b03	親登伽為因一切親因用此顯密二詮救之護之	親 登 伽 為 因 一 切 親 因 用 此 顯 密 二 詮 救 之 護 之 
X13n0285_008:0348b04	無不得蒙度脫必令得菩提心入徧知海而後已	無 不 得 蒙 度 脫 必 令 得 菩 提 心 入 徧 知 海 而 後 已 
X13n0285_008:0348b05	此從用立名也三名如來密因修證了義者以宗	此 從 用 立 名 也 三 名 如 來 密 因 修 證 了 義 者 以 宗 
X13n0285_008:0348b06	立名大佛頂性即是不生不滅真因因該果徹故	立 名 大 佛 頂 性 即 是 不生不滅 真 因 因 該 果 徹 故 
X13n0285_008:0348b07	名密因雖亦兼指密印般怛羅義而重在顯詮也	名 密 因 雖 亦 兼 指 密 印 般 怛 羅 義 而 重 在 顯 詮 也 
X13n0285_008:0348b08	四名大方廣妙蓮華王十方佛母陀羅尼呪者仍	四 名 大 方 廣 妙 蓮 華 王 十 方 佛 母 陀羅尼呪 者 仍 
X13n0285_008:0348b09	約體宗立名單指密詮大方廣即是大佛頂之異	約 體 宗 立 名 單 指 密 詮 大 方 廣 即 是 大 佛 頂 之 異 
X13n0285_008:0348b10	名亦是大白傘蓋異名此則約體妙蓮華王是因	名 亦 是 大 白 傘 蓋 異 名 此 則 約 體 妙 蓮 華 王 是 因 
X13n0285_008:0348b11	果同時義十方佛母是一乘因果義此則約宗雖	果 同 時 義 十 方 佛 母 是 一 乘 因 果 義 此 則 約 宗 雖 
X13n0285_008:0348b12	顯說中亦云妙蓮華金剛王寶覺如幻三摩提又	顯 說 中 亦 云 妙 蓮 華 金 剛 王 寶 覺 如 幻 三 摩 提 又 
X13n0285_008:0348b13	云金剛王如幻不思議佛母真三昧而重在密詮	云 金 剛 王 如 幻 不 思 議 佛 母 真 三 昧 而 重 在 密 詮 
X13n0285_008:0348b14	也五名灌頂章句諸菩薩萬行首楞嚴從用立名	也 五 名 灌 頂 章 句 諸 菩 薩 萬 行 首 楞 嚴 從 用 立 名 
X13n0285_008:0348b15	灌頂章句四字意指密詮之用所謂果上持此呪	灌 頂 章 句 四 字 意 指 密 詮 之 用 所 謂 果 上 持 此 呪 
X13n0285_008:0348b16	心能於十方摩頂授記因中持此呪心亦於十方	心 能 於 十 方 摩 頂 授 記 因 中 持 此 呪 心 亦 於 十 方 
X13n0285_008:0348b17	蒙佛授記也諸菩薩萬行首楞嚴一句意指顯詮	蒙 佛 授 記 也 諸 菩 薩 萬 行 首 楞 嚴 一 句 意 指 顯 詮 
X13n0285_008:0348b18	之用由悟陰入處界七大皆如來藏所以一心能	之 用 由 悟 陰 入 處 界 七 大 皆 如 來 藏 所 以 一 心 能 
X13n0285_008:0348b19	具萬行事事可證圓通也餘如玄義中釋。二總	具 萬 行 事 事 可 證 圓 通 也 餘 如 玄 義 中 釋 二 總 
X13n0285_008:0348b20	答奉持。	答 奉 持 
X13n0285_008:0348b21	汝當奉持。	汝 當 奉 持 
X13n0285_008:0348b22	奉持別無他法只是識取名下之義而會歸自己	奉 持 別 無 他 法 只 是 識 取 名 下 之 義 而 會 歸 自 己 
X13n0285_008:0348b23	耳然問中言我及眾生云何奉持今但答汝當奉	耳 然 問 中 言 我 及 眾 生 云 何 奉 持 今 但 答 汝 當 奉 
X13n0285_008:0348b24	持者正顯傳法之人應須以身設教汝能如法奉	持 者 正 顯 傳 法 之 人 應 須 以 身 設 教 汝 能 如 法 奉 
X13n0285_008:0348c01	持則一切眾生自當不令而行矣一日克己復禮	持 則 一 切 眾 生 自 當 不 令 而 行 矣 一 日 克 己 復 禮 
X13n0285_008:0348c02	天下歸仁末世弘經所當深思而力勉也大章第	天 下 歸 仁 末 世 弘 經 所 當 深 思 而 力 勉 也 大 章 第 
X13n0285_008:0348c03	四結經名竟。五借破戒惡法為問端而廣示七	四 結 經 名 竟 五 借 破 戒 惡 法 為 問 端 而 廣 示 七 
X13n0285_008:0348c04	趣差別意顯若無出世妙戒決無出世妙慧也三	趣 差 別 意 顯 若 無 出 世 妙 戒 決 無 出 世 妙 慧 也 三 
X13n0285_008:0348c05	惡道及阿修羅無木叉戒人仙欲天無有禪戒色	惡 道 及 阿 修 羅 無 木 叉 戒 人 仙 欲 天 無 有 禪 戒 色 
X13n0285_008:0348c06	無色天乏無漏戒無戒故無慧不出生死文分為	無 色 天 乏 無 漏 戒 無 戒 故 無 慧 不 出 生 死 文 分 為 
X13n0285_008:0348c07	二初申請二示答。初中二初經家敘葢二當機	二 初 申 請 二 示 答 初 中 二 初 經 家 敘 葢 二 當 機 
X13n0285_008:0348c08	正請。今初。	正 請 今 初 
X13n0285_008:0348c09	說是語已即時阿難及諸大眾得蒙如來開示密印	說 是 語 已 即 時 阿 難 及 諸 大 眾 得 蒙 如 來 開 示 密 印 
X13n0285_008:0348c10	般怛羅義兼聞此經了義名目頓悟禪那修進聖位	般 怛 羅 義 兼 聞 此 經 了 義 名 目 頓 悟 禪 那 修 進 聖 位 
X13n0285_008:0348c11	增上妙理心慮虗凝斷除三界修心六品微細煩惱。	增 上 妙 理 心 慮 虗 凝 斷 除 三 界 修 心 六 品 微 細 煩 惱 
X13n0285_008:0348c12	此之領益其來甚遠一則得蒙開示般怛羅義即	此 之 領 益 其 來 甚 遠 一 則 得 蒙 開 示 般 怛 羅 義 即 
X13n0285_008:0348c13	是前文重宣神呪述益勸持二則懸示修進聖位	是 前 文 重 宣 神 呪 述 益 勸 持 二 則 懸 示 修 進 聖 位 
X13n0285_008:0348c14	即是能立三種增進所立五十七位三乃兼聞了	即 是 能 立 三 種 增 進 所 立 五 十 七 位 三 乃 兼 聞 了 
X13n0285_008:0348c15	義名目也禪那此云靜慮即正觀之異名前文所	義 名 目 也 禪 那 此 云 靜 慮 即 正 觀 之 異 名 前 文 所 
X13n0285_008:0348c16	謂奢摩他中用諸如來毗婆舍那清淨修證是也	謂 奢 摩 他 中 用 諸 如 來 毗 婆 舍 那 清 淨 修 證 是 也 
X13n0285_008:0348c17	虗凝者觀無沉滯故虗止無散動故凝聞法之力	虗 凝 者 觀 無 沉 滯 故 虗 止 無 散 動 故 凝 聞 法 之 力 
X13n0285_008:0348c18	資其定慧故也三界修心所斷煩惱共有八十一	資 其 定 慧 故 也 三 界 修 心 所 斷 煩 惱 共 有 八 十 一 
X13n0285_008:0348c19	品今阿難且斷欲界六品煩惱證於第二斯陀含	品 今 阿 難 且 斷 欲 界 六 品 煩 惱 證 於 第 二 斯 陀 含 
X13n0285_008:0348c20	果此約迹言之也。二當機正請二初讚謝二陳	果 此 約 迹 言 之 也 二 當 機 正 請 二 初 讚 謝 二 陳 
X13n0285_008:0348c21	疑。今初。	疑 今 初 
X13n0285_008:0348c22	即從座起頂禮佛足合掌恭敬而白佛言大威德世	即 從 座 起 頂禮佛足 合掌恭敬 而 白 佛 言 大 威 德 世 
X13n0285_008:0348c23	尊慈音無遮善開眾生微細沉惑令我今日身心快	尊 慈 音 無 遮 善 開 眾 生 微 細 沉 惑 令 我 今 日 身 心 快 
X13n0285_008:0348c24	然得大饒益。	然 得 大 饒 益 
X13n0285_008:0349a01	二陳疑三初總疑真不容妄二別疑地獄同別三	二 陳 疑 三 初 總 疑 真 不 容 妄 二 別 疑 地 獄 同 別 三 
X13n0285_008:0349a02	結請決定開示此是阿難同體大悲懸見末世之	結 請 決 定 開 示 此 是 阿 難 同 體 大 悲 懸 見 末 世 之 
X13n0285_008:0349a03	中有妄執圓常之理謂天堂地獄總一真常而不	中 有 妄 執 圓 常 之 理 謂 天 堂 地 獄 總 一 真 常 而 不 
X13n0285_008:0349a04	畏惡道者有妄計法空之名而硬作主宰撥無因	畏 惡 道 者 有 妄 計 法 空 之 名 而 硬 作 主 宰 撥 無 因 
X13n0285_008:0349a05	果者有彷彿心淨土淨之說而直云地獄無定處	果 者 有 彷 彿 心 淨 土 淨 之 說 而 直 云 地 獄 無 定 處 
X13n0285_008:0349a06	者有但見地獄等各有定處執為究竟實有而不	者 有 但 見 地 獄 等 各 有 定 處 執 為 究 竟 實 有 而 不 
X13n0285_008:0349a07	達惟心者故致此問使行人解行並進不墮迷網	達 惟 心 者 故 致 此 問 使 行 人 解 行 並 進 不 墮 迷 網 
X13n0285_008:0349a08	亦扶律談常之極思也。初總疑真不容妄。	亦 扶 律 談 常 之 極 思 也 初 總 疑 真 不 容 妄 
X13n0285_008:0349a09	世尊若此妙明真淨妙心本來徧圓如是乃至大地	世 尊 若 此 妙 明 真 淨 妙 心 本 來 徧 圓 如 是 乃 至 大 地 
X13n0285_008:0349a10	草木蝡動含靈本元真如即是如來成佛真體佛體	草 木 蝡 動 含 靈 本 元 真 如 即 是 如 來 成 佛 真 體 佛 體 
X13n0285_008:0349a11	真實云何復有地獄餓鬼畜生修羅人天等道世尊	真 實 云 何 復 有 地 獄 餓 鬼 畜 生 修 羅 人 天 等 道 世 尊 
X13n0285_008:0349a12	此道為復本來自有為是眾生妄習生起。	此 道 為 復 本 來 自 有 為 是 眾 生 妄 習 生 起 
X13n0285_008:0349a13	此雖總疑真不容妄然與第四卷中滿慈所問理	此 雖 總 疑 真 不 容 妄 然 與 第 四 卷 中 滿 慈 所 問 理 
X13n0285_008:0349a14	違事難其意不同滿慈是從陰入處界文中躡成	違 事 難 其 意 不 同 滿 慈 是 從 陰 入 處 界 文 中 躡 成 
X13n0285_008:0349a15	難端意謂如來藏性不應忽生諸有為相故佛須	難 端 意 謂 如 來 藏 性 不 應 忽 生 諸 有 為 相 故 佛 須 
X13n0285_008:0349a16	以迷真成妄妄本不生答之今文是領二種轉依	以 迷 真 成 妄 妄 本 不 生 答 之 今 文 是 領 二 種 轉 依 
X13n0285_008:0349a17	道理重辨性具法門倘一轉一切轉則佛體不容	道 理 重 辨 性 具 法 門 倘 一 轉 一 切 轉 則 佛 體 不 容 
X13n0285_008:0349a18	更有六道倘一心本具十種法界則六道當與佛	更 有 六 道 倘 一 心 本 具 十 種 法 界 則 六 道 當 與 佛 
X13n0285_008:0349a19	界並驅故佛須以妄想發生非本來有乃至汝妄	界 並 驅 故 佛 須 以 妄 想 發 生 非 本 來 有 乃 至 汝 妄 
X13n0285_008:0349a20	自造非菩提咎答之文中若此妙明至本來徧圓	自 造 非 菩 提 咎 答 之 文 中 若 此 妙 明 至 本 來 徧 圓 
X13n0285_008:0349a21	領前妙性圓明離諸名相而言之也本元真如即	領 前 妙 性 圓 明 離 諸 名 相 而 言 之 也 本 元 真 如 即 
X13n0285_008:0349a22	是如來成佛真體領前滅妄名真二轉依號而言	是 如 來 成 佛 真 體 領 前 滅 妄 名 真 二 轉 依 號 而 言 
X13n0285_008:0349a23	之也此道為復本來自有句結成佛體真實云何	之 也 此 道 為 復 本 來 自 有 句 結 成 佛 體 真 實 云 何 
X13n0285_008:0349a24	復有六道之難也為是眾生妄習生起句含下有	復 有 六 道 之 難 也 為 是 眾 生 妄 習 生 起 句 含 下 有 
X13n0285_008:0349b01	定處各私受之兩疑而問之也。二別疑地獄同	定 處 各 私 受 之 兩 疑 而 問 之 也 二 別 疑 地 獄 同 
X13n0285_008:0349b02	別。	別 
X13n0285_008:0349b03	世尊如寶蓮香比丘尼持菩薩戒私行婬欲妄言行	世 尊 如 寶 蓮 香 比 丘 尼 持 菩 薩 戒 私 行 婬 欲 妄 言 行 
X13n0285_008:0349b04	婬非殺非偷無有業報發是語已先於女根生大猛	婬 非 殺 非 偷 無 有 業 報 發 是 語 已 先 於 女 根 生 大 猛 
X13n0285_008:0349b05	火後於節節猛火燒然墮無間獄瑠璃大王善星比	火 後 於 節 節 猛 火 燒 然 墮 無 間 獄 瑠 璃 大 王 善 星 比 
X13n0285_008:0349b06	丘瑠璃為誅瞿曇族姓善星妄說一切法空生身陷	丘 瑠 璃 為 誅 瞿 曇 族 姓 善 星 妄 說 一切法空 生 身 陷 
X13n0285_008:0349b07	入阿鼻地獄此諸地獄為有定處為復自然彼彼發	入 阿鼻地獄 此 諸 地 獄 為 有 定 處 為 復 自 然 彼 彼 發 
X13n0285_008:0349b08	業各各私受。	業 各 各 私 受 
X13n0285_008:0349b09	此別舉現事以為問端正欲顯示惟心業果警三	此 別 舉 現 事 以 為 問 端 正 欲 顯 示 惟 心 業 果 警 三 
X13n0285_008:0349b10	界之沉迷也寶蓮香私行婬欲則是破戒妄言無	界 之 沉 迷 也 寶 蓮 香 私 行 婬 欲 則 是 破 戒 妄 言 無 
X13n0285_008:0349b11	報則是破見戒見俱破直墮何疑瑠璃癈父自立	報 則 是 破 見 戒 見 俱 破 直 墮 何 疑 瑠 璃 癈 父 自 立 
X13n0285_008:0349b12	誅瞿曇族姓以報一言之辱既非有戒可破亦非	誅 瞿 曇 族 姓 以 報 一 言 之 辱 既 非 有 戒 可 破 亦 非 
X13n0285_008:0349b13	撥無因果秪由瞋恚增上而招地獄善星妄說法	撥無因果 秪 由 瞋 恚 增 上 而 招 地 獄 善 星 妄 說 法 
X13n0285_008:0349b14	空則是破見雖未破戒亦復同墮此諸地獄明知	空 則 是 破 見 雖 未 破 戒 亦 復 同 墮 此 諸 地 獄 明 知 
X13n0285_008:0349b15	皆是妄習生起但未知其有定處耶各私受耶各	皆 是 妄 習 生 起 但 未 知 其 有 定 處 耶 各 私 受 耶 各 
X13n0285_008:0349b16	各私受即是無定處也此雖單問地獄定處之有	各 私 受 即 是 無 定 處 也 此 雖 單 問 地 獄 定 處 之 有 
X13n0285_008:0349b17	無意實兼問六道下文答以雖則自招兼有元地	無 意 實 兼 問 六 道 下 文 答 以 雖 則 自 招 兼 有 元 地 
X13n0285_008:0349b18	雖有定處惟屬浮虗妄想凝結則三界惟心之義	雖 有 定 處 惟 屬 浮 虗 妄 想 凝 結 則 三 界 惟 心 之 義 
X13n0285_008:0349b19	益彰明矣。三結請決定開示。	益 彰 明 矣 三 結 請 決 定 開 示 
X13n0285_008:0349b20	惟垂大慈開發童蒙令諸一切持戒眾生聞決定義	惟 垂 大 慈 開 發 童 蒙 令 諸 一 切 持 戒 眾 生 聞 決 定 義 
X13n0285_008:0349b21	歡喜頂戴謹潔無犯。	歡 喜 頂 戴 謹 潔 無 犯 
X13n0285_008:0349b22	觀此結問知其意在扶律矣。二示答二初讚許	觀 此 結 問 知 其 意 在 扶 律 矣 二 示 答 二 初 讚 許 
X13n0285_008:0349b23	二正說。今初。	二 正 說 今 初 
X13n0285_008:0349b24	佛告阿難快哉此問令諸眾生不入邪見汝今諦聽	佛 告 阿 難 快 哉 此 問 令 諸 眾 生 不 入 邪 見 汝 今 諦 聽 
X13n0285_008:0349c01	當為汝說。	當 為 汝 說 
X13n0285_008:0349c02	妄謂六道是本來有而不可滅此是邪見妄謂六	妄 謂 六 道 是 本 來 有 而 不 可 滅 此 是 邪 見 妄 謂 六 
X13n0285_008:0349c03	道即是性真而不須滅此亦邪見妄謂六道惟心	道 即 是 性 真 而 不 須 滅 此 亦 邪 見 妄 謂 六 道 惟 心 
X13n0285_008:0349c04	而無定處此是邪見妄謂六道有定處而非惟心	而 無 定 處 此 是 邪 見 妄 謂 六 道 有 定 處 而 非 惟 心 
X13n0285_008:0349c05	此亦邪見妄謂業性即空而不受報此是邪見妄	此 亦 邪 見 妄 謂 業 性 即 空 而 不 受 報 此 是 邪 見 妄 
X13n0285_008:0349c06	謂業障有實而不可轉此亦邪見今由此問重為	謂 業 障 有 實 而 不 可 轉 此 亦 邪 見 今 由 此 問 重 為 
X13n0285_008:0349c07	開示俾知六道皆是妄想凝結非本來有則知即	開 示 俾 知 六 道 皆 是 妄 想 凝 結 非 本 來 有 則 知 即 
X13n0285_008:0349c08	性空成性具即性具是性空不入初二邪見俾知	性 空 成 性 具 即 性 具 是 性 空 不 入 初 二 邪 見 俾 知 
X13n0285_008:0349c09	自妄所招兼有元地則知惟心三界三界惟心不	自 妄 所 招 兼 有 元 地 則 知 惟 心 三 界 三 界 惟 心 不 
X13n0285_008:0349c10	入次二邪見俾知妙發三昧永除三惑方能證妙	入 次 二 邪 見 俾 知 妙 發 三 昧 永 除 三 惑 方 能 證 妙 
X13n0285_008:0349c11	寂常則知無我無造無受者善惡之業亦不亡若	寂 常 則 知 無 我 無 造 無 受 者 善 惡 之 業 亦 不 亡 若 
X13n0285_008:0349c12	能畢故不造新滅障猶如翻大地不入後二邪見	能 畢 故 不 造 新 滅 障 猶 如 翻 大 地 不 入 後 二 邪 見 
X13n0285_008:0349c13	故稱快哉此問也。二正說三初總明二分二別	故 稱 快 哉 此 問 也 二 正 說 三 初 總 明 二 分 二 別 
X13n0285_008:0349c14	示七趣三結示勸修。初中三初約迷真雙標二	示 七 趣 三 結 示 勸 修 初 中 三 初 約 迷 真 雙 標 二 
X13n0285_008:0349c15	約情想別示三明純雜昇沉。今初。	約 情 想 別 示 三 明 純 雜 昇 沉 今 初 
X13n0285_008:0349c16	阿難一切眾生實本真淨因彼妄見有妄習生因此	阿 難 一 切 眾 生 實 本 真 淨 因 彼 妄 見 有 妄 習 生 因 此 
X13n0285_008:0349c17	分開內分外分。	分 開 內 分 外 分 
X13n0285_008:0349c18	內外二分止就眾生現在迷妄身心辨之尅實不	內 外 二 分 止 就 眾 生 現 在 迷 妄 身 心 辨 之 尅 實 不 
X13n0285_008:0349c19	過善惡二業而以惡為內分者猶律中所謂俗人	過 善惡二業 而 以 惡 為 內 分 者 猶 律 中 所 謂 俗 人 
X13n0285_008:0349c20	造罪是其分內也夫內分外分秪因妄習妄習秖	造 罪 是 其 分 內 也 夫 內 分 外 分 秪 因 妄 習 妄 習 秖 
X13n0285_008:0349c21	因妄見妄見更無所因若有所因云何名妄故知	因 妄 見 妄 見 更 無 所 因 若 有 所 因 云 何 名 妄 故 知 
X13n0285_008:0349c22	狂華亂舞空體依然妄習紛紜實本真淨矣。二	狂 華 亂 舞 空 體 依 然 妄 習 紛 紜 實 本 真 淨 矣 二 
X13n0285_008:0349c23	約情想別示。	約 情 想 別 示 
X13n0285_008:0349c24	阿難內分即是眾生分內因諸愛染發起妄情情積	阿 難 內 分 即 是 眾 生 分 內 因 諸 愛 染 發 起 妄 情 情 積 
X13n0285_008:0350a01	不休能生愛水是故眾生心憶珍羞口中水出心憶	不 休 能 生 愛 水 是 故 眾 生 心 憶 珍 羞 口 中 水 出 心 憶 
X13n0285_008:0350a02	前人或憐或恨目中淚盈貪求財寶心發愛涎舉體	前 人 或 憐 或 恨 目 中 淚 盈 貪 求 財 寶 心 發 愛 涎 舉 體 
X13n0285_008:0350a03	光潤心著行婬男女二根自然流液阿難諸愛雖別	光 潤 心 著 行 婬 男 女 二 根 自 然 流 液 阿 難 諸 愛 雖 別 
X13n0285_008:0350a04	流結是同潤濕不升自然從墜此名內分阿難外分	流 結 是 同 潤 濕 不 升 自 然 從 墜 此 名 內 分 阿 難 外 分 
X13n0285_008:0350a05	即是眾生分外因諸渴仰發明虗想想積不休能生	即 是 眾 生 分 外 因 諸 渴 仰 發 明 虗 想 想 積 不 休 能 生 
X13n0285_008:0350a06	勝氣是故眾生心持禁戒舉身輕清心持呪印顧盻	勝 氣 是 故 眾 生 心 持 禁 戒 舉 身 輕 清 心 持 呪 印 顧 盻 
X13n0285_008:0350a07	雄毅心欲生天夢想飛舉心存佛國聖境冥現事善	雄 毅 心 欲 生 天 夢 想 飛 舉 心 存 佛 國 聖 境 冥 現 事 善 
X13n0285_008:0350a08	知識自輕身命阿難諸想雖別輕舉是同飛動不沉	知 識 自 輕 身 命 阿 難 諸 想 雖 別 輕 舉 是 同 飛 動 不 沉 
X13n0285_008:0350a09	自然超越此名外分。	自 然 超 越 此 名 外 分 
X13n0285_008:0350a10	眾生全體在迷故以愛染惡情為分內渴仰善想	眾 生 全 體 在 迷 故 以 愛 染 惡 情 為 分 內 渴 仰 善 想 
X13n0285_008:0350a11	為外分也文皆可知。三明純雜昇沉二初正明	為 外 分 也 文 皆 可 知 三 明 純 雜 昇 沉 二 初 正 明 
X13n0285_008:0350a12	昇沉二結答同別。今初。	昇 沉 二 結 答 同 別 今 初 
X13n0285_008:0350a13	阿難一切世間生死相續生從順習死從變流臨命	阿 難 一切世間 生 死 相 續 生 從 順 習 死 從 變 流 臨 命 
X13n0285_008:0350a14	終時未捨煖觸一生善惡俱時頓現死逆生順二習	終 時 未 捨 煖 觸 一 生 善 惡 俱 時 頓 現 死 逆 生 順 二 習 
X13n0285_008:0350a15	相交純想即飛必生天上若飛心中兼福兼慧及與	相 交 純 想 即 飛 必 生 天 上 若 飛 心 中 兼 福 兼 慧 及 與 
X13n0285_008:0350a16	淨願自然心開見十方佛一切淨土隨願往生情少	淨 願 自 然 心 開 見 十 方 佛 一 切 淨 土 隨 願 往 生 情 少 
X13n0285_008:0350a17	想多輕舉非遠即為飛仙大力鬼王飛行夜叉地行	想 多 輕 舉 非 遠 即 為 飛 仙 大 力 鬼 王 飛 行 夜 叉 地 行 
X13n0285_008:0350a18	羅剎遊於四天所去無礙其中若有善願善心護持	羅 剎 遊 於 四 天 所 去 無 礙 其 中 若 有 善 願 善 心 護 持 
X13n0285_008:0350a19	我法或護禁戒隨持戒人或護神呪隨持呪者或護	我 法 或 護 禁 戒 隨 持 戒 人 或 護 神 呪 隨 持 呪 者 或 護 
X13n0285_008:0350a20	禪定保綏法忍是等親住如來座下情想均等不飛	禪 定 保 綏 法 忍 是 等 親 住 如 來 座 下 情 想 均 等 不 飛 
X13n0285_008:0350a21	不墜生於人間想明斯聰情幽斯鈍情多想少流入	不 墜 生 於 人 間 想 明 斯 聰 情 幽 斯 鈍 情 多 想 少 流 入 
X13n0285_008:0350a22	橫生重為毛羣輕為羽族七情三想沉下水輪生於	橫 生 重 為 毛 羣 輕 為 羽 族 七 情 三 想 沉 下 水 輪 生 於 
X13n0285_008:0350a23	火際受氣猛火身為餓鬼常被焚燒水能害己無食	火 際 受 氣 猛 火 身 為 餓 鬼 常 被 焚 燒 水 能 害 己 無 食 
X13n0285_008:0350a24	無飲經百千劫九情一想下洞火輪身入風火二交	無 飲 經 百 千 劫 九 情 一 想 下 洞 火 輪 身 入 風 火 二 交 
X13n0285_008:0350b01	過地輕生有間重生無間二種地獄純情即沉入阿	過 地 輕 生 有 間 重 生 無 間 二 種 地 獄 純 情 即 沉 入 阿 
X13n0285_008:0350b02	鼻獄若沉心中有謗大乘毀佛禁戒誑妄說法虗貪	鼻 獄 若 沉 心 中 有 謗 大 乘 毀 佛 禁 戒 誑 妄 說 法 虗 貪 
X13n0285_008:0350b03	信施濫膺恭敬五逆十重更生十方阿鼻地獄。	信 施 濫 膺 恭 敬 五 逆 十 重 更 生 十 方 阿鼻地獄 
X13n0285_008:0350b04	生從順習者因惑起業各順其習氣也死從變流	生 從 順 習 者 因 惑 起 業 各 順 其 習 氣 也 死 從 變 流 
X13n0285_008:0350b05	者隨業受報總不能自主也死逆生順二習相交	者 隨 業 受 報 總 不 能 自 主 也 死 逆 生 順 二 習 相 交 
X13n0285_008:0350b06	者人當臨命終時則死從變流之境與生從順習	者 人 當 臨命終時 則 死 從 變 流 之 境 與 生 從 順 習 
X13n0285_008:0350b07	之事如此二習當下交現隨其善惡業力牽生毫	之 事 如 此 二 習 當 下 交 現 隨 其 善 惡 業 力 牽 生 毫 
X13n0285_008:0350b08	髮不爽也純想但是上品十善福則出世戒定慧	髮 不 爽 也 純 想 但 是 上 品 十 善 福 則 出 世 戒 定 慧 
X13n0285_008:0350b09	則出世智慧淨願則出世四弘及往生諸願等故	則 出 世 智 慧 淨 願 則 出 世 四 弘 及 往 生 諸 願 等 故 
X13n0285_008:0350b10	乘此純想善力而得心開見佛隨願往生也九想	乘 此 純 想 善 力 而 得 心 開 見 佛 隨 願 往 生 也 九 想 
X13n0285_008:0350b11	一情為飛仙八想二情為大力鬼王七想三情為	一 情 為 飛 仙 八 想 二 情 為 大 力 鬼 王 七 想 三 情 為 
X13n0285_008:0350b12	飛行夜叉六想四情為地行羅剎此皆善神種族	飛 行 夜 叉 六 想 四 情 為 地 行 羅 剎 此 皆 善 神 種 族 
X13n0285_008:0350b13	諸天流亞若加以善願善心則成護法八部眾矣	諸 天 流 亞 若 加 以 善 願 善 心 則 成 護 法 八 部 眾 矣 
X13n0285_008:0350b14	情想均等是人道總報之業就均等中或想為其	情 想 均 等 是 人 道 總 報 之 業 就 均 等 中 或 想 為 其 
X13n0285_008:0350b15	主則明且聰或情為其主則幽且暗乃人道別報	主 則 明 且 聰 或 情 為 其 主 則 幽 且 暗 乃 人 道 別 報 
X13n0285_008:0350b16	之業也情多想少謂六情四想就六情中復分重	之 業 也 情 多 想 少 謂 六 情 四 想 就 六 情 中 復 分 重 
X13n0285_008:0350b17	輕重為毛羣足不離地輕為羽族仍能飛舉也水	輕 重 為 毛 羣 足 不 離 地 輕 為 羽 族 仍 能 飛 舉 也 水 
X13n0285_008:0350b18	能害己者縱得水時變成烊銅沸屎等也輕生有	能 害 己 者 縱 得 水 時 變 成 烊 銅 沸 屎 等 也 輕 生 有 
X13n0285_008:0350b19	間意指八情二想重生無間正指九情一想純情	間 意 指 八 情 二 想 重 生 無 間 正 指 九 情 一 想 純 情 
X13n0285_008:0350b20	沉入阿鼻正與純想必生天上為匹是故阿鼻地	沉 入 阿 鼻 正 與 純 想 必 生 天 上 為 匹 是 故 阿 鼻 地 
X13n0285_008:0350b21	獄壽量亦與他化自在天同若沉心中兼有謗經	獄 壽 量 亦 與 他化自在天 同 若 沉 心 中 兼 有 謗 經 
X13n0285_008:0350b22	毀戒諸惡正與福慧淨願相反是故更生十方阿	毀 戒 諸 惡 正 與 福 慧 淨 願 相 反 是 故 更 生 十 方 阿 
X13n0285_008:0350b23	鼻亦與往生淨土者相對也是知善惡業力俱不	鼻 亦 與 往 生 淨 土 者 相 對 也 是 知 善 惡 業 力 俱 不 
X13n0285_008:0350b24	思議如鑄像鑄兵同一金質同一人工同一器具	思 議 如 鑄 像 鑄 兵 同 一 金 質 同 一 人 工 同 一 器 具 
X13n0285_008:0350c01	倘轉此一點關棙則十方阿鼻便成十方淨土矣	倘 轉 此 一 點 關 棙 則 十 方 阿 鼻 便 成 十 方 淨 土 矣 
X13n0285_008:0350c02	央掘廣額誠證具在如何弗思。二結答同別。	央 掘 廣 額 誠 證 具 在 如 何 弗 思 二 結 答 同 別 
X13n0285_008:0350c03	循造惡業雖則自招眾同分中兼有元地。	循 造 惡 業 雖 則 自 招 眾 同 分 中 兼 有 元 地 
X13n0285_008:0350c04	言循業自招可見非本來有言同分有地可見非	言 循 業 自 招 可 見 非 本 來 有 言 同 分 有 地 可 見 非 
X13n0285_008:0350c05	無定處此隨文便具結惡業若天趣等則應云循	無 定 處 此 隨 文 便 具 結 惡 業 若 天 趣 等 則 應 云 循 
X13n0285_008:0350c06	造善業雖則自招眾同分中兼有元地矣。二別	造 善 業 雖 則 自 招 眾 同 分 中 兼 有 元 地 矣 二 別 
X13n0285_008:0350c07	示七趣即為七初示地獄趣(至)七示修羅趣。初	示 七 趣 即 為 七 初 示 地 獄 趣 至 七 示 修 羅 趣 初 
X13n0285_008:0350c08	中三初總標二別釋三總結。今初。	中 三 初 總 標 二 別 釋 三 總 結 今 初 
X13n0285_008:0350c09	阿難此等皆是彼諸眾生自業所感造十習因受六	阿 難 此 等 皆 是 彼 諸 眾 生 自 業 所 感 造 十 習 因 受 六 
X13n0285_008:0350c10	交報。	交 報 
X13n0285_008:0350c11	此等二字牒上地獄而言之也自業所感所謂非	此 等 二 字 牒 上 地 獄 而 言 之 也 自 業 所 感 所 謂 非 
X13n0285_008:0350c12	從天降非從地生亦非人與亦非無因妄招果也。	從 天 降 非 從 地 生 亦 非 人 與 亦 非 無 因 妄 招 果 也 
X13n0285_008:0350c13	二別釋二初明十因二明六報。今初。	二 別 釋 二 初 明 十 因 二 明 六 報 今 初 
X13n0285_008:0350c14	云何十因阿難一者婬習交接發於相磨研磨不休	云 何 十 因 阿 難 一 者 婬 習 交 接 發 於 相 磨 研 磨 不 休 
X13n0285_008:0350c15	如是故有大猛火光於中發動如人以手自相摩觸	如 是 故 有 大 猛 火 光 於 中 發 動 如 人 以 手 自 相 摩 觸 
X13n0285_008:0350c16	煖相現前二習相然故有鐵床銅柱諸事是故十方	煖 相 現 前 二 習 相 然 故 有 鐵 床 銅 柱 諸 事 是 故 十 方 
X13n0285_008:0350c17	一切如來色目行婬同名欲火菩薩見欲如避火坑	一 切 如 來 色 目 行 婬 同 名 欲 火 菩 薩 見 欲 如 避 火 坑 
X13n0285_008:0350c18	二者貪習交計發於相吸吸攬不止如是故有積寒	二 者 貪 習 交 計 發 於 相 吸 吸 攬 不 止 如 是 故 有 積 寒 
X13n0285_008:0350c19	堅氷於中凍冽如人以口吸縮風氣有冷觸生二習	堅 氷 於 中 凍 冽 如 人 以 口 吸 縮 風 氣 有 冷 觸 生 二 習 
X13n0285_008:0350c20	相陵故有吒吒波波羅羅青赤白蓮寒氷等事是故	相 陵 故 有 吒 吒 波 波 羅 羅 青 赤 白 蓮 寒 氷 等 事 是 故 
X13n0285_008:0350c21	十方一切如來色目多求同名貪水菩薩見貪如避	十 方 一 切 如 來 色 目 多 求 同 名 貪 水 菩 薩 見 貪 如 避 
X13n0285_008:0350c22	瘴海三者慢習交陵發於相恃馳流不息如是故有	瘴 海 三 者 慢 習 交 陵 發 於 相 恃 馳 流 不 息 如 是 故 有 
X13n0285_008:0350c23	騰逸奔波積波為水如人口舌自相綿味因而水發	騰 逸 奔 波 積 波 為 水 如 人 口 舌 自 相 綿 味 因 而 水 發 
X13n0285_008:0350c24	二習相皷故有血河灰河熱沙毒海融銅灌吞諸事	二 習 相 皷 故 有 血 河 灰 河 熱 沙 毒 海 融 銅 灌 吞 諸 事 
X13n0285_008:0351a01	是故十方一切如來色目我慢名飲癡水菩薩見慢	是 故 十 方 一 切 如 來 色 目 我 慢 名 飲 癡 水 菩 薩 見 慢 
X13n0285_008:0351a02	如避巨溺四者瞋習交衝發於相忤忤結不息心熱	如 避 巨 溺 四 者 瞋 習 交 衝 發 於 相 忤 忤 結 不 息 心 熱 
X13n0285_008:0351a03	發火鑄氣為金如是故有刀山鐵橛劍樹劍輪斧鉞	發 火 鑄 氣 為 金 如 是 故 有 刀 山 鐵 橛 劍 樹 劍 輪 斧 鉞 
X13n0285_008:0351a04	鎗鋸如人[銜金+缶]冤殺氣飛動二習相擊故有宮割斬斫	鎗 鋸 如 人 [銜金缶] 冤 殺 氣 飛 動 二 習 相 擊 故 有 宮 割 斬 斫 
X13n0285_008:0351a05	剉刺槌擊諸事是故十方一切如來色目瞋恚名利	剉 刺 槌 擊 諸 事 是 故 十 方 一 切 如 來 色 目 瞋 恚 名 利 
X13n0285_008:0351a06	刀劍菩薩見瞋如避誅戮五者詐習交誘發於相調	刀 劍 菩 薩 見 瞋 如 避 誅 戮 五 者 詐 習 交 誘 發 於 相 調 
X13n0285_008:0351a07	引起不住如是故有繩木絞校如水浸田草木生長	引 起 不 住 如 是 故 有 繩 木 絞 校 如 水 浸 田 草 木 生 長 
X13n0285_008:0351a08	二習相延故有杻械枷鎻鞭杖撾棒諸事是故十方	二 習 相 延 故 有 杻 械 枷 鎻 鞭 杖 撾 棒 諸 事 是 故 十 方 
X13n0285_008:0351a09	一切如來色目奸偽同名讒賊菩薩見詐如畏豺狼	一 切 如 來 色 目 奸 偽 同 名 讒 賊 菩 薩 見 詐 如 畏 豺 狼 
X13n0285_008:0351a10	六者誑習交欺發於相罔語罔不止飛心造姦如是	六 者 誑 習 交 欺 發 於 相 罔 語 罔 不 止 飛 心 造 姦 如 是 
X13n0285_008:0351a11	故有塵土屎尿穢汙不淨如塵隨風各無所見二習	故 有 塵 土 屎 尿 穢 汙 不 淨 如 塵 隨 風 各 無 所 見 二 習 
X13n0285_008:0351a12	相加故有沒溺騰擲飛墜漂淪諸事是故十方一切	相 加 故 有 沒 溺 騰 擲 飛 墜 漂 淪 諸 事 是 故 十 方 一 切 
X13n0285_008:0351a13	如來色目欺誑同名劫殺菩薩見誑如踐蛇虺七者	如 來 色 目 欺 誑 同 名 劫 殺 菩 薩 見 誑 如 踐 蛇 虺 七 者 
X13n0285_008:0351a14	怨習交嫌發於[銜金+缶]恨如是故有飛石投礰匣貯車檻	怨 習 交 嫌 發 於 [銜金缶] 恨 如 是 故 有 飛 石 投 礰 匣 貯 車 檻 
X13n0285_008:0351a15	甕盛囊撲如陰毒人懷抱畜惡二習相吞故有投擲	甕 盛 囊 撲 如 陰 毒 人 懷 抱 畜 惡 二 習 相 吞 故 有 投 擲 
X13n0285_008:0351a16	擒捉擊射拋撮諸事是故十方一切如來色目怨家	擒 捉 擊 射 拋 撮 諸 事 是 故 十 方 一 切 如 來 色 目 怨 家 
X13n0285_008:0351a17	名違害鬼菩薩見怨如飲鴆酒八者見習交明如薩	名 違 害 鬼 菩 薩 見 怨 如 飲 鴆 酒 八 者 見 習 交 明 如 薩 
X13n0285_008:0351a18	迦耶見戒禁取邪悟諸業發於違拒出生相反如是	迦 耶 見 戒 禁 取 邪 悟 諸 業 發 於 違 拒 出 生 相 反 如 是 
X13n0285_008:0351a19	故有王使主吏證執文籍如行路人來往相見二習	故 有 王 使 主 吏 證 執 文 籍 如 行 路 人 來 往 相 見 二 習 
X13n0285_008:0351a20	相交故有勘問權詐考訊推鞫察訪披究照明善惡	相 交 故 有 勘 問 權 詐 考 訊 推 鞫 察 訪 披 究 照 明 善 惡 
X13n0285_008:0351a21	童子手執文簿辭辯諸事是故十方一切如來色目	童 子 手 執 文 簿 辭 辯 諸 事 是 故 十 方 一 切 如 來 色 目 
X13n0285_008:0351a22	惡見同名見坑菩薩見諸虗妄徧執如臨毒壑九者	惡 見 同 名 見 坑 菩 薩 見 諸 虗 妄 徧 執 如 臨 毒 壑 九 者 
X13n0285_008:0351a23	枉習交加發於誣謗如是故有合山合石碾磑耕磨	枉 習 交 加 發 於 誣 謗 如 是 故 有 合 山 合 石 碾 磑 耕 磨 
X13n0285_008:0351a24	如讒賊人逼枉良善二習相排故有押捺搥按蹙漉	如 讒 賊 人 逼 枉 良 善 二 習 相 排 故 有 押 捺 搥 按 蹙 漉 
X13n0285_008:0351b01	衡度諸事是故十方一切如來色目怨謗同名讒虎	衡 度 諸 事 是 故 十 方 一 切 如 來 色 目 怨 謗 同 名 讒 虎 
X13n0285_008:0351b02	菩薩見枉如遭霹靂十者訟習交諠發於藏覆如是	菩 薩 見 枉 如 遭 霹 靂 十 者 訟 習 交 諠 發 於 藏 覆 如 是 
X13n0285_008:0351b03	故有鑒見照燭如於日中不能藏影二習相陳故有	故 有 鑒 見 照 燭 如 於 日 中 不 能 藏 影 二 習 相 陳 故 有 
X13n0285_008:0351b04	惡友業鏡火珠披露宿業對驗諸事是故十方一切	惡 友 業 鏡 火 珠 披 露 宿 業 對 驗 諸 事 是 故 十 方 一 切 
X13n0285_008:0351b05	如來色目覆藏同名陰賊菩薩觀覆如戴高山履於	如 來 色 目 覆 藏 同 名 陰 賊 菩 薩 觀 覆 如 戴 高 山 履 於 
X13n0285_008:0351b06	巨海。	巨 海 
X13n0285_008:0351b07	既云十因因必尅果是故備陳惑業苦之三相也	既 云 十 因 因 必 尅 果 是 故 備 陳 惑 業 苦 之 三 相 也 
X13n0285_008:0351b08	婬是貪惑之最重者又是生死根本故首明之二	婬 是 貪 惑 之 最 重 者 又 是 生 死 根 本 故 首 明 之 二 
X13n0285_008:0351b09	根交接是其業相研磨發火致成鐵牀銅柱諸事	根 交 接 是 其 業 相 研 磨 發 火 致 成 鐵 牀 銅 柱 諸 事 
X13n0285_008:0351b10	是其苦相二習者死逆生順之二習也相然者生	是 其 苦 相 二 習 者 死 逆 生 順 之 二 習 也 相 然 者 生 
X13n0285_008:0351b11	前別業欲火死後同分苦火俱現而交發也十方	前 別 業 欲 火 死 後 同 分 苦 火 俱 現 而 交 發 也 十 方 
X13n0285_008:0351b12	如來覺悟圓滿深達一切業因業果故於行婬一	如 來 覺 悟 圓 滿 深 達 一 切 業 因 業 果 故 於 行 婬 一 
X13n0285_008:0351b13	事定其名色名目謂之欲火令諸眾生知所警懼	事 定 其 名 色 名 目 謂 之 欲 火 令 諸 眾 生 知 所 警 懼 
X13n0285_008:0351b14	一切菩薩從迷得悟故見欲如避火坑誓不敢蹈	一切菩薩 從 迷 得 悟 故 見 欲 如 避 火 坑 誓 不 敢 蹈 
X13n0285_008:0351b15	也下皆准知貪是根本煩惱於有有具染著為性	也 下 皆 准 知 貪 是 根本煩惱 於 有 有 具 染 著 為 性 
X13n0285_008:0351b16	故以交計而為業相吸攬生凍致成寒氷而為苦	故 以 交 計 而 為 業 相 吸 攬 生 凍 致 成 寒 氷 而 為 苦 
X13n0285_008:0351b17	相吒吒波波羅羅皆是地獄忍凍之聲赤白青蓮	相 吒 吒 波 波 羅 羅 皆 是 地 獄 忍 凍 之 聲 赤 白 青 蓮 
X13n0285_008:0351b18	皆地獄凍冽之色也慢亦根本煩惱恃己於他高	皆 地 獄 凍 冽 之 色 也 慢 亦 根本煩惱 恃 己 於 他 高 
X13n0285_008:0351b19	舉為性故以交陵而為業相馳流生波致成灌吞	舉 為 性 故 以 交 陵 而 為 業 相 馳 流 生 波 致 成 灌 吞 
X13n0285_008:0351b20	諸事而為苦相瞋亦根本煩惱於苦苦具憎恚為	諸 事 而 為 苦 相 瞋 亦 根本煩惱 於 苦 苦 具 憎 恚 為 
X13n0285_008:0351b21	性故以交衝而為業相忤結鑄金致成宮割諸事	性 故 以 交 衝 而 為 業 相 忤 結 鑄 金 致 成 宮 割 諸 事 
X13n0285_008:0351b22	而為苦相詐亦名諂是小隨惑為罔他故矯設異	而 為 苦 相 詐 亦 名 諂 是 小 隨 惑 為 罔 他 故 矯 設 異 
X13n0285_008:0351b23	儀諂曲為性故以交誘而為業相乃至杻械諸事	儀 諂 曲 為 性 故 以 交 誘 而 為 業 相 乃 至 杻 械 諸 事 
X13n0285_008:0351b24	而為苦相誑亦小隨煩惱為獲利譽矯現有德詭	而 為 苦 相 誑 亦 小 隨 煩 惱 為 獲 利 譽 矯 現 有 德 詭 
X13n0285_008:0351c01	詐為性故以交欺而為業相誣罔造姦致成沒溺	詐 為 性 故 以 交 欺 而 為 業 相 誣 罔 造 姦 致 成 沒 溺 
X13n0285_008:0351c02	諸事而為苦相怨即是恨亦小隨惑由忿為先懷	諸 事 而 為 苦 相 怨 即 是 恨 亦 小 隨 惑 由 忿 為 先 懷 
X13n0285_008:0351c03	惡不捨結怨為性故以交嫌而為業相[銜金+缶]恨畜惡	惡 不 捨 結 怨 為 性 故 以 交 嫌 而 為 業 相 [銜金缶] 恨 畜 惡 
X13n0285_008:0351c04	致成投擲諸事而為苦相見是根本煩惱於諸諦	致 成 投 擲 諸 事 而 為 苦 相 見 是 根本煩惱 於 諸 諦 
X13n0285_008:0351c05	理顛倒推求染慧為性故以交明而為業相此見	理 顛 倒 推 求 染 慧 為 性 故 以 交 明 而 為 業 相 此 見 
X13n0285_008:0351c06	行相差別有五一薩迦耶見謂於五取蘊執我我	行相差別 有 五 一 薩迦耶見 謂 於 五 取 蘊 執 我 我 
X13n0285_008:0351c07	所有二十句乃至六十五句二是見取謂於諸見	所 有 二 十 句 乃 至 六 十 五 句 二 是 見 取 謂 於 諸 見 
X13n0285_008:0351c08	及所依蘊執為最勝能得清淨三戒禁取謂於隨	及 所 依 蘊 執 為 最 勝 能 得 清 淨 三 戒 禁 取 謂 於 隨 
X13n0285_008:0351c09	順諸見禁戒及所依蘊執為最勝能得清淨四邊	順 諸 見 禁 戒 及 所 依 蘊 執 為 最 勝 能 得 清 淨 四 邊 
X13n0285_008:0351c10	執見謂於五蘊隨執斷常五是邪見謂謗因果作	執 見 謂 於 五 蘊 隨 執 斷 常 五 是 邪 見 謂 謗 因 果 作 
X13n0285_008:0351c11	用實事及非四見諸餘邪執皆名邪見今云邪悟	用 實 事 及 非 四 見 諸 餘 邪 執 皆 名 邪 見 今 云 邪 悟 
X13n0285_008:0351c12	諸業總攝邊邪二見也發於違拒出生相反者隨	諸 業 總 攝 邊 邪 二 見 也 發 於 違 拒 出 生 相 反 者 隨 
X13n0285_008:0351c13	起一見即與諸見互相違反各言此是真實餘皆	起 一 見 即 與 諸 見 互相違反 各 言 此 是 真 實 餘 皆 
X13n0285_008:0351c14	虗妄也勘問辭辯諸事是其苦相枉者非理橫加	虗 妄 也 勘 問 辭 辯 諸 事 是 其 苦 相 枉 者 非 理 橫 加 
X13n0285_008:0351c15	以直為曲是害所攝亦小隨惑於諸有情心無悲	以 直 為 曲 是 害 所 攝 亦 小 隨 惑 於諸有情 心 無 悲 
X13n0285_008:0351c16	愍損惱為性故以誣謗而為業相合出乃至衡度	愍 損 惱 為 性 故 以 誣 謗 而 為 業 相 合 出 乃 至 衡 度 
X13n0285_008:0351c17	而為苦相訟是惡業由於藏覆覆亦小隨煩惱於	而 為 苦 相 訟 是 惡 業 由 於 藏 覆 覆 亦 小 隨 煩 惱 於 
X13n0285_008:0351c18	自作罪恐失利譽隱藏為性因我覆罪彼則發之	自 作 罪 恐 失 利 譽 隱 藏 為 性 因 我 覆 罪 彼 則 發 之 
X13n0285_008:0351c19	遂成訟業致招惡友業鏡諸苦報也戒序云懺悔	遂 成 訟 業 致 招 惡 友 業 鏡 諸 苦 報 也 戒 序 云 懺 悔 
X13n0285_008:0351c20	則安樂不懺悔罪益深戴山履海之喻持戒者幸	則 安 樂 不 懺 悔 罪 益 深 戴 山 履 海 之 喻 持 戒 者 幸 
X13n0285_008:0351c21	深思之問曰根隨煩惱共二十六何故獨約此十	深 思 之 問 曰 根 隨 煩 惱 共 二 十 六 何 故 獨 約 此 十 
X13n0285_008:0351c22	為習因耶答曰佛具一切種智深知眾生惑業因	為 習 因 耶 答 曰 佛 具 一切種智 深 知 眾 生 惑 業 因 
X13n0285_008:0351c23	果差別舉此十因即能該攝一切煩惱如根本中	果 差 別 舉 此 十 因 即 能 該 攝 一切煩惱 如 根 本 中 
X13n0285_008:0351c24	癡疑二種及中隨二大隨八皆與此之十因並得	癡 疑 二 種 及 中 隨 二 大 隨 八 皆 與 此 之 十 因 並 得 
X13n0285_008:0352a01	相應而起若小隨中忿惱嫉二皆屬瞋攝憍是慢	相 應 而 起 若 小 隨 中 忿 惱 嫉 二 皆 屬 瞋 攝 憍 是 慢 
X13n0285_008:0352a02	攝慳是貪攝故舉十因即攝二十六種煩惱乃至	攝 慳 是 貪 攝 故 舉 十 因 即 攝 二 十 六 種 煩 惱 乃 至 
X13n0285_008:0352a03	恒沙煩惱業苦皆攝盡也。二明六報。	恒 沙 煩 惱 業 苦 皆 攝 盡 也 二 明 六 報 
X13n0285_008:0352a04	云何六報阿難一切眾生六識造業所招惡報從六	云 何 六 報 阿 難 一 切 眾 生 六 識 造 業 所 招 惡 報 從 六 
X13n0285_008:0352a05	根出云何惡報從六根出一者見報招引惡果此見	根 出 云 何 惡 報 從 六 根 出 一 者 見 報 招 引 惡 果 此 見 
X13n0285_008:0352a06	業交則臨終時先見猛火滿十方界亡者神識飛墜	業 交 則 臨 終 時 先 見 猛 火 滿 十 方 界 亡 者 神 識 飛 墜 
X13n0285_008:0352a07	乘煙入無間獄發明二相一者明見則能徧見種種	乘 煙 入 無 間 獄 發 明 二 相 一 者 明 見 則 能 徧 見 種 種 
X13n0285_008:0352a08	惡物生無量畏二者暗見寂然不見生無量恐如是	惡 物 生 無 量 畏 二 者 暗 見 寂 然 不 見 生 無 量 恐 如 是 
X13n0285_008:0352a09	見火燒聽能為鑊湯洋銅燒息能為黑煙紫燄燒味	見 火 燒 聽 能 為 鑊 湯 洋 銅 燒 息 能 為 黑 煙 紫 燄 燒 味 
X13n0285_008:0352a10	能為焦丸鐵糜燒觸能為熱灰爐炭燒心能生星火	能 為 焦 丸 鐵 糜 燒 觸 能 為 熱 灰 爐 炭 燒 心 能 生 星 火 
X13n0285_008:0352a11	迸灑煽鼓空界二者聞報招引惡果此聞業交則臨	迸 灑 煽 鼓 空 界 二 者 聞 報 招 引 惡 果 此 聞 業 交 則 臨 
X13n0285_008:0352a12	終時先見波濤沒溺天地亡者神識降注乘流入無	終 時 先 見 波 濤 沒 溺 天 地 亡 者 神 識 降 注 乘 流 入 無 
X13n0285_008:0352a13	間獄發明二相一者開聽聽種種閙精神愗亂二者	間 獄 發 明 二 相 一 者 開 聽 聽 種 種 閙 精 神 愗 亂 二 者 
X13n0285_008:0352a14	閉聽寂無所聞幽魄沉沒如是聞波注聞則能為責	閉 聽 寂 無 所 聞 幽 魄 沉 沒 如 是 聞 波 注 聞 則 能 為 責 
X13n0285_008:0352a15	為詰注見則能為雷為吼為惡毒氣注息則能為雨	為 詰 注 見 則 能 為 雷 為 吼 為 惡 毒 氣 注 息 則 能 為 雨 
X13n0285_008:0352a16	為霧灑諸毒蟲周滿身體注味則能為膿為血種種	為 霧 灑 諸 毒 蟲 周 滿 身 體 注 味 則 能 為 膿 為 血 種 種 
X13n0285_008:0352a17	雜穢注觸則能為畜為鬼為糞為尿注意則能為電	雜 穢 注 觸 則 能 為 畜 為 鬼 為 糞 為 尿 注 意 則 能 為 電 
X13n0285_008:0352a18	為雹摧碎心魄三者齅報招引惡果此齅業交則臨	為 雹 摧 碎 心 魄 三 者 齅 報 招 引 惡 果 此 齅 業 交 則 臨 
X13n0285_008:0352a19	終時先見毒氣充塞遠近亡者神識從地湧出入無	終 時 先 見 毒 氣 充 塞 遠 近 亡 者 神 識 從 地 湧 出 入 無 
X13n0285_008:0352a20	間獄發明二相一者通聞被諸惡氣熏極心擾二者	間 獄 發 明 二 相 一 者 通 聞 被 諸 惡 氣 熏 極 心 擾 二 者 
X13n0285_008:0352a21	塞聞氣掩不通悶絕於地如是齅氣衝息則能為質	塞 聞 氣 掩 不 通 悶 絕 於 地 如 是 齅 氣 衝 息 則 能 為 質 
X13n0285_008:0352a22	為履衝見則能為火為炬衝聽則能為沒為溺為洋	為 履 衝 見 則 能 為 火 為 炬 衝 聽 則 能 為 沒 為 溺 為 洋 
X13n0285_008:0352a23	為沸衝味則能為餒為爽衝觸則能為綻為爛為大	為 沸 衝 味 則 能 為 餒 為 爽 衝 觸 則 能 為 綻 為 爛 為 大 
X13n0285_008:0352a24	肉山有百千眼無量咂食衝思則能為灰為瘴為飛	肉 山 有 百 千 眼 無 量 咂 食 衝 思 則 能 為 灰 為 瘴 為 飛 
X13n0285_008:0352b01	砂礰擊碎身體四者味報招引惡果此味業交則臨	砂 礰 擊 碎 身 體 四 者 味 報 招 引 惡 果 此 味 業 交 則 臨 
X13n0285_008:0352b02	終時先見鐵網猛燄熾烈周覆世界亡者神識下透	終 時 先 見 鐵 網 猛 燄 熾 烈 周 覆 世 界 亡 者 神 識 下 透 
X13n0285_008:0352b03	桂網倒懸其頭入無間獄發明二相一者吸氣結成	桂 網 倒 懸 其 頭 入 無 間 獄 發 明 二 相 一 者 吸 氣 結 成 
X13n0285_008:0352b04	寒氷凍冽身肉二者吐氣飛為猛火焦爛骨髓如是	寒 氷 凍 冽 身 肉 二 者 吐 氣 飛 為 猛 火 焦 爛 骨 髓 如 是 
X13n0285_008:0352b05	甞味歷甞則能為承為忍歷見則能為然金石歷聽	甞 味 歷 甞 則 能 為 承 為 忍 歷 見 則 能 為 然 金 石 歷 聽 
X13n0285_008:0352b06	則能為利兵刃歷息則能為大鐵籠彌覆國土歷觸	則 能 為 利 兵 刃 歷 息 則 能 為 大 鐵 籠 彌 覆 國 土 歷 觸 
X13n0285_008:0352b07	則能為弓為箭為弩為射歷思則能為飛熱鐵從空	則 能 為 弓 為 箭 為 弩 為 射 歷 思 則 能 為 飛 熱 鐵 從 空 
X13n0285_008:0352b08	而下五者觸報招引惡果此觸業交則臨終時先見	而 下 五 者 觸 報 招 引 惡 果 此 觸 業 交 則 臨 終 時 先 見 
X13n0285_008:0352b09	大山四面來合無復出路亡者神識見大鐵城火蛇	大 山 四 面 來 合 無 復 出 路 亡 者 神 識 見 大 鐵 城 火 蛇 
X13n0285_008:0352b10	火狗虎狼師子牛頭獄卒馬頭羅剎手執鎗矟驅入	火 狗 虎 狼 師 子 牛 頭 獄 卒 馬 頭 羅 剎 手 執 鎗 矟 驅 入 
X13n0285_008:0352b11	城門向無間獄發明二相一者合觸合山逼體骨肉	城 門 向 無 間 獄 發 明 二 相 一 者 合 觸 合 山 逼 體 骨 肉 
X13n0285_008:0352b12	血潰二者離觸刀劍觸身心肝屠裂如是合觸歷觸	血 潰 二 者 離 觸 刀 劍 觸 身 心 肝 屠 裂 如 是 合 觸 歷 觸 
X13n0285_008:0352b13	則能為道為觀為廳為案歷見則能為燒為爇歷聽	則 能 為 道 為 觀 為 廳 為 案 歷 見 則 能 為 燒 為 爇 歷 聽 
X13n0285_008:0352b14	則能為撞為擊為剚為射歷息則能為括為袋為考	則 能 為 撞 為 擊 為 剚 為 射 歷 息 則 能 為 括 為 袋 為 考 
X13n0285_008:0352b15	為縛歷甞則能為耕為鉗為斬為截歷思則能為墜	為 縛 歷 甞 則 能 為 耕 為 鉗 為 斬 為 截 歷 思 則 能 為 墜 
X13n0285_008:0352b16	為飛為煎為炙六者思報招引惡果此思業交則臨	為 飛 為 煎 為 炙 六 者 思 報 招 引 惡 果 此 思 業 交 則 臨 
X13n0285_008:0352b17	終時先見惡風吹壞國土亡者神識被吹上空旋落	終 時 先 見 惡 風 吹 壞 國 土 亡 者 神 識 被 吹 上 空 旋 落 
X13n0285_008:0352b18	乘風墮無間獄發明二相一者不覺迷極則荒奔走	乘 風 墮 無 間 獄 發 明 二 相 一 者 不 覺 迷 極 則 荒 奔 走 
X13n0285_008:0352b19	不息二者不迷覺知則苦無量煎燒痛深難忍如是	不 息 二 者 不 迷 覺 知 則 苦 無 量 煎 燒 痛 深 難 忍 如 是 
X13n0285_008:0352b20	邪思結思則能為方為所結見則能為鑒為證結聽	邪 思 結 思 則 能 為 方 為 所 結 見 則 能 為 鑒 為 證 結 聽 
X13n0285_008:0352b21	則能為大合石為氷為霜為土為霧結息則能為大	則 能 為 大 合 石 為 氷 為 霜 為 土 為 霧 結 息 則 能 為 大 
X13n0285_008:0352b22	火車火船火檻結甞則能為大叫喚為悔為泣結觸	火 車 火 船 火 檻 結 甞 則 能 為 大 叫 喚 為 悔 為 泣 結 觸 
X13n0285_008:0352b23	則能為大為小為一日中萬生萬死為偃為仰。	則 能 為 大 為 小 為 一 日 中 萬 生 萬 死 為 偃 為 仰 
X13n0285_008:0352b24	根塵識三如惡叉聚設非根塵則識何由造業設	根 塵 識 三 如 惡 叉 聚 設 非 根 塵 則 識 何 由 造 業 設 
X13n0285_008:0352c01	非塵識則根何由受報故吳興云造業招報根識	非 塵 識 則 根 何 由 受 報 故 吳 興 云 造 業 招 報 根 識 
X13n0285_008:0352c02	必俱今以識為業而報從根出者蓋業逆由心報	必 俱 今 以 識 為 業 而 報 從 根 出 者 蓋 業 逆 由 心 報 
X13n0285_008:0352c03	多約色故也此見業交者謂見根所造惡業正當	多 約 色 故 也 此 見 業 交 者 謂 見 根 所 造 惡 業 正 當 
X13n0285_008:0352c04	死逆生順二習相交之時也此明極重惡業直入	死 逆 生 順 二 習 相 交 之 時 也 此 明 極 重 惡 業 直 入 
X13n0285_008:0352c05	無間所以不經中陰之身成論所謂極善極惡皆	無 間 所 以 不 經 中 陰 之 身 成 論 所 謂 極 善 極 惡 皆 
X13n0285_008:0352c06	無中陰也發明二相者平時見根造罪元有二種	無 中 陰 也 發 明 二 相 者 平 時 見 根 造 罪 元 有 二 種 
X13n0285_008:0352c07	不同一者因於明見二者因於暗見故今受報亦	不 同 一 者 因 於 明 見 二 者 因 於 暗 見 故 今 受 報 亦 
X13n0285_008:0352c08	隨其惑業而發明不同也一根所招惡報令餘五	隨 其 惑 業 而 發 明 不 同 也 一 根 所 招 惡 報 令 餘 五 
X13n0285_008:0352c09	根亦互受者良由造罪之時雖以一識為主必曾	根 亦 互 受 者 良 由 造 罪 之 時 雖 以 一 識 為 主 必 曾 
X13n0285_008:0352c10	牽動餘識從而和之故今還感斯報倘造罪時缺	牽 動 餘 識 從 而 和 之 故 今 還 感 斯 報 倘 造 罪 時 缺 
X13n0285_008:0352c11	有一識不起則受報時當亦免此一苦也耳識造	有 一 識 不 起 則 受 報 時 當 亦 免 此 一 苦 也 耳 識 造 
X13n0285_008:0352c12	罪本有開閉二相乃至意識造罪本有迷覺二相	罪 本 有 開 閉 二 相 乃 至 意 識 造 罪 本 有 迷 覺 二 相 
X13n0285_008:0352c13	所招惡報義並可知惟心地獄地獄惟心迷般若	所 招 惡 報 義 並 可 知 惟 心 地 獄 地 獄 惟 心 迷 般 若 
X13n0285_008:0352c14	而成惑迷解脫而成業迷法身而成苦讀經至此	而 成 惑 迷 解 脫 而 成 業 迷 法 身 而 成 苦 讀 經 至 此 
X13n0285_008:0352c15	不悚然急斷生死三緣不恍然頓悟性德三因者	不 悚 然 急 斷 生 死 三 緣 不 恍 然 頓 悟 性 德 三 因 者 
X13n0285_008:0352c16	非夫也。三總結。	非 夫 也 三 總 結 
X13n0285_008:0352c17	阿難是名地獄十因六果皆是眾生迷妄所造若諸	阿 難 是 名 地 獄 十 因 六 果 皆 是 眾 生 迷 妄 所 造 若 諸 
X13n0285_008:0352c18	眾生惡業同造入阿鼻獄受無量苦經無量劫六根	眾 生 惡 業 同 造 入 阿 鼻 獄 受 無 量 苦 經 無 量 劫 六 根 
X13n0285_008:0352c19	各造及彼所作兼境兼根是人則入八無間獄身口	各 造 及 彼 所 作 兼 境 兼 根 是 人 則 入 八 無 間 獄 身 口 
X13n0285_008:0352c20	意三作殺盜婬是人則入十八地獄三業不兼中間	意 三 作 殺 盜 婬 是 人 則 入 十 八 地 獄 三 業 不 兼 中 間 
X13n0285_008:0352c21	或為一殺一盜是人則入三十六地獄見見一根單	或 為 一 殺 一 盜 是 人 則 入 三 十 六 地 獄 見 見 一 根 單 
X13n0285_008:0352c22	犯一業是人則入一百八地獄由是眾生別作別造	犯 一 業 是 人 則 入 一 百 八 地 獄 由 是 眾 生 別 作 別 造 
X13n0285_008:0352c23	於世界中入同分地妄想發生非本來有。	於 世 界 中 入 同 分 地 妄 想 發 生 非 本 來 有 
X13n0285_008:0352c24	惡業同造謂一切時中六根同造十因也六根各	惡 業 同 造 謂 一 切 時 中 六 根 同 造 十 因 也 六 根 各 
X13n0285_008:0353a01	造謂六根雖各有罪而造非一時或但兼十因之	造 謂 六 根 雖 各 有 罪 而 造 非 一 時 或 但 兼 十 因 之 
X13n0285_008:0353a02	幾境但兼六根之幾根也身口意三作殺盜婬謂	幾 境 但 兼 六 根 之 幾 根 也 身 口 意 三 作 殺 盜 婬 謂 
X13n0285_008:0353a03	六根中減去三根十因中減去七因也三業不兼	六 根 中 減 去 三 根 十 因 中 減 去 七 因 也 三 業 不 兼 
X13n0285_008:0353a04	謂身口意隨缺一種也或為一殺一盜謂三惡業	謂 身 口 意 隨 缺 一 種 也 或 為 一 殺 一 盜 謂 三 惡 業 
X13n0285_008:0353a05	隨缺一種也見見一根謂六根中惟有一根造業	隨 缺 一 種 也 見 見 一 根 謂 六 根 中 惟 有 一 根 造 業 
X13n0285_008:0353a06	舉見見以例聞聞等也單犯一業謂十因中惟造	舉 見 見 以 例 聞 聞 等 也 單 犯 一 業 謂 十 因 中 惟 造 
X13n0285_008:0353a07	一因也別作別造結顯惡業自招入同分地結顯	一 因 也 別 作 別 造 結 顯 惡 業 自 招 入 同 分 地 結 顯 
X13n0285_008:0353a08	兼有元地妄想發生非本來有結顯實本真淨也	兼 有 元 地 妄 想 發 生 非 本 來 有 結 顯 實 本 真 淨 也 
X13n0285_008:0353a09	有即非有如空華無體故云非本來有非謂本來	有 即 非 有 如 空 華 無 體 故 云 非 本 來 有 非 謂 本 來 
X13n0285_008:0353a10	不有而後來成有也思之思之。二示餓鬼趣三	不 有 而 後 來 成 有 也 思 之 思 之 二 示 餓 鬼 趣 三 
X13n0285_008:0353a11	初總標二別顯三結示。今初。	初 總 標 二 別 顯 三 結 示 今 初 
X13n0285_008:0353a12	復次阿難是諸眾生非破律儀犯菩薩戒毀拂涅槃	復 次 阿 難 是 諸 眾 生 非 破 律 儀 犯 菩 薩 戒 毀 拂 涅 槃 
X13n0285_008:0353a13	諸餘雜業歷劫燒然後還罪畢受諸鬼形。	諸 餘 雜 業 歷 劫 燒 然 後 還 罪 畢 受 諸 鬼 形 
X13n0285_008:0353a14	尅論鬼趣有四差別一者下品十惡為因直招其	尅 論 鬼 趣 有 四 差 別 一 者 下 品 十 惡 為 因 直 招 其 
X13n0285_008:0353a15	報二者過去異熟業力忽牽其報三者將入地獄	報 二 者 過 去 異 熟 業 力 忽 牽 其 報 三 者 將 入 地 獄 
X13n0285_008:0353a16	先受華報四者從地獄出受此餘報以要言之七	先 受 華 報 四 者 從 地 獄 出 受 此 餘 報 以要言之 七 
X13n0285_008:0353a17	趣後有皆可趣於鬼道只此一趣復分有財少財	趣 後 有 皆 可 趣 於 鬼 道 只 此 一 趣 復 分 有 財 少 財 
X13n0285_008:0353a18	無財三類九品之不同今但約地獄餘報乃一往	無 財 三 類 九 品 之 不 同 今 但 約 地 獄 餘 報 乃 一 往 
X13n0285_008:0353a19	略言之耳。二別顯。	略 言 之 耳 二 別 顯 
X13n0285_008:0353a20	若於本因貪物為罪是人罪畢遇物成形名為怪鬼	若 於 本 因 貪 物 為 罪 是 人 罪 畢 遇 物 成 形 名 為 怪 鬼 
X13n0285_008:0353a21	貪色為罪是人罪畢遇風成形名為魃鬼貪惑為罪	貪 色 為 罪 是 人 罪 畢 遇 風 成 形 名 為 魃 鬼 貪 惑 為 罪 
X13n0285_008:0353a22	是人罪畢遇畜成形名為魅鬼貪恨為罪是人罪畢	是 人 罪 畢 遇 畜 成 形 名 為 魅 鬼 貪 恨 為 罪 是 人 罪 畢 
X13n0285_008:0353a23	遇蟲成形名蠱毒鬼貪憶為罪是人罪畢遇衰成形	遇 蟲 成 形 名 蠱 毒 鬼 貪 憶 為 罪 是 人 罪 畢 遇 衰 成 形 
X13n0285_008:0353a24	名為癘鬼貪慠為罪是人罪畢遇氣成形名為餓鬼	名 為 癘 鬼 貪 慠 為 罪 是 人 罪 畢 遇 氣 成 形 名 為 餓 鬼 
X13n0285_008:0353b01	貪罔為罪是人罪畢遇幽為形名為魘鬼貪明為罪	貪 罔 為 罪 是 人 罪 畢 遇 幽 為 形 名 為 魘 鬼 貪 明 為 罪 
X13n0285_008:0353b02	是人罪畢遇精為形名魍魎鬼貪成為罪是人罪畢	是 人 罪 畢 遇 精 為 形 名 魍 魎 鬼 貪 成 為 罪 是 人 罪 畢 
X13n0285_008:0353b03	遇明為形名役使鬼貪黨為罪是人罪畢遇人為形	遇 明 為 形 名 役 使 鬼 貪 黨 為 罪 是 人 罪 畢 遇 人 為 形 
X13n0285_008:0353b04	名傳送鬼。	名 傳 送 鬼 
X13n0285_008:0353b05	貪物即是貪習由其愛著諸物故今遇物成怪也	貪 物 即 是 貪 習 由 其 愛 著 諸 物 故 今 遇 物 成 怪 也 
X13n0285_008:0353b06	貪色即是婬習由其婬風鼓扇故今遇風成魃作	貪 色 即 是 婬 習 由 其 婬 風 鼓 扇 故 今 遇 風 成 魃 作 
X13n0285_008:0353b07	旱妖也貪惑即是詐習由其諂媚成性故今遇畜	旱 妖 也 貪 惑 即 是 詐 習 由 其 諂 媚 成 性 故 今 遇 畜 
X13n0285_008:0353b08	成魅如妖狐之類仍欲媚惑人也貪恨即是瞋習	成 魅 如 妖 狐 之 類 仍 欲 媚 惑 人 也 貪 恨 即 是 瞋 習 
X13n0285_008:0353b09	由其心懷毒恚故今遇蟲成蠱仍毒害於人也貪	由 其 心 懷 毒 恚 故 今 遇 蟲 成 蠱 仍 毒 害 於 人 也 貪 
X13n0285_008:0353b10	憶即是怨習由其[銜金+缶]恨不忘故今乘衰作癘報夙	憶 即 是 怨 習 由 其 [銜金缶] 恨 不 忘 故 今 乘 衰 作 癘 報 夙 
X13n0285_008:0353b11	仇也貪慠即是慢習由其尚氣自恃故今遇氣成	仇 也 貪 慠 即 是 慢 習 由 其 尚 氣 自 恃 故 今 遇 氣 成 
X13n0285_008:0353b12	於餓鬼所謂空腹高心之劇報也貪罔即是訴習	於 餓 鬼 所 謂 空 腹 高 心 之 劇 報 也 貪 罔 即 是 訴 習 
X13n0285_008:0353b13	由其暗他造姦故今遇幽成於魘鬼依舊乘人之	由 其 暗 他 造 姦 故 今 遇 幽 成 於 魘 鬼 依 舊 乘 人 之 
X13n0285_008:0353b14	臥而魘之也貪明即是見習由其邪悟邪執故今	臥 而 魘 之 也 貪 明 即 是 見 習 由 其 邪 悟 邪 執 故 今 
X13n0285_008:0353b15	遇精成魍魎鬼望之有似高明就之實無威德也	遇 精 成 魍 魎 鬼 望 之 有 似 高 明 就 之 實 無 威 德 也 
X13n0285_008:0353b16	貪成即是枉習由其證人入罪指暗為明故今遇	貪 成 即 是 枉 習 由 其 證 人 入 罪 指 暗 為 明 故 今 遇 
X13n0285_008:0353b17	明為役使鬼助人成事也貪黨即是訟習由其發	明 為 役 使 鬼 助 人 成 事 也 貪 黨 即 是 訟 習 由 其 發 
X13n0285_008:0353b18	他陰私必須牽引傍人為證故今遇人為傳送鬼	他 陰 私 必 須 牽 引 傍 人 為 證 故 今 遇 人 為 傳 送 鬼 
X13n0285_008:0353b19	仍報種種陰私事也只此十類必各各有苦樂別	仍 報 種 種 陰 私 事 也 只 此 十 類 必 各 各 有 苦 樂 別 
X13n0285_008:0353b20	報之不同亦是略而不說可以理推。三結示。	報 之 不 同 亦 是 略 而 不 說 可 以 理 推 三 結 示 
X13n0285_008:0353b21	阿難是人皆以純情墜落業火燒乾上出為鬼此等	阿 難 是 人 皆 以 純 情 墜 落 業 火 燒 乾 上 出 為 鬼 此 等 
X13n0285_008:0353b22	皆是自妄想業之所招引若悟菩提則妙圓明本無	皆 是 自 妄 想 業 之 所 招 引 若 悟 菩 提 則 妙 圓 明 本 無 
X13n0285_008:0353b23	所有。	所 有 
X13n0285_008:0353b24	言是人者本從人道造十習因而墜落也雖以業	言 是 人 者 本 從 人 道 造 十 習 因 而 墜 落 也 雖 以 業 
X13n0285_008:0353c01	火燒乾上出為鬼廼其夙習仍在故習不可不慎	火 燒 乾 上 出 為 鬼 廼 其 夙 習 仍 在 故 習 不 可 不 慎 
X13n0285_008:0353c02	也然既云悟菩提而本無則今正在迷時又豈實	也 然 既 云 悟 菩 提 而 本 無 則 今 正 在 迷 時 又 豈 實 
X13n0285_008:0353c03	有無奈一翳在目空華亂墜耳哀哉。三示畜生	有 無 奈 一 翳 在 目 空 華 亂 墜 耳 哀 哉 三 示 畜 生 
X13n0285_008:0353c04	趣三初總標二別顯三結示。今初。	趣 三 初 總 標 二 別 顯 三 結 示 今 初 
X13n0285_008:0353c05	復次阿難鬼業既盡則情與想二俱成空方於世間	復 次 阿 難 鬼 業 既 盡 則 情 與 想 二 俱 成 空 方 於 世 間 
X13n0285_008:0353c06	與元負人怨對相值身為畜生酬其宿債。	與 元 負 人 怨 對 相 值 身 為 畜 生 酬 其 宿 債 
X13n0285_008:0353c07	尅論畜趣亦四差別一者中品十惡為因直招其	尅 論 畜 趣 亦 四 差 別 一 者 中 品 十 惡 為 因 直 招 其 
X13n0285_008:0353c08	報二者過去異熟業力忽牽其報三者從地獄出	報 二 者 過 去 異 熟 業 力 忽 牽 其 報 三 者 從 地 獄 出 
X13n0285_008:0353c09	即償其報四者從餓鬼來乃償其報以要言之七	即 償 其 報 四 者 從 餓 鬼 來 乃 償 其 報 以要言之 七 
X13n0285_008:0353c10	趣後有皆可趣於畜生只此一趣復分上中下品	趣 後 有 皆 可 趣 於 畜 生 只 此 一 趣 復 分 上 中 下 品 
X13n0285_008:0353c11	各各三類之不同今但約鬼業既盡言之亦是一	各 各 三 類 之 不 同 今 但 約 鬼 業 既 盡 言 之 亦 是 一 
X13n0285_008:0353c12	往語耳言情與想二俱成空者向來墜獄之人或	往 語 耳 言 情 與 想 二 俱 成 空 者 向 來 墜 獄 之 人 或 
X13n0285_008:0353c13	是純情無想或是九情一想八情二想乃至鬼趣	是 純 情 無 想 或 是 九 情 一 想 八 情 二 想 乃 至 鬼 趣 
X13n0285_008:0353c14	之中或是七情三想之所直招今則虗妄所積惡	之 中 或 是 七 情 三 想 之 所 直 招 今 則 虗 妄 所 積 惡 
X13n0285_008:0353c15	情善想勢力已盡不復更招二趣苦報故曰成空	情 善 想 勢 力 已 盡 不 復 更 招 二 趣 苦 報 故 曰 成 空 
X13n0285_008:0353c16	非謂并空於宿債亦非謂能空其惑體也。二別	非 謂 并 空 於 宿 債 亦 非 謂 能 空 其 惑 體 也 二 別 
X13n0285_008:0353c17	顯。	顯 
X13n0285_008:0353c18	物怪之鬼物銷報盡生於世間多為梟類風魃之鬼	物 怪 之 鬼 物 銷 報 盡 生 於 世 間 多 為 梟 類 風 魃 之 鬼 
X13n0285_008:0353c19	風銷報盡生於世間多為咎徵一切異類畜魅之鬼	風 銷 報 盡 生 於 世 間 多 為 咎 徵 一 切 異 類 畜 魅 之 鬼 
X13n0285_008:0353c20	畜死報盡生於世間多為狐類蟲蠱之鬼蠱滅報盡	畜 死 報 盡 生 於 世 間 多 為 狐 類 蟲 蠱 之 鬼 蠱 滅 報 盡 
X13n0285_008:0353c21	生於世間多為毒類衰癘之鬼衰窮報盡生於世間	生 於 世 間 多 為 毒 類 衰 癘 之 鬼 衰 窮 報 盡 生 於 世 間 
X13n0285_008:0353c22	多為蛔類受氣之鬼氣銷報盡生於世間多為食類	多 為 蛔 類 受 氣 之 鬼 氣 銷 報 盡 生 於 世 間 多 為 食 類 
X13n0285_008:0353c23	綿幽之鬼幽銷報盡生於世間多為服類和精之鬼	綿 幽 之 鬼 幽 銷 報 盡 生 於 世 間 多 為 服 類 和 精 之 鬼 
X13n0285_008:0353c24	和銷報盡生於世間多為應類明靈之鬼明滅報盡	和 銷 報 盡 生 於 世 間 多 為 應 類 明 靈 之 鬼 明 滅 報 盡 
X13n0285_008:0354a01	生於世間多為休徵一切諸類依人之鬼人亡報盡	生 於 世 間 多 為 休 徵 一 切 諸 類 依 人 之 鬼 人 亡 報 盡 
X13n0285_008:0354a02	生於世間多為循類。	生 於 世 間 多 為 循 類 
X13n0285_008:0354a03	梟類者盜貪餘習附塊為兒又盜貪之最重者莫	梟 類 者 盜 貪 餘 習 附 塊 為 兒 又 盜 貪 之 最 重 者 莫 
X13n0285_008:0354a04	如食肉故今懷怨報仇致成食父母想也咎徵一	如 食 肉 故 今 懷 怨 報 仇 致 成 食 父 母 想 也 咎 徵 一 
X13n0285_008:0354a05	切異類即凶事之前徵由婬習故為妖為孽也狐	切 異 類 即 凶 事 之 前 徵 由 婬 習 故 為 妖 為 孽 也 狐 
X13n0285_008:0354a06	仍詐習毒仍瞋習蛔類乘人之虗仍是怨習並皆	仍 詐 習 毒 仍 瞋 習 蛔 類 乘 人 之 虗 仍 是 怨 習 並 皆 
X13n0285_008:0354a07	可知由慠慢故妄言天生萬物本以養人取諸眾	可 知 由 慠 慢 故 妄 言 天 生 萬 物 本 以 養 人 取 諸 眾 
X13n0285_008:0354a08	生血肉充食故今報為食類又慢習陵人今乃以	生 血 肉 充 食 故 今 報 為 食 類 又 慢 習 陵 人 今 乃 以 
X13n0285_008:0354a09	肉充食則受陵斯極也服類者蚕蟲及諸皮毛可	肉 充 食 則 受 陵 斯 極 也 服 類 者 蚕 蟲 及 諸 皮 毛 可 
X13n0285_008:0354a10	為衣服牛馬可以乘服由昔誑人今以此償債也	為 衣 服 牛 馬 可 以 乘 服 由 昔 誑 人 今 以 此 償 債 也 
X13n0285_008:0354a11	應類者社燕寒鴻之屬應時而來此由計時計方	應 類 者 社 燕 寒 鴻 之 屬 應 時 而 來 此 由 計 時 計 方 
X13n0285_008:0354a12	種種邪見之餘習也休徵者嘉鳳祥麟乃至鵲噪	種 種 邪 見 之 餘 習 也 休 徵 者 嘉 鳳 祥 麟 乃 至 鵲 噪 
X13n0285_008:0354a13	報喜之類由昔枉人成罪故今報人善事以酬之	報 喜 之 類 由 昔 枉 人 成 罪 故 今 報 人 善 事 以 酬 之 
X13n0285_008:0354a14	也循類者猫犬之屬由昔貪黨訟人今故依順人	也 循 類 者 猫 犬 之 屬 由 昔 貪 黨 訟 人 今 故 依 順 人 
X13n0285_008:0354a15	也各言多為者舉其大概言之正顯不必盡然之	也 各 言 多 為 者 舉 其 大 概 言 之 正 顯 不 必 盡 然 之 
X13n0285_008:0354a16	意。三結示。	意 三 結 示 
X13n0285_008:0354a17	阿難是等皆以業火乾枯酬其宿債傍為畜生此等	阿 難 是 等 皆 以 業 火 乾 枯 酬 其 宿 債 傍 為 畜 生 此 等 
X13n0285_008:0354a18	亦皆自虗妄業之所招引若悟菩提則此妄緣本無	亦 皆 自 虗 妄 業 之 所 招 引 若 悟 菩 提 則 此 妄 緣 本 無 
X13n0285_008:0354a19	所有如汝所言寶蓮香等及瑠璃王善星比丘如是	所 有 如 汝 所 言 寶 蓮 香 等 及 瑠 璃 王 善 星 比 丘 如 是 
X13n0285_008:0354a20	惡業本自發明非從天降亦非地出亦非人與自妄	惡 業 本 自 發 明 非 從 天 降 亦 非 地 出 亦 非 人 與 自 妄 
X13n0285_008:0354a21	所招還自來受菩提心中皆為浮虗妄想凝結。	所 招 還 自 來 受 菩 提 心 中 皆 為 浮 虗 妄 想 凝 結 
X13n0285_008:0354a22	由惑火故成業火由業火故感報火今言業火乾	由 惑 火 故 成 業 火 由 業 火 故 感 報 火 今 言 業 火 乾 
X13n0285_008:0354a23	枯者惡業如薪薪不盡則火不息以果從因而言	枯 者 惡 業 如 薪 薪 不 盡 則 火 不 息 以 果 從 因 而 言 
X13n0285_008:0354a24	之也若悟菩提先轉惑火以為智火則一切業薪	之 也 若 悟 菩 提 先 轉 惑 火 以 為 智 火 則 一 切 業 薪 
X13n0285_008:0354b01	當下燒盡何俟地獄報火所燒惟其迷菩提為煩	當 下 燒 盡 何 俟 地 獄 報 火 所 燒 惟 其 迷 菩 提 為 煩 
X13n0285_008:0354b02	惱所以迷解脫為惡業迷法身為苦報也然而煩	惱 所 以 迷 解 脫 為 惡 業 迷 法 身 為 苦 報 也 然 而 煩 
X13n0285_008:0354b03	惱之性不離菩提惡業之性何殊解脫苦報之性	惱 之 性 不 離 菩 提 惡 業 之 性 何 殊 解 脫 苦 報 之 性 
X13n0285_008:0354b04	豈外法身故曰菩提心中皆為浮虗妄想凝結譬	豈 外 法 身 故 曰 菩 提 心 中 皆 為 浮 虗 妄 想 凝 結 譬 
X13n0285_008:0354b05	如迷空作華結水成氷耳豈於空外有華水外有	如 迷 空 作 華 結 水 成 氷 耳 豈 於 空 外 有 華 水 外 有 
X13n0285_008:0354b06	氷也哉。四示人趣三初總標二別顯三結示。	氷 也 哉 四 示 人 趣 三 初 總 標 二 別 顯 三 結 示 
X13n0285_008:0354b07	今初。	今 初 
X13n0285_008:0354b08	復次阿難從是畜生酬償先債若彼酬者分越(其)所	復 次 阿 難 從 是 畜 生 酬 償 先 債 若 彼 酬 者 分 越 其 所 
X13n0285_008:0354b09	(當)酬此等眾生還復為人反徵其剩如彼(人)有(定)力	 當 酬 此 等 眾 生 還 復 為 人 反 徵 其 剩 如 彼 人 有 定 力 
X13n0285_008:0354b10	兼有福德則於人中不捨人身酬還彼力若無福者	兼 有 福 德 則 於 人 中 不 捨 人 身 酬 還 彼 力 若 無 福 者 
X13n0285_008:0354b11	還為畜生償彼餘直阿難當知若用錢物或役其力	還 為 畜 生 償 彼 餘 直 阿 難 當 知 若 用 錢 物 或 役 其 力 
X13n0285_008:0354b12	償足自停如於中間殺彼身命或食其肉如是乃至	償 足 自 停 如 於 中 間 殺 彼 身 命 或 食 其 肉 如 是 乃 至 
X13n0285_008:0354b13	經微塵劫相食相誅猶如轉輪互為高下無有休息	經 微 塵 劫 相 食 相 誅 猶 如 轉 輪 互 為 高 下 無有休息 
X13n0285_008:0354b14	除奢摩他及佛出世不可停寢。	除 奢 摩 他 及 佛 出 世 不 可 停 寢 
X13n0285_008:0354b15	此明三惡趣中復還人道之相并詳示殺業難停	此 明 三 惡 趣 中 復 還 人 道 之 相 并 詳 示 殺 業 難 停 
X13n0285_008:0354b16	以警迷也尅論人道亦三差別一是五戒及中品	以 警 迷 也 尅 論 人 道 亦 三 差 別 一 是 五 戒 及 中 品 
X13n0285_008:0354b17	十善為因直尅其果二是從勝類中來謂天仙等	十 善 為 因 直 尅 其 果 二 是 從 勝 類 中 來 謂 天 仙 等 
X13n0285_008:0354b18	三是從惡道中來復有四類所謂地獄鬼畜及阿	三 是 從 惡 道 中 來 復 有 四 類 所 謂 地 獄 鬼 畜 及 阿 
X13n0285_008:0354b19	修羅今但約畜生復形人道亦是一往略言之耳	修 羅 今 但 約 畜 生 復 形 人 道 亦 是 一 往 略 言 之 耳 
X13n0285_008:0354b20	就互償中有二差別一償力二償殺償力又二一	就 互 償 中 有 二 差 別 一 償 力 二 償 殺 償 力 又 二 一 
X13n0285_008:0354b21	有福力即於人身中償二無福力還為畜生償之	有 福 力 即 於 人 身 中 償 二 無 福 力 還 為 畜 生 償 之 
X13n0285_008:0354b22	償殺亦二一為畜生相食二於人中相誅又人既	償 殺 亦 二 一 為 畜 生 相 食 二 於 人 中 相 誅 又 人 既 
X13n0285_008:0354b23	殺畜畜亦害人唯此相食相誅之業結怨連仇終	殺 畜 畜 亦 害 人 唯 此 相 食 相 誅 之 業 結 怨 連 仇 終 
X13n0285_008:0354b24	無自停之日除是修行一心三止永超生死方可	無 自 停 之 日 除 是 修 行 一 心 三 止 永 超 生 死 方 可 
X13n0285_008:0354c01	停寢或是諸佛出現於世以不思議大慈悲力大	停 寢 或 是 諸 佛 出 現 於 世 以 不 思 議 大 慈 悲 力 大 
X13n0285_008:0354c02	神通力為之解怨釋結亦可停寢捨此二途縱經	神 通 力 為 之 解 怨 釋 結 亦 可 停 寢 捨 此 二 途 縱 經 
X13n0285_008:0354c03	塵劫常如轉輪然而奢摩他路殊不易臻諸佛出	塵 劫 常 如 轉 輪 然 而 奢 摩 他 路 殊 不 易 臻 諸 佛 出 
X13n0285_008:0354c04	世懸遠難值可不哀哉可不畏哉。二別顯。	世 懸 遠 難 值 可 不 哀 哉 可 不 畏 哉 二 別 顯 
X13n0285_008:0354c05	汝今應知彼梟倫者酬足復形生人道中參合頑類	汝 今 應 知 彼 梟 倫 者 酬 足 復 形 生 人 道 中 參 合 頑 類 
X13n0285_008:0354c06	彼咎徵者酬足復形生人道中參合異類彼狐倫者	彼 咎 徵 者 酬 足 復 形 生 人 道 中 參 合 異 類 彼 狐 倫 者 
X13n0285_008:0354c07	酬足復形生人道中參於庸類彼毒倫者酬足復形	酬 足 復 形 生 人 道 中 參 於 庸 類 彼 毒 倫 者 酬 足 復 形 
X13n0285_008:0354c08	生人道中參合狠類彼蛔倫者酬足復形生人道中	生 人 道 中 參 合 狠 類 彼 蛔 倫 者 酬 足 復 形 生 人 道 中 
X13n0285_008:0354c09	參合微類彼食倫者酬足復形生人道中參合柔類	參 合 微 類 彼 食 倫 者 酬 足 復 形 生 人 道 中 參 合 柔 類 
X13n0285_008:0354c10	彼服倫者酬足復形生人道中參合勞類彼應倫者	彼 服 倫 者 酬 足 復 形 生 人 道 中 參 合 勞 類 彼 應 倫 者 
X13n0285_008:0354c11	酬足復形生人道中參於文類彼休徵者酬足復形	酬 足 復 形 生 人 道 中 參 於 文 類 彼 休 徵 者 酬 足 復 形 
X13n0285_008:0354c12	生人道中參合明類彼循倫者酬足復形生人道中	生 人 道 中 參 合 明 類 彼 循 倫 者 酬 足 復 形 生 人 道 中 
X13n0285_008:0354c13	參於達類。	參 於 達 類 
X13n0285_008:0354c14	人道自有正因所謂五戒十善今是酬足復形故	人 道 自 有 正 因 所 謂 五 戒 十 善 今 是 酬 足 復 形 故 
X13n0285_008:0354c15	皆云參合也食故愚頑所謂利令智昏婬故妖異	皆 云 參 合 也 食 故 愚 頑 所 謂 利 令 智 昏 婬 故 妖 異 
X13n0285_008:0354c16	所謂亂倫滅理多詐故庸鄙可賤懷瞋故狠毒不	所 謂 亂 倫 滅 理 多 詐 故 庸 鄙 可 賤 懷 瞋 故 狠 毒 不 
X13n0285_008:0354c17	仁懷怨故陋劣輕微不齒於人慠慢故自失威力	仁 懷 怨 故 陋 劣 輕 微 不 齒 於 人 慠 慢 故 自 失 威 力 
X13n0285_008:0354c18	柔弱可欺誑他故勞形酬債邪見故巧飾文詞枉	柔 弱 可 欺 誑 他 故 勞 形 酬 債 邪 見 故 巧 飾 文 詞 枉 
X13n0285_008:0354c19	習故小慧明察訟習故世事敏達此非經天緯地	習 故 小 慧 明 察 訟 習 故 世 事 敏 達 此 非 經 天 緯 地 
X13n0285_008:0354c20	之文仰觀俯察之明聰明聖智之達也。三結示。	之 文 仰 觀 俯 察 之 明 聰 明 聖 智 之 達 也 三 結 示 
X13n0285_008:0354c21	阿難是等皆以宿債畢酬復形人道皆無始來業計	阿 難 是 等 皆 以 宿 債 畢 酬 復 形 人 道 皆 無 始 來 業 計 
X13n0285_008:0354c22	顛倒相生相殺不遇如來不聞正法於塵勞中法爾	顛 倒 相 生 相 殺 不 遇 如 來 不 聞 正 法 於 塵 勞 中 法 爾 
X13n0285_008:0354c23	轉輪此輩名為可憐愍者。	轉 輪 此 輩 名 為 可 憐 愍 者 
X13n0285_008:0354c24	雖則復形人道還於人道起惑造業不久又墮苦	雖 則 復 形 人 道 還 於 人 道 起 惑 造 業 不 久 又 墮 苦 
X13n0285_008:0355a01	輪由婬欲故相生由殺盜故相殺譬如揑目亂華	輪 由 婬 欲 故 相 生 由 殺 盜 故 相 殺 譬 如 揑 目 亂 華 
X13n0285_008:0355a02	發生誠可憐也修心之士可不以斷業計為急務	發 生 誠 可 憐 也 修 心 之 士 可 不 以 斷 業 計 為 急 務 
X13n0285_008:0355a03	哉。五示仙趣三初總標二別顯二結示。今初。	哉 五 示 仙 趣 三 初 總 標 二 別 顯 二 結 示 今 初 
X13n0285_008:0355a04	阿難復有從人不依正覺修三摩地別修妄念存想	阿 難 復 有 從 人 不 依 正 覺 修 三 摩 地 別 修 妄 念 存 想 
X13n0285_008:0355a05	固形遊於山林人不及處有十種仙。	固 形 遊 於 山 林 人 不 及 處 有 十 種 仙 
X13n0285_008:0355a06	言復有從人等者意顯進趣菩提惟有人道為易	言 復 有 從 人 等 者 意 顯 進 趣 菩 提 惟 有 人 道 為 易 
X13n0285_008:0355a07	今既幸得人身又復稍知修進乃不依正覺修三	今 既 幸 得 人 身 又 復 稍 知 修 進 乃 不 依 正 覺 修 三 
X13n0285_008:0355a08	摩地而別修妄念甚可惜也不依正覺謂不以正	摩 地 而 別 修 妄 念 甚 可 惜 也 不 依 正 覺 謂 不 以 正 
X13n0285_008:0355a09	覺為本修因不修三昧謂不以首楞嚴定上趨極	覺 為 本 修 因 不 修 三 昧 謂 不 以 首 楞 嚴 定 上 趨 極 
X13n0285_008:0355a10	果別修妄念正顯除佛法外決無真修存想固形	果 別 修 妄 念 正 顯 除 佛 法 外 決 無 真 修 存 想 固 形 
X13n0285_008:0355a11	正顯仙雖十種宗趣是同總不出於固其妄形而	正 顯 仙 雖 十 種 宗 趣 是 同 總 不 出 於 固 其 妄 形 而 
X13n0285_008:0355a12	已形有二種一浮塵根二勝義根若欲并肉身而	已 形 有 二 種 一 浮 塵 根 二 勝 義 根 若 欲 并 肉 身 而 
X13n0285_008:0355a13	常存則是固浮塵形若欲捨凡軀而蛻化則是固	常 存 則 是 固 浮 塵 形 若 欲 捨 凡 軀 而 蛻 化 則 是 固 
X13n0285_008:0355a14	勝義形計此勝義諸根以為本命元神而不知其	勝 義 形 計 此 勝 義 諸 根 以 為 本 命 元 神 而 不 知 其 
X13n0285_008:0355a15	如頻伽瓶秪是生死幻妄色法非實我也。二別	如 頻 伽 瓶 秪 是 生 死 幻 妄 色 法 非 實 我 也 二 別 
X13n0285_008:0355a16	顯。	顯 
X13n0285_008:0355a17	阿難彼諸眾生堅固服餌而不休息食道圓成名地	阿 難 彼 諸 眾 生 堅 固 服 餌 而 不 休 息 食 道 圓 成 名 地 
X13n0285_008:0355a18	行仙堅固草木而不休息藥道圓成名飛行仙堅固	行 仙 堅 固 草 木 而 不 休 息 藥 道 圓 成 名 飛 行 仙 堅 固 
X13n0285_008:0355a19	金石而不休息化道圓成名遊行仙堅固動止而不	金 石 而 不 休 息 化 道 圓 成 名 遊 行 仙 堅 固 動 止 而 不 
X13n0285_008:0355a20	休息氣精圓成名空行仙堅固津液而不休息潤德	休 息 氣 精 圓 成 名 空 行 仙 堅 固 津 液 而 不 休 息 潤 德 
X13n0285_008:0355a21	圓成名天行仙堅固精色而不休息吸粹圓成名通	圓 成 名 天 行 仙 堅 固 精 色 而 不 休 息 吸 粹 圓 成 名 通 
X13n0285_008:0355a22	行仙堅固呪禁而不休息術法圓成名道行仙堅固	行 仙 堅 固 呪 禁 而 不 休 息 術 法 圓 成 名 道 行 仙 堅 固 
X13n0285_008:0355a23	思念而不休息思憶圓成名照行仙堅固交遘而不	思 念 而 不 休 息 思 憶 圓 成 名 照 行 仙 堅 固 交 遘 而 不 
X13n0285_008:0355a24	休息感應圓成名精行仙堅固變化而不休息覺悟	休 息 感 應 圓 成 名 精 行 仙 堅 固 變 化 而 不 休 息 覺 悟 
X13n0285_008:0355b01	圓成名絕行仙。	圓 成 名 絕 行 仙 
X13n0285_008:0355b02	堅固服餌者服延生物不忌烟火故但得長壽名	堅 固 服 餌 者 服 延 生 物 不 忌 烟 火 故 但 得 長 壽 名 
X13n0285_008:0355b03	地行仙堅固草木者不用烟火但飡松柏黃精之	地 行 仙 堅 固 草 木 者 不 用 烟 火 但 飡 松 柏 黃 精 之 
X13n0285_008:0355b04	類故身能輕舉名飛行仙堅固金石者用五金五	類 故 身 能 輕 舉 名 飛 行 仙 堅 固 金 石 者 用 五 金 五 
X13n0285_008:0355b05	石以鍊外丹故能化形易骨攝土點石遊戲人間	石 以 鍊 外 丹 故 能 化 形 易 骨 攝 土 點 石 遊 戲 人 間 
X13n0285_008:0355b06	名遊行仙堅固動止者調氣固精遺形涉空故氣	名 遊 行 仙 堅 固 動 止 者 調 氣 固 精 遺 形 涉 空 故 氣 
X13n0285_008:0355b07	精圓成名空行仙堅固津液者皷天池嚥津液不	精 圓 成 名 空 行 仙 堅 固 津 液 者 皷 天 池 嚥 津 液 不 
X13n0285_008:0355b08	交世欲故令肌膚若氷雪綽約若處子與天無異	交 世 欲 故 令 肌 膚 若 氷 雪 綽 約 若 處 子 與 天 無 異 
X13n0285_008:0355b09	名天行仙堅固精色者吸風飲露採取日月精華	名 天 行 仙 堅 固 精 色 者 吸 風 飲 露 採 取 日 月 精 華 
X13n0285_008:0355b10	故能通於造化名通行仙堅固呪禁者專精術法	故 能 通 於 造 化 名 通 行 仙 堅 固 呪 禁 者 專 精 術 法 
X13n0285_008:0355b11	故能役使鬼神顯其道力名道行仙如此方張道	故 能 役 使 鬼 神 顯 其 道 力 名 道 行 仙 如 此 方 張 道 
X13n0285_008:0355b12	陵之流又依內教蜜部亦有誤成此者堅固思念	陵 之 流 又 依 內 教 蜜 部 亦 有 誤 成 此 者 堅 固 思 念 
X13n0285_008:0355b13	者或存想頂門而出神或繫心丹田而鍊氣或送	者 或 存 想 頂 門 而 出 神 或 繫 心 丹 田 而 鍊 氣 或 送 
X13n0285_008:0355b14	想蓬萊而委蛻澄凝精思久能照應故名為照行	想 蓬 萊 而 委 蛻 澄 凝 精 思 久 能 照 應 故 名 為 照 行 
X13n0285_008:0355b15	仙堅固交遘者以心為離火腎為坎水降火提水	仙 堅 固 交 遘 者 以 心 為 離 火 腎 為 坎 水 降 火 提 水 
X13n0285_008:0355b16	令其交遘以成仙胎故感應圓成名精行仙堅固	令 其 交 遘 以 成 仙 胎 故 感 應 圓 成 名 精 行 仙 堅 固 
X13n0285_008:0355b17	變化者謂存想變化之理心隨邪悟故能起大變	變 化 者 謂 存 想 變 化 之 理 心 隨 邪 悟 故 能 起 大 變 
X13n0285_008:0355b18	化其行超絕名絕行仙夫此十仙雖復高下不同	化 其 行 超 絕 名 絕 行 仙 夫 此 十 仙 雖 復 高 下 不 同 
X13n0285_008:0355b19	一一皆云堅固而不休息方得圓成則其修鍊功	一 一 皆 云 堅 固 而 不 休 息 方 得 圓 成 則 其 修 鍊 功 
X13n0285_008:0355b20	夫殊亦非易易者乃所成妄果不過壽千萬歲倘	夫 殊 亦 非 易 易 者 乃 所 成 妄 果 不 過 壽 千 萬 歲 倘 
X13n0285_008:0355b21	將此全副精神依於正覺修三摩地豈不能頓階	將 此 全 副 精 神 依 於 正 覺 修 三 摩 地 豈 不 能 頓 階 
X13n0285_008:0355b22	常住乎譬如不龜手藥但洴[糸*辟]纊又如夜明之珠	常 住 乎 譬 如 不 龜 手 藥 但 洴 [糸辟] 纊 又 如 夜 明 之 珠 
X13n0285_008:0355b23	用彈黃雀亦可歎也。三結示。	用 彈 黃 雀 亦 可 歎 也 三 結 示 
X13n0285_008:0355b24	阿難是等皆於人中鍊心不修正覺別得生理壽千	阿 難 是 等 皆 於 人 中 鍊 心 不 修 正 覺 別 得 生 理 壽 千 
X13n0285_008:0355c01	萬歲休止深山或大海島絕於人境斯亦輪迴妄想	萬 歲 休 止 深 山 或 大 海 島 絕 於 人 境 斯 亦 輪 迴 妄 想 
X13n0285_008:0355c02	流轉不修三昧報盡還來散入諸趣。	流 轉 不 修 三 昧 報 盡 還 來 散 入 諸 趣 
X13n0285_008:0355c03	雖鍊心而不修正覺是故迷無生而別得生理也	雖 鍊 心 而 不 修 正 覺 是 故 迷 無 生 而 別 得 生 理 也 
X13n0285_008:0355c04	仙報既盡依舊隨業流轉散入諸餘六趣矣何足	仙 報 既 盡 依 舊 隨 業 流 轉 散 入 諸 餘 六 趣 矣 何 足 
X13n0285_008:0355c05	貴耶。六示天趣二初別示諸天二總結虗妄。	貴 耶 六 示 天 趣 二 初 別 示 諸 天 二 總 結 虗 妄 
X13n0285_008:0355c06	初中三初欲界二色界三無色界。初又三初總	初 中 三 初 欲 界 二 色 界 三 無 色 界 初 又 三 初 總 
X13n0285_008:0355c07	標欲天之因二別示六天之相三結成欲界之名。	標 欲 天 之 因 二 別 示 六 天 之 相 三 結 成 欲 界 之 名 
X13n0285_008:0355c08	今初。	今 初 
X13n0285_008:0355c09	阿難諸世間人不求常住未能捨離妻妾恩愛。	阿 難 諸 世 間 人 不 求 常 住 未 能 捨 離 妻 妾 恩 愛 
X13n0285_008:0355c10	不求常住者無有出世智慧此三界之通惑也未	不 求 常 住 者 無 有 出 世 智 慧 此 三 界 之 通 惑 也 未 
X13n0285_008:0355c11	能捨離妻妾恩愛者不修出世戒定此欲界之別	能 捨 離 妻 妾 恩 愛 者 不 修 出 世 戒 定 此 欲 界 之 別 
X13n0285_008:0355c12	惑也由此二惑所以常為欲界所繫。二別示六	惑 也 由 此 二 惑 所 以 常 為 欲界所繫 二 別 示 六 
X13n0285_008:0355c13	天之相即為六初四天王天(至)六他化自在天	天 之 相 即 為 六 初 四天王天 至 六 他化自在天 
X13n0285_008:0355c14	今初。	今 初 
X13n0285_008:0355c15	於邪婬中心不流逸澄鎣生明命終之後鄰於日月	於 邪 婬 中 心 不 流 逸 澄 鎣 生 明 命終之後 鄰 於 日 月 
X13n0285_008:0355c16	如是一類名四天王天。	如 是 一 類 名 四天王天 
X13n0285_008:0355c17	欲界諸天同以上品十善為因今獨舉邪婬一事	欲 界 諸 天 同 以 上 品 十 善 為 因 今 獨 舉 邪 婬 一 事 
X13n0285_008:0355c18	者由此婬欲正是生死根本故單約此以論昇沉	者 由 此 婬 欲 正 是 生 死 根 本 故 單 約 此 以 論 昇 沉 
X13n0285_008:0355c19	其餘可例知也據正法念處經不殺功德增上能	其 餘 可 例 知 也 據 正 法 念 處 經 不 殺 功 德 增 上 能 
X13n0285_008:0355c20	生此天今於邪婬心不流逸則不殺功德不俟言	生 此 天 今 於 邪 婬 心 不 流 逸 則 不 殺 功 德 不 俟 言 
X13n0285_008:0355c21	矣言四天王者東方持國為乾闥婆王南方增長	矣 言 四 天 王 者 東 方 持 國 為 乾 闥 婆 王 南 方 增 長 
X13n0285_008:0355c22	為鳩槃荼王西方廣目為龍王北方多聞為夜叉	為 鳩 槃 荼 王 西 方 廣 目 為 龍 王 北 方 多 聞 為 夜 叉 
X13n0285_008:0355c23	王此天離人間地四萬二千由旬身長拘盧舍四	王 此 天 離 人 間 地 四 萬 二 千 由 旬 身 長 拘 盧 舍 四 
X13n0285_008:0355c24	分之一當此間周尺七十五丈以人間五十年為	分 之 一 當 此 間 周 尺 七 十 五 丈 以 人 間 五 十 年 為 
X13n0285_008:0356a01	一晝夜壽五百歲計人間數則是九百萬年亦復	一 晝 夜 壽 五 百 歲 計 人 間 數 則 是 九 百 萬 年 亦 復 
X13n0285_008:0356a02	有中夭者死時五衰相現甚太苦惱。二忉利	有 中 夭 者 死 時 五 衰 相 現 甚 太 苦 惱 二 忉 利 
X13n0285_008:0356a03	天。	天 
X13n0285_008:0356a04	於己妻房婬愛微薄於淨居時不得全味命終之後	於 己 妻 房 婬 愛 微 薄 於 淨 居 時 不 得 全 味 命終之後 
X13n0285_008:0356a05	超日月明居人間頂如是一類名忉利天。	超 日 月 明 居 人 間 頂 如 是 一 類 名 忉 利 天 
X13n0285_008:0356a06	正婬亦薄故超前天據正法念處經不殺不盜功	正 婬 亦 薄 故 超 前 天 據 正 法 念 處 經 不 殺 不 盜 功 
X13n0285_008:0356a07	德增上能生此天居人間頂即指須彌山頂今望	德 增 上 能 生 此 天 居 人 間 頂 即 指 須彌山頂 今 望 
X13n0285_008:0356a08	之而蒼蒼者是也離地八萬四千由旬共有三十	之 而 蒼 蒼 者 是 也 離 地 八萬四千 由 旬 共 有 三 十 
X13n0285_008:0356a09	三天謂四方各有八天宮殿并中間帝釋天王宮	三 天 謂 四 方 各 有 八 天 宮 殿 并 中 間 帝 釋 天 王 宮 
X13n0285_008:0356a10	殿並列而居故名三十三天天身皆長半拘盧舍	殿 並 列 而 居 故 名 三十三天 天 身 皆 長 半 拘 盧 舍 
X13n0285_008:0356a11	當周尺一百五十丈帝釋身長一拘盧舍與兜率	當 周 尺 一 百 五 十 丈 帝 釋 身 長 一 拘 盧 舍 與 兜 率 
X13n0285_008:0356a12	天身相等由其過去偏修恭敬業故以人間百年	天 身 相 等 由 其 過 去 偏 修 恭 敬 業 故 以 人 間 百 年 
X13n0285_008:0356a13	為一晝夜壽一千歲計人間數則是三千六百萬	為 一 晝 夜 壽 一 千 歲 計 人 間 數 則 是 三 千 六 百 萬 
X13n0285_008:0356a14	年亦有中夭及五衰相現之苦以下四天並同。	年 亦 有 中 夭 及 五 衰 相 現 之 苦 以 下 四 天 並 同 
X13n0285_008:0356a15	三須燄摩天。	三 須 燄 摩 天 
X13n0285_008:0356a16	逢欲暫交去無思憶於人間世動少靜多命終之後	逢 欲 暫 交 去 無 思 憶 於 人 間 世 動 少 靜 多 命終之後 
X13n0285_008:0356a17	於虗空中朗然安住日月光明上照不及是諸人等	於 虗 空 中 朗 然 安 住 日 月 光 明 上 照 不 及 是 諸 人 等 
X13n0285_008:0356a18	自有光明如是一類名須燄摩天。	自 有 光 明 如 是 一 類 名 須 燄 摩 天 
X13n0285_008:0356a19	動少靜多即是兼學坐禪故能超地居而成空居	動 少 靜 多 即 是 兼 學 坐 禪 故 能 超 地 居 而 成 空 居 
X13n0285_008:0356a20	也據正法念處經不殺不盜不邪婬功德增上能	也 據 正 法 念 處 經 不 殺 不 盜 不 邪 婬 功 德 增 上 能 
X13n0285_008:0356a21	生此天離此間地去十六萬由旬有地如雲朗然	生 此 天 離 此 間 地 去 十 六 萬 由 旬 有 地 如 雲 朗 然 
X13n0285_008:0356a22	安住但以蓮華開合而為晝夜名須燄摩亦云夜	安 住 但 以 蓮 華 開 合 而 為 晝 夜 名 須 燄 摩 亦 云 夜 
X13n0285_008:0356a23	摩此翻時分亦翻妙善也身長周尺二百二十五	摩 此 翻 時 分 亦 翻 妙 善 也 身 長 周 尺 二 百 二 十 五 
X13n0285_008:0356a24	丈以人間二百年為一晝夜壽二千歲。四兜率	丈 以 人 間 二 百 年 為 一 晝 夜 壽 二 千 歲 四 兜 率 
X13n0285_008:0356b01	陀天。	陀 天 
X13n0285_008:0356b02	一切時靜有應觸來未能違戾命終之後上升精微	一 切 時 靜 有 應 觸 來 未 能 違 戾 命終之後 上 升 精 微 
X13n0285_008:0356b03	不接下界諸人天境乃至劫壞三災不及如是一類	不 接 下 界 諸 人 天 境 乃 至 劫 壞 三 災 不 及 如 是 一 類 
X13n0285_008:0356b04	名兜率陀天。	名 兜 率 陀 天 
X13n0285_008:0356b05	一切時靜已成欲界中定故能不接下界諸人天	一 切 時 靜 已 成 欲 界 中 定 故 能 不 接 下 界 諸 人 天 
X13n0285_008:0356b06	境此通指外院而言之也乃至劫壞三災不及別	境 此 通 指 外 院 而 言 之 也 乃 至 劫 壞 三 災 不 及 別 
X13n0285_008:0356b07	指內院言之兜率陀亦云覩史此翻知足亦翻妙	指 內 院 言 之 兜 率 陀 亦 云 覩 史 此 翻 知 足 亦 翻 妙 
X13n0285_008:0356b08	足據正法念處經身三口四善戒功德增上能生	足 據 正 法 念 處 經 身 三 口 四 善 戒 功 德 增 上 能 生 
X13n0285_008:0356b09	此天離此間地去三十二萬由旬有地如雲於上	此 天 離 此 間 地 去 三 十 二 萬 由 旬 有 地 如 雲 於 上 
X13n0285_008:0356b10	安住身長周尺三百丈以人間四百年為一晝夜	安 住 身 長 周 尺 三 百 丈 以 人 間 四 百 年 為 一 晝 夜 
X13n0285_008:0356b11	壽四千歲。五樂變化天。	壽 四 千 歲 五 樂變化天 
X13n0285_008:0356b12	我無欲心應汝行事於橫陳時味如嚼蠟命終之後	我 無 欲 心 應 汝 行 事 於 橫 陳 時 味 如 嚼 蠟 命終之後 
X13n0285_008:0356b13	生越化地如是一類名樂變化天。	生 越 化 地 如 是 一 類 名 樂變化天 
X13n0285_008:0356b14	嚼蠟以喻無味此是既成欲界中定進修未到地	嚼 蠟 以 喻 無 味 此 是 既 成 欲 界 中 定 進 修 未 到 地 
X13n0285_008:0356b15	定之境界也越化者超越下地能為變化故名樂	定 之 境 界 也 越 化 者 超 越 下 地 能 為 變 化 故 名 樂 
X13n0285_008:0356b16	變化天亦名化樂梵稱須洹密陀也離此間地去	變 化 天 亦 名 化 樂 梵 稱 須 洹 密 陀 也 離 此 間 地 去 
X13n0285_008:0356b17	六十四萬由旬有地如雲於上安住身長三百七	六 十 四 萬 由 旬 有 地 如 雲 於 上 安 住 身 長 三 百 七 
X13n0285_008:0356b18	十五丈以人間八百年為一晝夜壽八千歲。六	十 五 丈 以 人 間 八 百 年 為 一 晝 夜 壽 八 千 歲 六 
X13n0285_008:0356b19	他化自在天。	他化自在天 
X13n0285_008:0356b20	無世間心同世行事於行事交了然超越命終之後	無 世 間 心 同 世 行 事 於 行 事 交 了 然 超 越 命終之後 
X13n0285_008:0356b21	徧能出超化無化境如是一類名他化自在天。	徧 能 出 超 化 無 化 境 如 是 一 類 名 他化自在天 
X13n0285_008:0356b22	於行事交了然超越即是已成未到地定并嚼蠟	於 行 事 交 了 然 超 越 即 是 已 成 未 到 地 定 并 嚼 蠟 
X13n0285_008:0356b23	之味而亦無也超化境謂超第五樂變化天超無	之 味 而 亦 無 也 超 化 境 謂 超 第 五 樂變化天 超 無 
X13n0285_008:0356b24	化境謂超前之四天梵語婆舍拔提此云他化自	化 境 謂 超 前 之 四 天 梵 語 婆 舍 拔 提 此 云 他 化 自 
X13n0285_008:0356c01	在離此間地去一百二十八萬由旬有地如雲於	在 離 此 間 地 去 一 百 二 十 八 萬 由 旬 有 地 如 雲 於 
X13n0285_008:0356c02	上安住身長四百五十丈以人間一千六百年為	上 安 住 身 長 四 百 五 十 丈 以 人 間 一 千 六 百 年 為 
X13n0285_008:0356c03	一晝夜壽一萬六千歲又魔王宮殿亦在此天或	一 晝 夜 壽 一 萬 六 千 歲 又 魔 王 宮 殿 亦 在 此 天 或 
X13n0285_008:0356c04	云在欲色二界中間別有魔宮也。三結成欲界	云 在 欲 色 二 界 中 間 別 有 魔 宮 也 三 結 成 欲 界 
X13n0285_008:0356c05	之名。	之 名 
X13n0285_008:0356c06	阿難如是六天形雖出動心迹尚交自此以還名為	阿 難 如 是 六 天 形 雖 出 動 心 迹 尚 交 自 此 以 還 名 為 
X13n0285_008:0356c07	欲界。	欲 界 
X13n0285_008:0356c08	形雖出動言出於人間散動境界也心迹尚交言	形 雖 出 動 言 出 於 人 間 散 動 境 界 也 心 迹 尚 交 言 
X13n0285_008:0356c09	下四天心迹俱交化樂他化心雖不交而迹尚交	下 四 天 心 迹 俱 交 化 樂 他 化 心 雖 不 交 而 迹 尚 交 
X13n0285_008:0356c10	此約因中言之若約果言則四王與人間同忉利	此 約 因 中 言 之 若 約 果 言 則 四 王 與 人 間 同 忉 利 
X13n0285_008:0356c11	二根相到但出風氣無有不淨夜摩相拘為欲兜	二 根 相 到 但 出 風 氣 無 有 不 淨 夜 摩 相 拘 為 欲 兜 
X13n0285_008:0356c12	率執手為欲則是心迹俱交化樂共笑為欲他化	率 執 手 為 欲 則 是 心 迹 俱 交 化 樂 共 笑 為 欲 他 化 
X13n0285_008:0356c13	相視為欲則是心交而迹不交然雖因中果上輕	相 視 為 欲 則 是 心 交 而 迹 不 交 然 雖 因 中 果 上 輕 
X13n0285_008:0356c14	重各殊總未離男女欲愛故同名欲界也。	重 各 殊 總 未 離 男 女 欲 愛 故 同 名 欲 界 也 
X13n0285_009:0357a07	大佛頂如來密因修證了義諸菩薩萬行首楞嚴經	大 佛 頂 如 來 密 因 修 證 了 義 諸 菩 薩 萬 行 首 楞 嚴 經 
X13n0285_009:0357a08	卷第九文句	卷 第 九 文 句 
X13n0285_009:0357a09	唐天竺沙門般剌密諦　譯經	唐 天 竺 沙 門 般 剌 密 諦 譯 經 
X13n0285_009:0357a10	明菩薩沙彌古吳智旭　文句	明 菩 薩 沙 彌 古 吳 智 旭 文 句 
X13n0285_009:0357a11	二色界三初總出其因二別明其相三總結其名。	二 色 界 三 初 總 出 其 因 二 別 明 其 相 三 總 結 其 名 
X13n0285_009:0357a12	今初。	今 初 
X13n0285_009:0357a13	阿難世間一切所修心人不假禪那無有智慧但能	阿 難 世 間 一 切 所 修 心 人 不 假 禪 那 無 有 智 慧 但 能 
X13n0285_009:0357a14	執身不行婬欲若行若坐想念俱無。	執 身 不 行 婬 欲 若 行 若 坐 想 念 俱 無 
X13n0285_009:0357a15	此總明四禪之因也以其能伏下地思惑亦名修	此 總 明 四 禪 之 因 也 以 其 能 伏 下 地 思 惑 亦 名 修 
X13n0285_009:0357a16	心以其不修出世妙定故云不假禪那以其不修	心 以 其 不 修 出 世 妙 定 故 云 不 假 禪 那 以 其 不 修 
X13n0285_009:0357a17	出世妙慧故云無有智慧以其不修出世妙戒但	出 世 妙 慧 故 云 無 有 智 慧 以 其 不 修 出 世 妙 戒 但 
X13n0285_009:0357a18	修世間事戒事禪故云但能執身不行婬欲若行	修 世 間 事 戒 事 禪 故 云 但 能 執 身 不 行 婬 欲 若 行 
X13n0285_009:0357a19	若坐想念俱無也夫不行婬欲則身恒清淨十善	若 坐 想 念 俱 無 也 夫 不 行 婬 欲 則 身 恒 清 淨 十 善 
X13n0285_009:0357a20	事戒成就想念俱無則心亦清淨十支功德發生	事 戒 成 就 想 念 俱 無 則 心 亦 清 淨 十 支 功 德 發 生 
X13n0285_009:0357a21	而不名出世妙戒妙定者以是舊醫之法凡夫外	而 不 名 出 世 妙 戒 妙 定 者 以 是 舊 醫 之 法 凡 夫 外 
X13n0285_009:0357a22	道所能建立非是如來所結波羅提木叉故也客	道 所 能 建 立 非 是 如 來 所 結 波羅提木叉 故 也 客 
X13n0285_009:0357a23	戒客定客慧台宗辨之頗詳人都忽而不察亦可	戒 客 定 客 慧 台 宗 辨 之 頗 詳 人 都 忽 而 不 察 亦 可 
X13n0285_009:0357a24	慨矣。二別明其相即為四初明初禪(至)四明四	慨 矣 二 別 明 其 相 即 為 四 初 明 初 禪 至 四 明 四 
X13n0285_009:0357b01	禪。今初。	禪 今 初 
X13n0285_009:0357b02	愛染不生無留欲界是人應念身為梵侶如是一類	愛 染 不 生 無 留 欲 界 是 人 應 念 身 為 梵 侶 如 是 一 類 
X13n0285_009:0357b03	名梵眾天欲習既除離欲心現於諸律儀愛樂隨順	名 梵 眾 天 欲 習 既 除 離 欲 心 現 於 諸 律 儀 愛 樂 隨 順 
X13n0285_009:0357b04	是人應時能行梵德如是一類名梵輔天身心妙圓	是 人 應 時 能 行 梵 德 如 是 一 類 名 梵 輔 天 身 心 妙 圓 
X13n0285_009:0357b05	威儀不缺清淨禁戒加以明悟是人應時能統梵眾	威 儀 不 缺 清 淨 禁 戒 加 以 明 悟 是 人 應 時 能 統 梵 眾 
X13n0285_009:0357b06	為大梵王如是一類名大梵天阿難此三勝流一切	為 大 梵 王 如 是 一 類 名 大 梵 天 阿 難 此 三 勝 流 一 切 
X13n0285_009:0357b07	苦惱所不能逼雖非正修真三摩地清淨心中諸漏	苦 惱 所 不 能 逼 雖 非 正 修 真 三 摩 地 清 淨 心 中 諸 漏 
X13n0285_009:0357b08	不動名為初禪。	不 動 名 為 初 禪 
X13n0285_009:0357b09	清淨離欲故名為梵梵眾即是梵民律儀亦指世	清 淨 離 欲 故 名 為 梵 梵 眾 即 是 梵 民 律 儀 亦 指 世 
X13n0285_009:0357b10	間微細禁戒非必是佛戒也梵輔即是梵臣心既	間 微 細 禁 戒 非 必 是 佛 戒 也 梵 輔 即 是 梵 臣 心 既 
X13n0285_009:0357b11	離欲身順律儀故曰身心妙圓此妙圓字特就彼	離 欲 身 順 律 儀 故 曰 身 心 妙 圓 此 妙 圓 字 特 就 彼 
X13n0285_009:0357b12	天言之遠離欲界一切麤濁名之為妙較前二天	天 言 之 遠 離 欲 界 一 切 麤 濁 名 之 為 妙 較 前 二 天 
X13n0285_009:0357b13	功德滿足名之為圓加以明悟者即是修於四無	功 德 滿 足 名 之 為 圓 加 以 明 悟 者 即 是 修 於 四 無 
X13n0285_009:0357b14	量心成就故得為梵王也言勝流者展轉勝下地	量 心 成 就 故 得 為 梵 王 也 言 勝 流 者 展 轉 勝 下 地 
X13n0285_009:0357b15	故下皆倣此一切苦惱即指欲界八苦諸漏二字	故 下 皆 倣 此 一 切 苦 惱 即 指 欲 界 八 苦 諸 漏 二 字 
X13n0285_009:0357b16	亦指欲界思惑也禪者梵語具云禪那此翻靜慮	亦 指 欲 界 思 惑 也 禪 者 梵 語 具 云 禪 那 此 翻 靜 慮 
X13n0285_009:0357b17	靜則不同欲界之散動慮則不同四空之昏昧故	靜 則 不 同 欲 界 之 散 動 慮 則 不 同 四 空 之 昏 昧 故 
X13n0285_009:0357b18	亦名等持也初禪於九地中名離生喜樂地謂離	亦 名 等 持 也 初 禪 於 九 地 中 名 離生喜樂 地 謂 離 
X13n0285_009:0357b19	欲界雜惡趣生得清淨樂律中喻以巧浴潤漬也	欲 界 雜 惡 趣 生 得 清 淨 樂 律 中 喻 以 巧 浴 潤 漬 也 
X13n0285_009:0357b20	吳興曰初禪修五法離五益成五支具八觸十功	吳 興 曰 初 禪 修 五 法 離 五 益 成 五 支 具 八 觸 十 功 
X13n0285_009:0357b21	德相五法者欲念精進慧一心五益者貪欲瞋恚	德 相 五 法 者 欲 念 精 進 慧 一 心 五 益 者 貪欲瞋恚 
X13n0285_009:0357b22	睡眠掉悔疑五支者覺觀喜樂一心八觸者動癢	睡 眠 掉 悔 疑 五 支 者 覺 觀 喜 樂 一 心 八 觸 者 動 癢 
X13n0285_009:0357b23	涼煖輕重澀滑復有八觸掉猗冷熱浮沉堅軟此	涼 煖 輕 重 澀 滑 復 有 八 觸 掉 猗 冷 熱 浮 沉 堅 軟 此 
X13n0285_009:0357b24	八雖與前觸太同若約分別不無小異合而言之	八 雖 與 前 觸 太 同 若 約 分 別 不 無 小 異 合 而 言 之 
X13n0285_009:0357c01	名十六觸十功德者一定二空三明淨四喜悅五	名 十 六 觸 十 功 德 者 一 定 二 空 三 明 淨 四 喜 悅 五 
X13n0285_009:0357c02	樂六善心七知見明了八無累解脫九境界現前	樂 六 善 心 七 知 見 明 了 八 無 累 解 脫 九 境界現前 
X13n0285_009:0357c03	十心調柔軟梵眾天壽二十小劫身半由旬梵輔	十 心 調 柔 軟 梵 眾 天 壽 二 十 小 劫 身 半 由 旬 梵 輔 
X13n0285_009:0357c04	天壽四十小劫身一由旬大梵天壽六十小劫身	天 壽 四 十 小 劫 身 一 由 旬 大 梵 天 壽 六 十 小 劫 身 
X13n0285_009:0357c05	一由旬半貌如童子身白銀色衣黃金衣禪悅為	一 由 旬 半 貌 如 童 子 身 白 銀 色 衣 黃 金 衣 禪 悅 為 
X13n0285_009:0357c06	食又起世因本經云色界天不著衣服如著不異	食 又 起 世 因 本 經 云 色 界 天 不 著 衣 服 如 著 不 異 
X13n0285_009:0357c07	頭雖無髻如著天冠無男女相形惟一種法苑珠	頭 雖 無 髻 如 著 天 冠 無 男 女 相 形 惟 一 種 法 苑 珠 
X13n0285_009:0357c08	林云大梵天無別住處但於梵輔有層臺高顯嚴	林 云 大 梵 天 無 別 住 處 但 於 梵 輔 有 層 臺 高 顯 嚴 
X13n0285_009:0357c09	博大梵天王獨於上住以別羣下於此三天之中	博 大 梵 天 王 獨 於 上 住 以 別 羣 下 於 此 三 天 之 中 
X13n0285_009:0357c10	梵眾是庶民梵輔是臣大梵是君唯此初禪有其	梵 眾 是 庶 民 梵 輔 是 臣 大 梵 是 君 唯 此 初 禪 有 其 
X13n0285_009:0357c11	君臣民庶之別自此以上悉皆無也今按後文四	君 臣 民 庶 之 別 自 此 以 上 悉 皆 無 也 今 按 後 文 四 
X13n0285_009:0357c12	禪四位天王及華嚴經亦有二禪三禪天王等則	禪 四 位 天 王 及 華 嚴 經 亦 有 二 禪 三 禪 天 王 等 則 
X13n0285_009:0357c13	知此說亦未盡然矣劫盡火災得至此天由其內	知 此 說 亦 未 盡 然 矣 劫 盡 火 災 得 至 此 天 由 其 內 
X13n0285_009:0357c14	有覺觀火故。二明二禪。	有 覺 觀 火 故 二 明 二 禪 
X13n0285_009:0357c15	阿難其次梵天統攝梵人圓滿梵行澄心不動寂湛	阿 難 其 次 梵 天 統 攝 梵 人 圓 滿 梵 行 澄 心 不 動 寂 湛 
X13n0285_009:0357c16	生光如是一類名少光天光光相然照耀無盡映十	生 光 如 是 一 類 名 少 光 天 光 光 相 然 照 耀 無 盡 映 十 
X13n0285_009:0357c17	方界徧成瑠璃如是一類名無量光天吸持圓光成	方 界 徧 成 瑠 璃 如 是 一 類 名 無量光天 吸 持 圓 光 成 
X13n0285_009:0357c18	就教體發化清淨應用無盡如是一類名光音天阿	就 教 體 發 化 清 淨 應 用 無 盡 如 是 一 類 名 光 音 天 阿 
X13n0285_009:0357c19	難此三勝流一切憂懸所不能逼雖非正修真三摩	難 此 三 勝 流 一 切 憂 懸 所 不 能 逼 雖 非 正 修 真 三 摩 
X13n0285_009:0357c20	地清淨心中麤漏已伏名為二禪。	地 清 淨 心 中 麤 漏 已 伏 名 為 二 禪 
X13n0285_009:0357c21	圓滿梵行牒前梵王而言之也澄心不動謂并離	圓 滿 梵 行 牒 前 梵 王 而 言 之 也 澄 心 不 動 謂 并 離 
X13n0285_009:0357c22	其覺觀二支成就內清喜樂一心四支功德也映	其 覺 觀 二 支 成 就 內 清 喜 樂 一 心 四 支 功 德 也 映 
X13n0285_009:0357c23	十方界且指中千世界為十方也光為教體喻如	十 方 界 且 指 中千世界 為 十 方 也 光 為 教 體 喻 如 
X13n0285_009:0357c24	人世以音為教故名光音非謂光實有聲也初禪	人 世 以 音 為 教 故 名 光 音 非 謂 光 實 有 聲 也 初 禪 
X13n0285_009:0358a01	有覺有觀故有憂懸亦名麤漏今覺觀俱離則憂	有 覺 有 觀 故 有 憂 懸 亦 名 麤 漏 今 覺 觀 俱 離 則 憂 
X13n0285_009:0358a02	懸不逼而麤漏已伏名定生喜樂地謂有定水潤	懸 不 逼 而 麤 漏 已 伏 名 定生喜樂地 謂 有 定 水 潤 
X13n0285_009:0358a03	澤其心律中喻以山頂之泉也八觸十功德亦同	澤 其 心 律 中 喻 以 山 頂 之 泉 也 八 觸 十 功 德 亦 同 
X13n0285_009:0358a04	初禪但從內淨俱發為異少光壽二大劫身二由	初 禪 但 從 內 淨 俱 發 為 異 少 光 壽 二 大 劫 身 二 由 
X13n0285_009:0358a05	旬無量光壽四大劫身四由旬光音壽八大劫身	旬 無 量 光 壽 四 大 劫 身 四 由 旬 光 音 壽 八 大 劫 身 
X13n0285_009:0358a06	八由旬火災不到水災得至由其內心有喜水故。	八 由 旬 火 災 不 到 水 災 得 至 由 其 內 心 有 喜 水 故 
X13n0285_009:0358a07	三明三禪。	三 明 三 禪 
X13n0285_009:0358a08	阿難如是天人(既已)圓光成音(今更)披(去光)音(教迹)露(出)妙(定)	阿 難 如 是 天 人 既 已 圓 光 成 音 今 更 披 去 光 音 教 迹 露 出 妙 定 
X13n0285_009:0358a09	發成精(純之)行通(於)寂滅(之)樂如是一類名少淨天淨	發 成 精 純 之 行 通 於 寂 滅 之 樂 如 是 一 類 名 少 淨 天 淨 
X13n0285_009:0358a10	空現前引發(猶言拓充)無際身心輕安成(就)寂滅(之)樂如	空 現 前 引 發 猶 言 拓 充 無 際 身心輕安 成 就 寂 滅 之 樂 如 
X13n0285_009:0358a11	是一類唯無量淨天世界身心一切圓淨淨德成就	是 一 類 唯 無量淨天 世 界 身 心 一 切 圓 淨 淨 德 成 就 
X13n0285_009:0358a12	(殊)勝(歸)託(之境)現前歸(於)寂滅(之)樂如是一類名徧淨	 殊 勝 歸 託 之 境 現 前 歸 於 寂 滅 之 樂 如 是 一 類 名 徧 淨 
X13n0285_009:0358a13	天阿難此三勝流具大隨順身心安隱得無量樂雖	天 阿 難 此 三 勝 流 具 大 隨 順 身 心 安 隱 得 無 量 樂 雖 
X13n0285_009:0358a14	非正得真三摩地安隱心中歡喜畢具名為三禪。	非 正 得 真 三 摩 地 安 隱 心 中 歡 喜 畢 具 名 為 三 禪 
X13n0285_009:0358a15	此第三禪具有五支功德一捨二念三慧四樂五	此 第 三 禪 具 有 五 支 功 德 一 捨 二 念 三 慧 四 樂 五 
X13n0285_009:0358a16	一心蓋離前喜動而生淨樂此樂并境乃出乎淨	一 心 蓋 離 前 喜 動 而 生 淨 樂 此 樂 并 境 乃 出 乎 淨 
X13n0285_009:0358a17	性恬澹寂靜故名寂滅樂耳非是無漏寂滅樂也	性 恬 澹 寂 靜 故 名 寂 滅 樂 耳 非 是 無 漏 寂 滅 樂 也 
X13n0285_009:0358a18	出其永離喜動名為安隱心中出其得無量樂仍	出 其 永 離 喜 動 名 為 安 隱 心 中 出 其 得 無 量 樂 仍 
X13n0285_009:0358a19	名歡喜畢具此離喜妙樂地世間之樂更無過者	名 歡 喜 畢 具 此 離喜妙樂 地 世 間 之 樂 更 無 過 者 
X13n0285_009:0358a20	律中喻以蓮華出地而未出水根莖華葉無不潤	律 中 喻 以 蓮 華 出 地 而 未 出 水 根 莖 華 葉 無 不 潤 
X13n0285_009:0358a21	漬也少淨天壽十六大劫身長十六由旬無量淨	漬 也 少 淨 天 壽 十 六 大 劫 身 長 十 六 由 旬 無 量 淨 
X13n0285_009:0358a22	壽三十二大劫身三十二由旬徧淨壽六十四大	壽 三 十 二 大 劫 身 三 十 二 由 旬 徧 淨 壽 六 十 四 大 
X13n0285_009:0358a23	劫身六十四由旬水火二災不到風災得至由其	劫 身 六 十 四 由 旬 水 火 二 災 不 到 風 災 得 至 由 其 
X13n0285_009:0358a24	未離出入息故。四明四禪又二初明凡夫四天	未 離 出 入 息 故 四 明 四 禪 又 二 初 明 凡 夫 四 天 
X13n0285_009:0358b01	二明不還五天。今初。	二 明 不 還 五 天 今 初 
X13n0285_009:0358b02	阿難復次天人不逼身心苦因已盡(了知)樂非常住久	阿 難 復 次 天 人 不 逼 身 心 苦 因 已 盡 了 知 樂 非 常 住 久 
X13n0285_009:0358b03	必壞生(故於)苦樂二心俱時頓捨麤重相滅淨福性生	必 壞 生 故 於 苦 樂 二 心 俱 時 頓 捨 麤 重 相 滅 淨 福 性 生 
X13n0285_009:0358b04	如是一類名福生天捨心圓融勝解清淨福無遮中	如 是 一 類 名 福 生 天 捨 心 圓 融 勝 解 清 淨 福 無 遮 中 
X13n0285_009:0358b05	得妙隨順窮未來際如是一類名福愛天阿難從是	得 妙 隨 順 窮未來際 如 是 一 類 名 福 愛 天 阿 難 從 是 
X13n0285_009:0358b06	(福愛)天中有二岐路若於先心無量淨光(之中)福德圓明	 福 愛 天 中 有 二 岐 路 若 於 先 心 無 量 淨 光 之 中 福 德 圓 明 
X13n0285_009:0358b07	修證而住如是一類名廣果天若於先心雙厭苦樂	修 證 而 住 如 是 一 類 名 廣 果 天 若 於 先 心 雙 厭 苦 樂 
X13n0285_009:0358b08	精研捨心相續不斷圓窮捨道身心俱滅心慮灰凝	精 研 捨 心 相續不斷 圓 窮 捨 道 身 心 俱 滅 心 慮 灰 凝 
X13n0285_009:0358b09	經五百劫是人既以(厭捨苦樂之)生滅為因(決定)不能發明	經 五 百 劫 是 人 既 以 厭 捨 苦 樂 之 生 滅 為 因 決 定 不 能 發 明 
X13n0285_009:0358b10	(本)不生滅(之)性(故生天時彼經)初半劫(想心方)滅(到)後半劫(想心	 本 不 生 滅 之 性 故 生 天 時 彼 經 初 半 劫 想 心 方 滅 到 後 半 劫 想 心 
X13n0285_009:0358b11	又)生如是一類名無想天阿難此四勝流一切世間	又 生 如 是 一 類 名 無 想 天 阿 難 此 四 勝 流 一切世間 
X13n0285_009:0358b12	諸苦樂境所不能動雖非無為真不動地有所得心	諸 苦 樂 境 所 不 能 動 雖 非 無 為 真 不 動 地 有所得心 
X13n0285_009:0358b13	功用純熟名為四禪。	功 用 純 熟 名 為 四 禪 
X13n0285_009:0358b14	苦因已盡結上三禪之德久必壞生顯彼三禪之	苦 因 已 盡 結 上 三 禪 之 德 久 必 壞 生 顯 彼 三 禪 之 
X13n0285_009:0358b15	過苦樂二心以下方顯四禪正行此禪具有四支	過 苦 樂 二 心 以 下 方 顯 四 禪 正 行 此 禪 具 有 四 支 
X13n0285_009:0358b16	功德一不苦不樂二捨三淨四一心也窮未來際	功 德 一 不苦不樂 二 捨 三 淨 四 一 心 也 窮未來際 
X13n0285_009:0358b17	者言其福性益增壽倍初天而已非真盡未來際	者 言 其 福 性 益 增 壽 倍 初 天 而 已 非 真 盡未來際 
X13n0285_009:0358b18	也福德圓明修證而住者謂以四無量心熏禪福	也 福 德 圓 明 修 證 而 住 者 謂 以 四無量心 熏 禪 福 
X13n0285_009:0358b19	德離下地染也廣果者廣大福德所感之果也無	德 離 下 地 染 也 廣 果 者 廣 大 福 德 所 感 之 果 也 無 
X13n0285_009:0358b20	想天者於四百九十九劫之中六想不行如水夾	想 天 者 於 四 百 九 十 九 劫 之 中 六 想 不 行 如 水 夾 
X13n0285_009:0358b21	魚如石壓草也此名捨念清淨地律中喻以沐浴	魚 如 石 壓 草 也 此 名 捨 念 清 淨 地 律 中 喻 以 沐 浴 
X13n0285_009:0358b22	被新淨衣又如密屋中燈他經福生或名無雲言	被 新 淨 衣 又 如 密 屋 中 燈 他 經 福 生 或 名 無 雲 言 
X13n0285_009:0358b23	無雲者下雖空居猶依雲住此天果報虗妙并雲	無 雲 者 下 雖 空 居 猶 依 雲 住 此 天 果 報 虗 妙 并 雲 
X13n0285_009:0358b24	相而亦無也福生壽一百二十五大劫身一百二	相 而 亦 無 也 福 生 壽 一 百 二 十 五 大 劫 身 一 百 二 
X13n0285_009:0358c01	十五由旬福愛壽二百五十大劫身二百五十由	十 五 由 旬 福 愛 壽 二百五十 大 劫 身 二百五十 由 
X13n0285_009:0358c02	旬廣果無想皆壽五百大劫身五百由旬火水風	旬 廣 果 無 想 皆 壽 五 百 大 劫 身 五 百 由 旬 火 水 風 
X13n0285_009:0358c03	災皆不能到法苑珠林云無想天亦無別所但與	災 皆 不 能 到 法 苑 珠 林 云 無 想 天 亦 無 別 所 但 與 
X13n0285_009:0358c04	廣果同皆一處以是外道所居故分二種別名。	廣 果 同 皆 一 處 以 是 外 道 所 居 故 分 二 種 別 名 
X13n0285_009:0358c05	二明不還五天。	二 明 不 還 五 天 
X13n0285_009:0358c06	阿難此中復有五不還天於下界中九品習氣俱時	阿 難 此 中 復 有 五 不 還 天 於 下 界 中 九 品 習 氣 俱 時 
X13n0285_009:0358c07	滅盡苦樂雙亡下無卜居故於捨心眾同分中安立	滅 盡 苦 樂 雙 亡 下 無 卜 居 故 於 捨 心 眾 同 分 中 安 立 
X13n0285_009:0358c08	居處阿難苦樂兩滅鬬心不交如是一類名無煩天	居 處 阿 難 苦 樂 兩 滅 鬬 心 不 交 如 是 一 類 名 無 煩 天 
X13n0285_009:0358c09	機括獨行研交無地如是一類名無熱天十方世界	機 括 獨 行 研 交 無 地 如 是 一 類 名 無 熱 天 十方世界 
X13n0285_009:0358c10	妙見圓澄更無塵象一切沉垢如是一類名善見天	妙 見 圓 澄 更 無 塵 象 一 切 沉 垢 如 是 一 類 名 善 見 天 
X13n0285_009:0358c11	精見現前陶鑄無礙如是一類名善現天究竟羣幾	精 見 現 前 陶 鑄 無 礙 如 是 一 類 名 善 現 天 究 竟 羣 幾 
X13n0285_009:0358c12	窮色性性入無邊際如是一類名色究竟天阿難此	窮 色 性 性 入 無 邊 際 如 是 一 類 名 色 究 竟 天 阿 難 此 
X13n0285_009:0358c13	不還天彼諸四禪四位天王獨有欽聞不能知見如	不 還 天 彼 諸 四 禪 四 位 天 王 獨 有 欽 聞 不 能 知 見 如 
X13n0285_009:0358c14	今世間曠野深山聖道場地皆阿羅漢所住持故世	今 世 間 曠 野 深 山 聖 道 場 地 皆 阿 羅 漢 所 住 持 故 世 
X13n0285_009:0358c15	間麤人所不能見。	間 麤 人 所 不 能 見 
X13n0285_009:0358c16	梵語阿那含此云不還此之五天皆三果聖人寄	梵 語 阿 那 含 此 云 不 還 此 之 五 天 皆 三 果 聖 人 寄 
X13n0285_009:0358c17	居處也下界指欲界習氣指思惑九品習氣俱滅	居 處 也 下 界 指 欲 界 習 氣 指 思 惑 九 品 習 氣 俱 滅 
X13n0285_009:0358c18	此於欲界無續生業不可卜居也苦樂雙亡則於	此 於 欲 界 無 續 生 業 不 可 卜 居 也 苦 樂 雙 亡 則 於 
X13n0285_009:0358c19	初二三禪無續生業不可卜居也捨心眾同分者	初 二 三 禪 無 續 生 業 不 可 卜 居 也 捨 心 眾 同 分 者 
X13n0285_009:0358c20	即指第四禪天通名捨念清淨地故由其上界思	即 指 第 四 禪 天 通 名 捨 念 清 淨 地 故 由 其 上 界 思 
X13n0285_009:0358c21	惑未盡所以須向此中安立居處也鬬心即雙捨	惑 未 盡 所 以 須 向 此 中 安 立 居 處 也 鬬 心 即 雙 捨 
X13n0285_009:0358c22	苦樂之心機括即苦樂兩忘之盛熱名煩微煩名	苦 樂 之 心 機 括 即 苦 樂 兩 忘 之 盛 熱 名 煩 微 煩 名 
X13n0285_009:0358c23	熱十方世界統指大千國土言之塵象沉垢指四	熱 十方世界 統 指 大 千 國 土 言 之 塵 象 沉 垢 指 四 
X13n0285_009:0358c24	禪中定慧之障陶鑄無礙言其定慧精明融鍊自	禪 中 定 慧 之 障 陶 鑄 無 礙 言 其 定 慧 精 明 融 鍊 自 
X13n0285_009:0359a01	在也究竟者研窮之義幾者動之微研窮多念至	在 也 究 竟 者 研 窮 之 義 幾 者 動 之 微 研 窮 多 念 至 
X13n0285_009:0359a02	於一念故曰究竟羣幾窮色性性者窮亦究竟之	於 一 念 故 曰 究 竟 羣 幾 窮 色 性 性 者 窮 亦 究 竟 之 
X13n0285_009:0359a03	義心既熏多至少色亦窮麤至微窮彼色性之性	義 心 既 熏 多 至 少 色 亦 窮 麤 至 微 窮 彼 色 性 之 性 
X13n0285_009:0359a04	隣於空無邊際此為色界最頂故名色究竟天幽	隣 於 空 無 邊 際 此 為 色 界 最 頂 故 名 色 究 竟 天 幽 
X13n0285_009:0359a05	溪曰初無煩天即雜修下品謂行人先入四禪定	溪 曰 初 無 煩 天 即 雜 修 下 品 謂 行 人 先 入 四 禪 定 
X13n0285_009:0359a06	已於此定中先起多念無漏心相續現前次起多	已 於 此 定 中 先 起 多 念 無 漏 心 相 續 現 前 次 起 多 
X13n0285_009:0359a07	念有漏心相續現前又起多念無漏心相續現前	念 有 漏 心 相 續 現 前 又 起 多 念 無 漏 心 相 續 現 前 
X13n0285_009:0359a08	如是漸漸滅至二念無漏二念有漏二念無漏時	如 是 漸 漸 滅 至 二 念 無 漏 二 念 有 漏 二 念 無 漏 時 
X13n0285_009:0359a09	名雜修加行成滿次起一念無漏一念有漏一念	名 雜 修 加 行 成 滿 次 起 一 念 無 漏 一 念 有 漏 一 念 
X13n0285_009:0359a10	無漏至此名為根本成滿由此有漏無漏間雜修	無 漏 至 此 名 為 根 本 成 滿 由 此 有漏無漏 間 雜 修 
X13n0285_009:0359a11	故名為雜修亦名夾熏禪以用無漏夾熏有漏色	故 名 為 雜 修 亦 名 夾 熏 禪 以 用 無 漏 夾 熏 有 漏 色 
X13n0285_009:0359a12	定轉明果報轉勝由此資故業故從廣果沒便生	定 轉 明 果 報 轉 勝 由 此 資 故 業 故 從 廣 果 沒 便 生 
X13n0285_009:0359a13	無煩天也稍離定障名為無煩煩即是障障即苦	無 煩 天 也 稍 離 定 障 名 為 無 煩 煩 即 是 障 障 即 苦 
X13n0285_009:0359a14	樂兩鬪也次無熱天即雜修中品有六心用前下	樂 兩 鬪 也 次 無 熱 天 即 雜 修 中 品 有 六 心 用 前 下 
X13n0285_009:0359a15	品三心為加行更引三心一念無漏有漏無漏為	品 三 心 為 加 行 更 引 三 心 一 念 無 漏 有漏無漏 為 
X13n0285_009:0359a16	根本資其故業從廣果沒能超無煩生於無熱天	根 本 資 其 故 業 從 廣 果 沒 能 超 無 煩 生 於 無 熱 天 
X13n0285_009:0359a17	蓋前鬬心雖不交於苦樂猶有不交者在今則機	蓋 前 鬬 心 雖 不 交 於 苦 樂 猶 有 不 交 者 在 今 則 機 
X13n0285_009:0359a18	括獨行研交者無地則其熱亦無三善見即雜修	括 獨 行 研 交 者 無 地 則 其 熱 亦 無 三 善 見 即 雜 修 
X13n0285_009:0359a19	上品有九心用前六心為加行更起三心為根本	上 品 有 九 心 用 前 六 心 為 加 行 更 起 三 心 為 根 本 
X13n0285_009:0359a20	資其故業從廣果沒生善見天無漏功著定慧障	資 其 故 業 從 廣 果 沒 生 善 見 天 無 漏 功 著 定 慧 障 
X13n0285_009:0359a21	亡故能十方世界妙見圓澄名善見天葢前天雖	亡 故 能 十方世界 妙 見 圓 澄 名 善 見 天 葢 前 天 雖 
X13n0285_009:0359a22	無熱猶有機栝獨行者在不得稱為善見今則獨	無 熱 猶 有 機 栝 獨 行 者 在 不 得 稱 為 善 見 今 則 獨 
X13n0285_009:0359a23	行機括亦無十方世界惟一妙見也四善現即雜	行 機 括 亦 無 十方世界 惟 一 妙 見 也 四 善 現 即 雜 
X13n0285_009:0359a24	修上勝品有十二心用前九心為加行更引三心	修 上 勝 品 有 十 二 心 用 前 九 心 為 加 行 更 引 三 心 
X13n0285_009:0359b01	為根本資於故業超三生四蓋前雖善見未能轉	為 根 本 資 於 故 業 超 三 生 四 蓋 前 雖 善 見 未 能 轉 
X13n0285_009:0359b02	變自在今既無塵象沉垢猶如陶師著少泥於輪	變 自 在 今 既 無 塵 象 沉 垢 猶 如 陶 師 著 少 泥 於 輪 
X13n0285_009:0359b03	上一撥便轉大小器具隨行施設無所不可能超	上 一 撥 便 轉 大 小 器 具 隨 行 施 設 無 所 不 可 能 超 
X13n0285_009:0359b04	十四變化自在故名善現五色究竟即雜修上極	十 四 變 化 自 在 故 名 善 現 五 色 究 竟 即 雜 修 上 極 
X13n0285_009:0359b05	品有十五心用前十二心為加行更引三心為根	品 有 十 五 心 用 前 十 二 心 為 加 行 更 引 三 心 為 根 
X13n0285_009:0359b06	本資於故業能超四天生色空竟無煩壽一千大	本 資 於 故 業 能 超 四 天 生 色 空 竟 無 煩 壽 一 千 大 
X13n0285_009:0359b07	劫身一千由旬無熱壽二千大劫身二千由旬善	劫 身 一 千 由 旬 無 熱 壽 二 千 大 劫 身 二 千 由 旬 善 
X13n0285_009:0359b08	見壽四千大劫身四千由旬善現壽八千大劫身	見 壽 四 千 大 劫 身 四 千 由 旬 善 現 壽 八 千 大 劫 身 
X13n0285_009:0359b09	八千由旬色究竟天壽一萬六千大劫身一萬六	八 千 由 旬 色 究 竟 天 壽 一 萬 六 千 大 劫 身 一 萬 六 
X13n0285_009:0359b10	千由旬結中云四位天王不能知見者由其凡聖	千 由 旬 結 中 云 四 位 天 王 不 能 知 見 者 由 其 凡 聖 
X13n0285_009:0359b11	異途故也然據起世等經則五不還天倍倍居上	異 途 故 也 然 據 起 世 等 經 則 五 不 還 天 倍 倍 居 上 
X13n0285_009:0359b12	若據此經文意似與四禪同在一處而凡聖自殊	若 據 此 經 文 意 似 與 四 禪 同 在 一 處 而 凡 聖 自 殊 
X13n0285_009:0359b13	途耳恐亦如方便之與同居具有橫竪二論不可	途 耳 恐 亦 如 方 便 之 與 同 居 具 有 橫 竪 二 論 不 可 
X13n0285_009:0359b14	偏執一途也詳之問曰彼之天王既是菩薩云何	偏 執 一 途 也 詳 之 問 曰 彼 之 天 王 既 是 菩 薩 云 何 
X13n0285_009:0359b15	不能知見三果境耶答曰惟其菩薩示現所以迹	不 能 知 見 三 果 境 耶 答 曰 惟 其 菩 薩 示 現 所 以 迹 
X13n0285_009:0359b16	同諸天相與欽聞五不還天生其出世善根也。	同 諸 天 相 與 欽 聞 五 不 還 天 生 其 出 世 善 根 也 
X13n0285_009:0359b17	三總結其名。	三 總 結 其 名 
X13n0285_009:0359b18	阿難是十八天獨行無交未盡形累自此已還名為	阿 難 是 十 八 天 獨 行 無 交 未 盡 形 累 自 此 已 還 名 為 
X13n0285_009:0359b19	色界。	色 界 
X13n0285_009:0359b20	獨行無交言其無有情欲異欲界也未盡形累言	獨 行 無 交 言 其 無 有 情 欲 異 欲 界 也 未 盡 形 累 言 
X13n0285_009:0359b21	其尚有色質異四空也故總名為色界。三無色	其 尚 有 色 質 異 四 空 也 故 總 名 為 色 界 三 無 色 
X13n0285_009:0359b22	界五初簡去迴心不入二別明四空天相三更判	界 五 初 簡 去 迴 心 不 入 二 別 明 四 空 天 相 三 更 判 
X13n0285_009:0359b23	凡聖二類四總辨王民不同五結成無色名自。	凡 聖 二 類 四 總 辨 王 民 不 同 五 結 成 無 色 名 自 
X13n0285_009:0359b24	今初。	今 初 
X13n0285_009:0359c01	復次阿難從是有頂色邊際中其間復有二種岐路	復 次 阿 難 從 是 有 頂 色 邊 際 中 其 間 復 有 二 種 岐 路 
X13n0285_009:0359c02	若於捨心發明智慧慧光圓通便出塵界成阿羅漢	若 於 捨 心 發 明 智 慧 慧 光 圓 通 便 出 塵 界 成 阿 羅 漢 
X13n0285_009:0359c03	入菩薩乘如是一類名為迴心大阿羅漢。	入 菩 薩 乘 如 是 一 類 名 為 迴 心 大阿羅漢 
X13n0285_009:0359c04	此先明色究竟中一類利根之人慧性增上者不	此 先 明 色 究 竟 中 一 類 利 根 之 人 慧 性 增 上 者 不 
X13n0285_009:0359c05	入四空處也并下一類鈍根入四空者共名二種	入 四 空 處 也 并 下 一 類 鈍 根 入 四 空 者 共 名 二 種 
X13n0285_009:0359c06	岐路。二別明四空天相。	岐 路 二 別 明 四 空 天 相 
X13n0285_009:0359c07	若在捨心捨厭成就覺身為礙銷礙入空如是一類	若 在 捨 心 捨 厭 成 就 覺 身 為 礙 銷 礙 入 空 如 是 一 類 
X13n0285_009:0359c08	名為空處諸礙既銷無礙(之)無(亦)滅其中唯留阿賴	名 為 空 處 諸 礙 既 銷 無 礙 之 無 亦 滅 其 中 唯 留 阿 賴 
X13n0285_009:0359c09	耶識全於末那(及)半分微細(意識)如是一類名為識處	耶 識 全 於 末 那 及 半 分 微 細 意 識 如 是 一 類 名 為 識 處 
X13n0285_009:0359c10	空色既亡識心都滅十方寂然逈無攸往如是一類	空 色 既 亡 識 心 都 滅 十 方 寂 然 逈 無 攸 往 如 是 一 類 
X13n0285_009:0359c11	名無所有處識性不動以滅窮研於無盡中發宣盡	名 無所有處 識 性 不 動 以 滅 窮 研 於 無 盡 中 發 宣 盡 
X13n0285_009:0359c12	性如存不存若盡非盡如是一類名為非想非非想	性 如 存 不 存 若 盡 非 盡 如 是 一 類 名 為 非想非非想 
X13n0285_009:0359c13	處。	處 
X13n0285_009:0359c14	若在捨心句總指捨念清淨眾同分地言之雖似	若 在 捨 心 句 總 指 捨 念 清 淨 眾 同 分 地 言 之 雖 似 
X13n0285_009:0359c15	獨說鈍根那含其實兼攝廣果無想凡夫外道故	獨 說 鈍 根 那 含 其 實 兼 攝 廣 果 無 想 凡 夫 外 道 故 
X13n0285_009:0359c16	長水曰捨心有二一者若於有頂用無漏道斷惑	長 水 曰 捨 心 有 二 一 者 若 於 有 頂 用 無 漏 道 斷 惑 
X13n0285_009:0359c17	入空即樂定那舍也二者若於廣果用有漏道伏	入 空 即 樂 定 那 舍 也 二 者 若 於 廣 果 用 有 漏 道 伏 
X13n0285_009:0359c18	惑入空即凡夫外道也斯言得之阿賴耶識此云	惑 入 空 即 凡 夫 外 道 也 斯 言 得 之 阿賴耶識 此 云 
X13n0285_009:0359c19	藏識具有能藏所藏執藏義故名阿賴耶即第八	藏 識 具 有 能 藏 所 藏 執 藏 義 故 名 阿 賴 耶 即 第 八 
X13n0285_009:0359c20	識末那此翻染汙即第七識此第七識無始以來	識 末 那 此 翻 染 汙 即 第 七 識 此 第 七 識 無 始 以 來 
X13n0285_009:0359c21	妄執第八識之見分為內自我今言全於末那正	妄 執 第 八 識 之 見 分 為 內 自 我 今 言 全 於 末 那 正 
X13n0285_009:0359c22	顯俱生我執全在分毫不曾伏斷也半分微細者	顯 俱 生 我 執 全 在 分 毫 不 曾 伏 斷 也 半 分 微 細 者 
X13n0285_009:0359c23	指第六識無復外塵可緣獨有內緣之半分猶在	指 第 六 識 無 復 外 塵 可 緣 獨 有 內 緣 之 半 分 猶 在 
X13n0285_009:0359c24	其相微細不但非色亦且非空故以此為識處也	其 相 微 細 不 但 非 色 亦 且 非 空 故 以 此 為 識 處 也 
X13n0285_009:0360a01	識心都滅則併其第六識之內緣者亦伏故名無	識 心 都 滅 則 併 其 第 六 識 之 內 緣 者 亦 伏 故 名 無 
X13n0285_009:0360a02	所有處第八識性從來不動不可斷滅今以妄滅	所 有 處 第 八 識 性 從 來 不 動 不 可 斷 滅 今 以 妄 滅 
X13n0285_009:0360a03	之心強加窮研於此無盡性中虗妄發宣盡性故	之 心 強 加 窮 研 於 此 無 盡 性 中 虗 妄 發 宣 盡 性 故 
X13n0285_009:0360a04	使第八識性如存而不存以其不可見故第七識	使 第 八 識 性 如 存 而 不 存 以 其 不 可 見 故 第 七 識 
X13n0285_009:0360a05	我之心若盡而非盡以其執此生死妄想誤為真	我 之 心 若 盡 而 非 盡 以 其 執 此 生 死 妄 想 誤 為 真 
X13n0285_009:0360a06	實未斷非非想處愛故此則但離下地粗想故名	實 未 斷 非非想處 愛 故 此 則 但 離 下 地 粗 想 故 名 
X13n0285_009:0360a07	非想不達妄想無性不入泥洹真無想道故名非	非 想 不 達 妄 想 無 性 不 入 泥 洹 真 無 想 道 故 名 非 
X13n0285_009:0360a08	非想也空處壽二萬大劫識處壽四萬大劫無所	非 想 也 空 處 壽 二 萬 大 劫 識 處 壽 四 萬 大 劫 無 所 
X13n0285_009:0360a09	有處壽六萬大劫非非想處壽八萬大劫。三更	有 處 壽 六 萬 大 劫 非非想處 壽 八 萬 大 劫 三 更 
X13n0285_009:0360a10	判凡聖二類。	判 凡 聖 二 類 
X13n0285_009:0360a11	此等窮空不盡空相(若)從不還天聖道窮者如是一	此 等 窮 空 不 盡 空 相 若 從 不 還 天 聖 道 窮 者 如 是 一 
X13n0285_009:0360a12	類名不迴心鈍阿羅漢若從無想諸外道天窮空不	類 名 不 迴 心 鈍 阿 羅 漢 若 從 無 想 諸 外 道 天 窮 空 不 
X13n0285_009:0360a13	歸迷漏無聞便入輪轉。	歸 迷 漏 無 聞 便 入 輪 轉 
X13n0285_009:0360a14	此等窮空言既以空而滅色復以識而滅空又以	此 等 窮 空 言 既 以 空 而 滅 色 復 以 識 而 滅 空 又 以 
X13n0285_009:0360a15	無所有而滅識又以非想非非想而滅無所有則	無 所 有 而 滅 識 又 以 非想非非想 而 滅 無 所 有 則 
X13n0285_009:0360a16	於空境可謂竭盡心力矣然空理不居色外今既	於 空 境 可 謂 竭 盡 心 力 矣 然 空 理 不 居 色 外 今 既 
X13n0285_009:0360a17	離色求空豈盡空理此鈍根那含與凡夫外道所	離 色 求 空 豈 盡 空 理 此 鈍 根 那 含 與 凡 夫 外 道 所 
X13n0285_009:0360a18	以同歸迷悶也但此中若從不還天聖道窮者直	以 同 歸 迷 悶 也 但 此 中 若 從 不 還 天 聖 道 窮 者 直 
X13n0285_009:0360a19	待非非想處八萬大劫壽滿方出三界生方便有	待 非非想處 八 萬 大 劫 壽 滿 方 出 三 界 生 方 便 有 
X13n0285_009:0360a20	餘穢土名不迴心鈍阿羅漢若從無想諸外道天	餘 穢 土 名 不 迴 心 鈍 阿 羅 漢 若 從 無 想 諸 外 道 天 
X13n0285_009:0360a21	及廣果凡夫來者則一味求空不知迴頭觀察真	及 廣 果 凡 夫 來 者 則 一 味 求 空 不 知 迴 頭 觀 察 真 
X13n0285_009:0360a22	空道理名為窮空不歸此乃迷有漏天作涅槃想	空 道 理 名 為 窮 空 不 歸 此 乃 迷 有 漏 天 作 涅 槃 想 
X13n0285_009:0360a23	既不聞出世真正法門則報盡還墮隨其夙業依	既 不 聞 出 世 真 正 法 門 則 報 盡 還 墮 隨 其 夙 業 依 
X13n0285_009:0360a24	舊輪轉於七趣矣。四總辨王民不同。	舊 輪 轉 於 七 趣 矣 四 總 辨 王 民 不 同 
X13n0285_009:0360b01	阿難是諸天上各各人天則是凡夫業果酬答答盡	阿 難 是 諸 天 上 各 各 人 天 則 是 凡 夫 業 果 酬 答 答 盡 
X13n0285_009:0360b02	入輪彼之天王即是菩薩遊三摩提漸次增進迴向	入 輪 彼 之 天 王 即 是 菩 薩 遊 三 摩 提 漸 次 增 進 迴 向 
X13n0285_009:0360b03	聖倫所修行路。	聖 倫 所 修 行 路 
X13n0285_009:0360b04	此文宜在下科之後乃是通結三界之文今既錯	此 文 宜 在 下 科 之 後 乃 是 通 結 三 界 之 文 今 既 錯 
X13n0285_009:0360b05	簡在此別作一科釋之是諸天上者總指欲界六	簡 在 此 別 作 一 科 釋 之 是 諸 天 上 者 總 指 欲 界 六 
X13n0285_009:0360b06	天色界十三及無色四惟除五不還天非此所指	天 色 界 十 三 及 無 色 四 惟 除 五 不 還 天 非 此 所 指 
X13n0285_009:0360b07	以非凡夫酬業處故言菩薩所修行路者如華嚴	以 非 凡 夫 酬 業 處 故 言 菩 薩 所 修 行 路 者 如 華 嚴 
X13n0285_009:0360b08	經三地多作帝釋天王四地多作夜摩天王乃至	經 三 地 多 作 帝 釋 天 王 四 地 多 作 夜摩天王 乃 至 
X13n0285_009:0360b09	八地多作小千世界梵王九地多作中千世界梵	八 地 多 作 小千世界 梵 王 九 地 多 作 中千世界 梵 
X13n0285_009:0360b10	王十地多作大千世界大梵天王等是也孤山曰	王 十 地 多 作 大千世界 大 梵 天 王 等 是 也 孤 山 曰 
X13n0285_009:0360b11	遊三摩提者以菩薩善入出住百千三昧故住此	遊 三 摩 提 者 以 菩 薩 善 入 出 住 百 千 三 昧 故 住 此 
X13n0285_009:0360b12	定而為天王九次第定而為天王九次第定名善	定 而 為 天 王 九次第定 而 為 天 王 九次第定 名 善 
X13n0285_009:0360b13	入師子奮迅名善出超越三昧名善住一一皆能	入 師 子 奮 迅 名 善 出 超越三昧 名 善 住 一 一 皆 能 
X13n0285_009:0360b14	深達實相號首楞嚴。五結成無色名目。	深 達 實 相 號 首 楞 嚴 五 結 成 無 色 名 目 
X13n0285_009:0360b15	阿難是四空天身心滅盡定性現前無業果色從此	阿 難 是 四 空 天 身 心 滅 盡 定 性 現 前 無 業 果 色 從 此 
X13n0285_009:0360b16	逮終名無色界。	逮 終 名 無 色 界 
X13n0285_009:0360b17	色蘊銷亡名身滅盡四蘊精微名心滅盡定性現	色 蘊 銷 亡 名 身 滅 盡 四 蘊 精 微 名 心 滅 盡 定 性 現 
X13n0285_009:0360b18	前者仍有定果色也無業果色者凡外肉天二眼	前 者 仍 有 定 果 色 也 無 業 果 色 者 凡 外 肉 天 二 眼 
X13n0285_009:0360b19	所不能見所以名為無色界也從此逮終者言此	所 不 能 見 所 以 名 為 無 色 界 也 從 此 逮 終 者 言 此 
X13n0285_009:0360b20	外更無別天當知三界虗妄之相終於此矣初別	外 更 無 別 天 當 知 三 界 虗 妄 之 相 終 於 此 矣 初 別 
X13n0285_009:0360b21	示諸天竟。二總結虗妄。	示 諸 天 竟 二 總 結 虗 妄 
X13n0285_009:0360b22	此皆不了妙覺明心積妄發生妄有三界中間妄隨	此 皆 不 了 妙 覺 明 心 積 妄 發 生 妄 有 三 界 中 間 妄 隨 
X13n0285_009:0360b23	七趣沉溺補特伽羅各從其類。	七 趣 沉 溺 補 特 伽 羅 各 從 其 類 
X13n0285_009:0360b24	補特伽羅此翻有情亦翻數取趣謂諸有情起惑	補 特 伽 羅 此 翻 有 情 亦 翻 數 取 趣 謂 諸 有 情 起 惑 
X13n0285_009:0360c01	造業隨趣受生於三界中數數有所取著也。七	造 業 隨 趣 受 生 於 三 界 中 數 數 有 所 取 著 也 七 
X13n0285_009:0360c02	示修羅趣。	示 修 羅 趣 
X13n0285_009:0360c03	復次阿難是三界中復有四種阿修羅類若於鬼道	復 次 阿 難 是 三 界 中 復 有 四 種 阿 修 羅 類 若 於 鬼 道 
X13n0285_009:0360c04	以護法力乘通入空此阿修羅從卵而生鬼趣所攝	以 護 法 力 乘 通 入 空 此 阿 修 羅 從 卵 而 生 鬼 趣 所 攝 
X13n0285_009:0360c05	若於天中降德貶墜其所卜居鄰於日月此阿修羅	若 於 天 中 降 德 貶 墜 其 所 卜 居 鄰 於 日 月 此 阿 修 羅 
X13n0285_009:0360c06	從胎而出人趣所攝有修羅王執持世界力洞無畏	從 胎 而 出 人 趣 所 攝 有 修 羅 王 執 持 世 界 力 洞 無 畏 
X13n0285_009:0360c07	能與梵王及天帝釋四天爭權此阿修羅因變化有	能 與 梵 王 及 天 帝 釋 四 天 爭 權 此 阿 修 羅 因 變 化 有 
X13n0285_009:0360c08	天趣所攝阿難別有一分下劣修羅生大海心沉水	天 趣 所 攝 阿 難 別 有 一 分 下 劣 修 羅 生 大 海 心 沉 水 
X13n0285_009:0360c09	穴口旦遊虗空暮歸水宿此阿修羅因濕氣有畜生	穴 口 旦 遊 虗 空 暮 歸 水 宿 此 阿 修 羅 因 濕 氣 有 畜 生 
X13n0285_009:0360c10	趣攝。	趣 攝 
X13n0285_009:0360c11	阿修羅具如前釋鬼道護法力者是其先因此由	阿 修 羅 具 如 前 釋 鬼 道 護 法 力 者 是 其 先 因 此 由 
X13n0285_009:0360c12	善力而升者也天中降德亦是先因此由業力而	善 力 而 升 者 也 天 中 降 德 亦 是 先 因 此 由 業 力 而 
X13n0285_009:0360c13	墮者也執持世界者亦能驅役鬼神禍福人間但	墮 者 也 執 持 世 界 者 亦 能 驅 役 鬼 神 禍 福 人 間 但 
X13n0285_009:0360c14	其權不及天故每怒而爭之本與帝釋爭權而四	其 權 不 及 天 故 每 怒 而 爭 之 本 與 帝 釋 爭 權 而 四 
X13n0285_009:0360c15	王常為帝釋先鋒或時帝釋不勝亦求梵王等助	王 常 為 帝 釋 先 鋒 或 時 帝 釋 不 勝 亦 求 梵 王 等 助 
X13n0285_009:0360c16	力也此即修羅中王其居皆在須彌山下大海之	力 也 此 即 修 羅 中 王 其 居 皆 在 須 彌 山 下 大 海 之 
X13n0285_009:0360c17	中彼下劣修羅則其所統之人民耳孤山曰若依	中 彼 下 劣 修 羅 則 其 所 統 之 人 民 耳 孤 山 曰 若 依 
X13n0285_009:0360c18	七趣優劣則修羅在人趣下今為攝屬不定故在	七 趣 優 劣 則 修 羅 在 人 趣 下 今 為 攝 屬 不 定 故 在 
X13n0285_009:0360c19	其後幽溪曰六道攝屬各有定處惟修羅攝屬四	其 後 幽 溪 曰 六 道 攝 屬 各 有 定 處 惟 修 羅 攝 屬 四 
X13n0285_009:0360c20	趣者不特顯果報之有四種將是每一種下亦雜	趣 者 不 特 顯 果 報 之 有 四 種 將 是 每 一 種 下 亦 雜 
X13n0285_009:0360c21	具四因惟觀何因為多以墮其趣如中品十惡為	具 四 因 惟 觀 何 因 為 多 以 墮 其 趣 如 中 品 十 惡 為 
X13n0285_009:0360c22	鬼道因下品十惡為畜道因中品十惡為人道因	鬼 道 因 下 品 十 惡 為 畜 道 因 中 品 十 惡 為 人 道 因 
X13n0285_009:0360c23	上品十善為天道因若善惡業鈍則隨受鬼畜人	上 品 十 善 為 天 道 因 若 善 惡 業 鈍 則 隨 受 鬼 畜 人 
X13n0285_009:0360c24	天之報其或倐焉為善倐又為惡倐焉而下倐又	天 之 報 其 或 倐 焉 為 善 倐 又 為 惡 倐 焉 而 下 倐 又 
X13n0285_009:0361a01	為上或善惡交戰於一生或上下交攻於一念況	為 上 或 善 惡 交 戰 於 一 生 或 上 下 交 攻 於 一 念 況 
X13n0285_009:0361a02	復心懷猜忌事欲勝他故令垂終受報強者先牽	復 心 懷 猜 忌 事 欲 勝 他 故 令 垂 終 受 報 強 者 先 牽 
X13n0285_009:0361a03	或為鬼道而卵生乃至或為畜道而濕生然雖為	或 為 鬼 道 而 卵 生 乃 至 或 為 畜 道 而 濕 生 然 雖 為 
X13n0285_009:0361a04	鬼道又能乘通入空雖為畜道又能旦遊虗空非	鬼 道 又 能 乘 通 入 空 雖 為 畜 道 又 能 旦 遊 虗 空 非 
X13n0285_009:0361a05	兼人天福乎至於人天二趣攝者雖居鄰日月力	兼 人 天 福 乎 至 於 人 天 二 趣 攝 者 雖 居 鄰 日 月 力 
X13n0285_009:0361a06	洞無畏仍有苦具日夜三時非兼鬼畜罪乎故諸	洞 無 畏 仍 有 苦 具 日 夜 三 時 非 兼 鬼 畜 罪 乎 故 諸 
X13n0285_009:0361a07	天與修羅戰時每以人間善惡多少而卜勝負善	天 與 修 羅 戰 時 每 以 人 間 善 惡 多 少 而 卜 勝 負 善 
X13n0285_009:0361a08	多則天勝不善多則修羅勝一日方相戰而天帝	多 則 天 勝 不 善 多 則 修 羅 勝 一 日 方 相 戰 而 天 帝 
X13n0285_009:0361a09	乍勝乍負者再正緣世有一人欲為善而怱有惡	乍 勝 乍 負 者 再 正 緣 世 有 一 人 欲 為 善 而 怱 有 惡 
X13n0285_009:0361a10	念間之欲為惡而又有善念間之由其持疑未決	念 間 之 欲 為 惡 而 又 有 善 念 間 之 由 其 持 疑 未 決 
X13n0285_009:0361a11	故令天帝若此每見今之為行者是非美惡雜糅	故 令 天 帝 若 此 每 見 今 之 為 行 者 是 非 美 惡 雜 糅 
X13n0285_009:0361a12	神襟猜忌之念容存好勝之心不免亦當以是而	神 襟 猜 忌 之 念 容 存 好 勝 之 心 不 免 亦 當 以 是 而 
X13n0285_009:0361a13	為戒也二別示七趣竟。三結示勸修二初結示	為 戒 也 二 別 示 七 趣 竟 三 結 示 勸 修 二 初 結 示 
X13n0285_009:0361a14	迷妄二舉悟勸修。初中二初結成妄果本空二	迷 妄 二 舉 悟 勸 修 初 中 二 初 結 成 妄 果 本 空 二 
X13n0285_009:0361a15	重示妄因顛倒。今初。	重 示 妄 因 顛 倒 今 初 
X13n0285_009:0361a16	阿難如是地獄餓鬼畜生人及神仙天洎修羅精研	阿 難 如 是 地 獄 餓 鬼 畜 生 人 及 神 仙 天 洎 修 羅 精 研 
X13n0285_009:0361a17	七趣皆是昏沉諸有為相妄想受生妄想隨業於妙	七 趣 皆 是 昏 沉 諸 有 為 相 妄 想 受 生 妄 想 隨 業 於 妙 
X13n0285_009:0361a18	圓明無作本心皆如空華元無所着但一虗妄更無	圓 明 無 作 本 心 皆 如 空 華 元 無 所 着 但 一 虗 妄 更 無 
X13n0285_009:0361a19	根緒。	根 緒 
X13n0285_009:0361a20	精研者微細推窮也昏沉是惑有為是業受生隨	精 研 者 微 細 推 窮 也 昏 沉 是 惑 有 為 是 業 受 生 隨 
X13n0285_009:0361a21	業是其果報所謂惑業苦三如惡叉聚也苦即法	業 是 其 果 報 所 謂 惑 業 苦 三 如 惡 叉 聚 也 苦 即 法 
X13n0285_009:0361a22	身故名為妙惑即般若故曰圓明業即解脫故名	身 故 名 為 妙 惑 即 般 若 故 曰 圓 明 業 即 解 脫 故 名 
X13n0285_009:0361a23	無作是知妙圓明無作本心猶如大空惑業苦三	無 作 是 知 妙 圓 明 無 作 本 心 猶 如 大 空 惑 業 苦 三 
X13n0285_009:0361a24	均為華相故曰但一虗妄更無根緒也既稱元無	均 為 華 相 故 曰 但 一 虗 妄 更 無 根 緒 也 既 稱 元 無 
X13n0285_009:0361b01	所著則知虗妄七趣元不礙於佛體真實既稱更	所 著 則 知 虗 妄 七 趣 元 不 礙 於 佛 體 真 實 既 稱 更 
X13n0285_009:0361b02	無根緒則知此道非本來有矣。二重示妄因顛	無 根 緒 則 知 此 道 非 本 來 有 矣 二 重 示 妄 因 顛 
X13n0285_009:0361b03	倒。	倒 
X13n0285_009:0361b04	阿難此等眾生不識本心受此輪迴經無量劫不得	阿 難 此 等 眾 生 不 識 本 心 受 此 輪 迴 經 無 量 劫 不 得 
X13n0285_009:0361b05	真淨皆由隨順殺盜婬故反此三種又則出生無殺	真 淨 皆 由 隨 順 殺 盜 婬 故 反 此 三 種 又 則 出 生 無 殺 
X13n0285_009:0361b06	盜婬有名鬼倫無名天趣有無相傾起輪迴性。	盜 婬 有 名 鬼 倫 無 名 天 趣 有 無 相 傾 起 輪 迴 性 
X13n0285_009:0361b07	出生無殺盜婬正指舊醫十善戒法及欣厭事禪	出 生 無 殺 盜 婬 正 指 舊 醫 十 善 戒 法 及 欣 厭 事 禪 
X13n0285_009:0361b08	而言之也有名鬼倫者現在即是三惡趣因將來	而 言 之 也 有 名 鬼 倫 者 現 在 即 是 三 惡 趣 因 將 來 
X13n0285_009:0361b09	決招三惡趣果也無名天趣者現在即是三善趣	決 招 三 惡 趣 果 也 無 名 天 趣 者 現 在 即 是 三 善 趣 
X13n0285_009:0361b10	因將來決招三善趣果也對有說無對無成有不	因 將 來 決 招 三 善 趣 果 也 對 有 說 無 對 無 成 有 不 
X13n0285_009:0361b11	達出世妙戒妙定妙慧則終於輪迴而已所謂一	達 出 世 妙 戒 妙 定 妙 慧 則 終 於 輪 迴 而 已 所 謂 一 
X13n0285_009:0361b12	翳有目空華亂墜者非耶是知空本無華雖不須	翳 有 目 空 華 亂 墜 者 非 耶 是 知 空 本 無 華 雖 不 須 
X13n0285_009:0361b13	掃目中有翳還賴金錍矣。二舉悟勸修二初正	掃 目 中 有 翳 還 賴 金 錍 矣 二 舉 悟 勸 修 二 初 正 
X13n0285_009:0361b14	舉悟境二結勸真修。今初。	舉 悟 境 二 結 勸 真 修 今 初 
X13n0285_009:0361b15	若得妙發三摩提者則妙常寂有無二無無二亦滅	若 得 妙 發 三 摩 提 者 則 妙 常 寂 有 無 二 無 無 二 亦 滅 
X13n0285_009:0361b16	尚無不殺不盜不婬云何更隨殺盜婬事。	尚 無 不 殺 不 盜 不 婬 云 何 更 隨 殺 盜 婬 事 
X13n0285_009:0361b17	妙發三摩提言出世妙戒依於首楞嚴王三昧而	妙 發 三 摩 提 言 出 世 妙 戒 依 於 首 楞 嚴 王 三 昧 而 
X13n0285_009:0361b18	開發也妙戒若發則波羅提木叉戒即無漏戒故	開 發 也 妙 戒 若 發 則 波羅提木叉 戒 即 無 漏 戒 故 
X13n0285_009:0361b19	常即是禪戒故寂猶向所云婬機身心俱斷斷性	常 即 是 禪 戒 故 寂 猶 向 所 云 婬 機 身 心 俱 斷 斷 性 
X13n0285_009:0361b20	亦無等也有無二無故不墮凡夫地無二亦滅故	亦 無 等 也 有 無 二 無 故 不 墮 凡 夫 地 無 二 亦 滅 故 
X13n0285_009:0361b21	不墮二乘地斯則并其不殺不盜不婬之相尚不	不 墮 二 乘 地 斯 則 并 其 不 殺 不 盜 不 婬 之 相 尚 不 
X13n0285_009:0361b22	可得云何更有殺盜婬事耶得此一語方知無相	可 得 云 何 更 有 殺 盜 婬 事 耶 得 此 一 語 方 知 無 相 
X13n0285_009:0361b23	妙戒不是破戒倘有殺盜婬事仍是鬼倫而已無	妙 戒 不 是 破 戒 倘 有 殺 盜 婬 事 仍 是 鬼 倫 而 已 無 
X13n0285_009:0361b24	慚之輩其可籍口乎哉。二結勸真修。	慚 之 輩 其 可 籍 口 乎 哉 二 結 勸 真 修 
X13n0285_009:0361c01	阿難不斷三業各各有私因各各私眾私同分非無	阿 難 不 斷 三 業 各 各 有 私 因 各 各 私 眾 私 同 分 非 無 
X13n0285_009:0361c02	定處自妄發生生妄無因無可尋究汝勗修行欲得	定 處 自 妄 發 生 生 妄 無 因 無 可 尋 究 汝 勗 修 行 欲 得 
X13n0285_009:0361c03	菩提要除三惑不盡三惑縱得神通皆是世間有為	菩 提 要 除 三 惑 不 盡 三 惑 縱 得 神 通 皆 是 世 間 有 為 
X13n0285_009:0361c04	功用習氣不滅落於魔道雖欲除妄倍加虗偽如來	功 用 習 氣 不 滅 落 於 魔 道 雖 欲 除 妄 倍 加 虗 偽 如 來 
X13n0285_009:0361c05	說為可哀憐者汝妄自造非菩提咎作是說者名為	說 為 可 哀 憐 者 汝 妄 自 造 非 菩 提 咎 作 是 說 者 名 為 
X13n0285_009:0361c06	正說若他說者即魔王說。	正 說 若 他 說 者 即 魔 王 說 
X13n0285_009:0361c07	各各有私即別業也眾私同分即彼相似別業所	各 各 有 私 即 別 業 也 眾 私 同 分 即 彼 相 似 別 業 所 
X13n0285_009:0361c08	同感之依界也從此便有七趣定處此諸別業及	同 感 之 依 界 也 從 此 便 有 七 趣 定 處 此 諸 別 業 及 
X13n0285_009:0361c09	諸定處總是自妄發生而生妄更無別因是故無	諸 定 處 總 是 自 妄 發 生 而 生 妄 更 無 別 因 是 故 無 
X13n0285_009:0361c10	可尋究但須除其心中三惑則因窮業盡譬如翳	可 尋 究 但 須 除 其 心 中 三 惑 則 因 窮 業 盡 譬 如 翳 
X13n0285_009:0361c11	除則華自滅華滅則空自呈矣三惑者即婬心殺	除 則 華 自 滅 華 滅 則 空 自 呈 矣 三 惑 者 即 婬 心 殺 
X13n0285_009:0361c12	心偷心也由惑起業故必斷惑方除妄根耳大章	心 偷 心 也 由 惑 起 業 故 必 斷 惑 方 除 妄 根 耳 大 章 
X13n0285_009:0361c13	第五廣示七趣竟。	第 五 廣 示 七 趣 竟 
X13n0285_009:0361c14	六借無聞比丘為語端而備明五陰魔境意顯若	六 借 無 聞 比 丘 為 語 端 而 備 明 五 陰 魔 境 意 顯 若 
X13n0285_009:0361c15	無中道妙慧并失中道妙戒也由無相似中道慧	無 中 道 妙 慧 并 失 中 道 妙 戒 也 由 無 相 似 中 道 慧 
X13n0285_009:0361c16	所以或墮魔境而破戒或墮外道而破見破戒破	所 以 或 墮 魔 境 而 破 戒 或 墮 外 道 而 破 見 破 戒 破 
X13n0285_009:0361c17	見總是違犯波羅提木叉由無分證中道慧所以	見 總 是 違 犯 波羅提木叉 由 無 分 證 中 道 慧 所 以 
X13n0285_009:0361c18	或成聲聞或成緣覺而破菩提心戒故云無慧并	或 成 聲 聞 或 成 緣 覺 而 破 菩 提 心 戒 故 云 無 慧 并 
X13n0285_009:0361c19	無戒文分為二初正明禪境二更斷餘疑。初中	無 戒 文 分 為 二 初 正 明 禪 境 二 更 斷 餘 疑 初 中 
X13n0285_009:0361c20	三初結前生後二時眾佇誨三總別開示。今初。	三 初 結 前 生 後 二 時 眾 佇 誨 三 總 別 開 示 今 初 
X13n0285_009:0361c21	即時如來將罷法座於獅子牀攬七寶几迴紫金山	即 時 如 來 將 罷 法 座 於 獅 子 牀 攬 七 寶 几 迴 紫 金 山 
X13n0285_009:0361c22	再來凭猗普告大眾及阿難言汝等有學緣覺聲聞	再 來 凭 猗 普 告 大 眾 及 阿 難 言 汝 等 有 學 緣 覺 聲 聞 
X13n0285_009:0361c23	今日迴心趣大菩提無上妙覺我今已說真修行法	今 日 迴 心 趣 大 菩 提 無 上 妙 覺 我 今 已 說 真 修 行 法 
X13n0285_009:0361c24	汝猶未識修奢摩他毗婆舍那微細魔事(誠恐)魔境現	汝 猶 未 識 修奢摩他 毗 婆 舍 那 微 細 魔 事 誠 恐 魔 境 現 
X13n0285_009:0362a01	前汝不能識洗心非正落於邪見或汝陰魔或復天	前 汝 不 能 識 洗 心 非 正 落 於 邪 見 或 汝 陰 魔 或 復 天 
X13n0285_009:0362a02	魔或著鬼神或遭魑魅心中不明認賊為子又復於	魔 或 著 鬼 神 或 遭 魑 魅 心 中 不 明 認 賊 為 子 又 復 於 
X13n0285_009:0362a03	中得少為足如第四禪無聞比丘(初因不達法相)妄言證聖	中 得 少 為 足 如 第 四 禪 無 聞 比 丘 初 因 不 達 法 相 妄 言 證 聖 
X13n0285_009:0362a04	(乃至)天報已畢衰相現前(不知自未證果反起)謗(心以為我今是)阿羅漢	 乃 至 天 報 已 畢 衰 相 現 前 不 知 自 未 證 果 反 起 謗 心 以 為 我 今 是 阿 羅 漢 
X13n0285_009:0362a05	(仍復)身遭後有(佛是妄語由此謗心)墮阿鼻獄汝應諦聽吾今為	 仍 復 身 遭 後 有 佛 是 妄 語 由 此 謗 心 墮 阿 鼻 獄 汝 應 諦 聽 吾 今 為 
X13n0285_009:0362a06	汝子細分別。	汝 子 細 分 別 
X13n0285_009:0362a07	此禪那中所現魔境非一切智莫能辨識故今迴	此 禪 那 中 所 現 魔 境 非 一 切 智 莫 能 辨 識 故 今 迴 
X13n0285_009:0362a08	紫金身無問自說乃是最後深慈也洗心非正謂	紫 金 身 無 問 自 說 乃 是 最 後 深 慈 也 洗 心 非 正 謂 
X13n0285_009:0362a09	不能以正法洗心幽溪曰洗心有二義一凡修禪	不 能 以 正 法 洗 心 幽 溪 曰 洗 心 有 二 義 一 凡 修 禪 
X13n0285_009:0362a10	先須洗滌先心從前所有邪惡知見悉從懺斷猶	先 須 洗 滌 先 心 從 前 所 有 邪 惡 知 見 悉 從 懺 斷 猶 
X13n0285_009:0362a11	如除去毒蜜灰香蕩滌方貯甘露一有不盡便為	如 除 去 毒 蜜 灰 香 蕩 滌 方 貯 甘 露 一 有 不 盡 便 為 
X13n0285_009:0362a12	致魔之端二者所修圓頓止觀乃是洗煩惑之慧	致 魔 之 端 二 者 所 修 圓 頓 止 觀 乃 是 洗 煩 惑 之 慧 
X13n0285_009:0362a13	水不與三止三觀相應便為非正即落魔道也或	水 不 與 三 止 三 觀 相 應 便 為 非 正 即 落 魔 道 也 或 
X13n0285_009:0362a14	汝陰魔等者通則五十重境皆名陰魔並依五陰	汝 陰 魔 等 者 通 則 五 十 重 境 皆 名 陰 魔 並 依 五 陰 
X13n0285_009:0362a15	起故別則色陰十境但是陰中自現正名陰魔受	起 故 別 則 色 陰 十 境 但 是 陰 中 自 現 正 名 陰 魔 受 
X13n0285_009:0362a16	陰十境則有外魔入心兼遭魑魅想陰十境兼有	陰 十 境 則 有 外 魔 入 心 兼 遭 魑 魅 想 陰 十 境 兼 有 
X13n0285_009:0362a17	天魔及著鬼神行識二十重境皆是得少為足之	天 魔 及 著 鬼 神 行 識 二 十 重 境 皆 是 得 少 為 足 之 
X13n0285_009:0362a18	流類也又摩訶止觀廣明十境一陰界入二煩惱	流 類 也 又 摩 訶 止 觀 廣 明 十 境 一 陰 界 入 二 煩 惱 
X13n0285_009:0362a19	三病患四業相五魔事六禪定七諸見八上慢九	三 病 患 四 業 相 五 魔 事 六 禪 定 七 諸 見 八 上 慢 九 
X13n0285_009:0362a20	二乘十菩薩惟陰界入是初心所常觀境餘之九	二 乘 十 菩 薩 惟 陰 界 入 是 初 心 所 常 觀 境 餘 之 九 
X13n0285_009:0362a21	境待發方觀不發不觀今以二十五境而為圓通	境 待 發 方 觀 不 發 不 觀 今 以 二 十 五 境 而 為 圓 通 
X13n0285_009:0362a22	之門正是初心常觀陰界入也此五陰境具有煩	之 門 正 是 初 心 常 觀 陰 界 入 也 此 五 陰 境 具 有 煩 
X13n0285_009:0362a23	惱業相魔事禪定諸見上慢及二乘境惟缺病患	惱 業 相 魔 事 禪 定 諸 見 上 慢 及 二 乘 境 惟 缺 病 患 
X13n0285_009:0362a24	及菩薩耳然偏教菩薩亦可合於二乘境中而總	及 菩 薩 耳 然 偏 教 菩 薩 亦 可 合 於 二 乘 境 中 而 總 
X13n0285_009:0362b01	示云當處禪那覺悟無惑則彼魔事無奈汝何正	示 云 當 處 禪 那 覺 悟 無 惑 則 彼 魔 事 無 奈 汝 何 正 
X13n0285_009:0362b02	所謂待發方觀不發不觀者也。二時眾佇誨。	所 謂 待 發 方 觀 不 發 不 觀 者 也 二 時 眾 佇 誨 
X13n0285_009:0362b03	阿難起立并其會中同有學者歡喜頂禮伏聽慈誨。	阿 難 起 立 并 其 會 中 同 有 學 者 歡 喜 頂 禮 伏 聽 慈 誨 
X13n0285_009:0362b04	三總別開示三初總明魔事之由二別顯境發之	三 總 別 開 示 三 初 總 明 魔 事 之 由 二 別 顯 境 發 之 
X13n0285_009:0362b05	相三結勸欽誨遵修。初中二初正明魔動因由	相 三 結 勸 欽 誨 遵 修 初 中 二 初 正 明 魔 動 因 由 
X13n0285_009:0362b06	二勸誡迷悟得失。今初。	二 勸 誡 迷 悟 得 失 今 初 
X13n0285_009:0362b07	佛告阿難及諸大眾汝等當知有漏世界十二類生	佛 告 阿 難 及 諸 大 眾 汝 等 當 知 有 漏 世 界 十 二 類 生 
X13n0285_009:0362b08	(只今現前)本覺妙明覺圓心體(元自)與十方佛無二無別由	 只 今 現 前 本 覺 妙 明 覺 圓 心 體 元 自 與 十 方 佛 無 二 無 別 由 
X13n0285_009:0362b09	汝妄想迷理為咎癡愛發生生發徧迷故有空性化	汝 妄 想 迷 理 為 咎 癡 愛 發 生 生 發 徧 迷 故 有 空 性 化 
X13n0285_009:0362b10	迷不息有世界生則此十方微塵國土非無漏者皆	迷 不 息 有 世 界 生 則 此 十 方 微 塵 國 土 非 無 漏 者 皆 
X13n0285_009:0362b11	是迷頑妄想安立當知虗空生汝心內猶如片雲點	是 迷 頑 妄 想 安 立 當 知 虗 空 生 汝 心 內 猶 如 片 雲 點 
X13n0285_009:0362b12	大清裏況諸世界在虗空耶(是故)汝等一人發真歸元	大 清 裏 況 諸 世 界 在 虗 空 耶 是 故 汝 等 一 人 發 真 歸 元 
X13n0285_009:0362b13	此十方(虛)空(情見)皆悉銷殞云何空中所有國土而不	此 十 方 虛 空 情 見 皆 悉 銷 殞 云 何 空 中 所 有 國 土 而 不 
X13n0285_009:0362b14	振裂汝輩修禪飾三摩地(便與)十方菩薩及諸無漏大	振 裂 汝 輩 修 禪 飾 三 摩 地 便 與 十 方 菩 薩 及 諸 無 漏 大 
X13n0285_009:0362b15	阿羅漢心精通[泳永+曶]當處湛然(彼)一切魔王及諸鬼神	阿 羅 漢 心 精 通 [泳永曶] 當 處 湛 然 彼 一 切 魔 王 及 諸 鬼 神 
X13n0285_009:0362b16	諸凡夫天(各各)見其宮殿無故崩裂大地(為之)振坼水陸	諸 凡 夫 天 各 各 見 其 宮 殿 無 故 崩 裂 大 地 為 之 振 坼 水 陸 
X13n0285_009:0362b17	(為之)飛騰(所以)無不驚慴(世間)凡夫昏暗(故)不覺(其)遷訛彼	 為 之 飛 騰 所 以 無 不 驚 慴 世 間 凡 夫 昏 暗 故 不 覺 其 遷 訛 彼 
X13n0285_009:0362b18	等咸得五種神通唯除漏盡戀此塵勞如何令汝摧	等 咸 得 五種神通 唯 除 漏 盡 戀 此 塵 勞 如 何 令 汝 摧 
X13n0285_009:0362b19	裂其處是故鬼神及諸天魔魍魎妖精於三昧時僉	裂 其 處 是 故 鬼 神 及 諸 天 魔 魍 魎 妖 精 於 三 昧 時 僉 
X13n0285_009:0362b20	來惱汝。	來 惱 汝 
X13n0285_009:0362b21	飾莊嚴也以功德智慧莊嚴法身則修德有功性	飾 莊 嚴 也 以 功 德 智慧莊嚴 法 身 則 修 德 有 功 性 
X13n0285_009:0362b22	德方顯故與菩薩羅漢心精[泳永+曶]湛也凡夫昏暗不	德 方 顯 故 與 菩 薩 羅 漢 心 精 [泳永曶] 湛 也 凡 夫 昏 暗 不 
X13n0285_009:0362b23	覺遷訛者譬如人在大舟之中舟行人尚不覺況	覺 遷 訛 者 譬 如 人 在 大 舟 之 中 舟 行 人 尚 不 覺 況 
X13n0285_009:0362b24	世界震動凡夫那知餘皆如文。二勸誡迷悟得	世 界 震 動 凡 夫 那 知 餘 皆 如 文 二 勸 誡 迷 悟 得 
X13n0285_009:0362c01	失二初勸悟則成得二誡迷則成失。今初。	失 二 初 勸 悟 則 成 得 二 誡 迷 則 成 失 今 初 
X13n0285_009:0362c02	然彼諸魔雖有大怒彼塵勞內汝妙覺中如風吹光	然 彼 諸 魔 雖 有 大 怒 彼 塵 勞 內 汝 妙 覺 中 如 風 吹 光 
X13n0285_009:0362c03	如刀斷水了不相觸汝如沸湯彼如堅氷煖氣漸隣	如 刀 斷 水 了 不 相 觸 汝 如 沸 湯 彼 如 堅 氷 煖 氣 漸 隣 
X13n0285_009:0362c04	不日消殞徒恃神力但為其客成就破亂由汝心中	不 日 消 殞 徒 恃 神 力 但 為 其 客 成 就 破 亂 由 汝 心 中 
X13n0285_009:0362c05	五陰主人主人若迷客得其便當處禪那覺悟無惑	五 陰 主 人 主 人 若 迷 客 得 其 便 當 處 禪 那 覺 悟 無 惑 
X13n0285_009:0362c06	則彼魔事無奈汝何陰銷入明則彼群邪咸(是稟)受幽	則 彼 魔 事 無 奈 汝 何 陰 銷 入 明 則 彼 群 邪 咸 是 稟 受 幽 
X13n0285_009:0362c07	氣(者今)明能破暗近自銷殞如何敢留擾亂禪定。	氣 者 今 明 能 破 暗 近 自 銷 殞 如 何 敢 留 擾 亂 禪 定 
X13n0285_009:0362c08	此中凡舉四喻一者風吹光二者刀斷水但是不	此 中 凡 舉 四 喻 一 者 風 吹 光 二 者 刀 斷 水 但 是 不 
X13n0285_009:0362c09	動不傷明其無害而已三者湯消氷四者明破暗	動 不 傷 明 其 無 害 而 已 三 者 湯 消 氷 四 者 明 破 暗 
X13n0285_009:0362c10	則不惟無害又能轉魔界為佛界矣修心之士其	則 不 惟 無 害 又 能 轉 魔 界 為 佛 界 矣 修 心 之 士 其 
X13n0285_009:0362c11	可不自勉乎。二誡迷則成失。	可 不 自 勉 乎 二 誡 迷 則 成 失 
X13n0285_009:0362c12	若不明悟破陰所迷則汝阿難必為魔子成就魔人	若 不 明 悟 破 陰 所 迷 則 汝 阿 難 必 為 魔 子 成 就 魔 人 
X13n0285_009:0362c13	如摩登伽殊為眇劣彼唯呪汝破佛律儀八萬行中	如 摩 登 伽 殊 為 眇 劣 彼 唯 呪 汝 破 佛 律 儀 八 萬 行 中 
X13n0285_009:0362c14	秪毀一戒心清淨故尚未淪溺此乃隳汝寶覺全身	秪 毀 一 戒 心 清 淨 故 尚 未 淪 溺 此 乃 隳 汝 寶 覺 全 身 
X13n0285_009:0362c15	如宰臣家忽逢籍沒宛轉零落無可哀救。	如 宰 臣 家 忽 逢 籍 沒 宛 轉 零 落 無 可 哀 救 
X13n0285_009:0362c16	一切境界皆依陰發故但云被陰所迷以離五陰	一切境界 皆 依 陰 發 故 但 云 被 陰 所 迷 以 離 五 陰 
X13n0285_009:0362c17	則無天魔鬼神可得故也籍沒者沒其屬籍。二	則 無 天 魔 鬼 神 可 得 故 也 籍 沒 者 沒 其 屬 籍 二 
X13n0285_009:0362c18	別明境發之相五初明色陰境(至)五明識陰境	別 明 境 發 之 相 五 初 明 色 陰 境 至 五 明 識 陰 境 
X13n0285_009:0362c19	初中三初總示陰相二別明發相三結過勸示。	初 中 三 初 總 示 陰 相 二 別 明 發 相 三 結 過 勸 示 
X13n0285_009:0362c20	初又四初牒示圓通正行二正示色陰區宇三懸	初 又 四 初 牒 示 圓 通 正 行 二 正 示 色 陰 區 宇 三 懸 
X13n0285_009:0362c21	示色陰盡相四結示本惟妄想。今初。	示 色 陰 盡 相 四 結 示 本 惟 妄 想 今 初 
X13n0285_009:0362c22	阿難當知汝坐道場銷落諸念其念若盡則諸離念	阿 難 當 知 汝 坐 道 場 銷 落 諸 念 其 念 若 盡 則 諸 離 念 
X13n0285_009:0362c23	一切精明動靜不移憶忘如一當住此處入三摩地。	一 切 精 明 動 靜 不 移 憶 忘 如 一 當 住 此 處 入 三 摩 地 
X13n0285_009:0362c24	道場者修道之場若據佛世及末世利根止取可	道 場 者 修 道 之 場 若 據 佛 世 及 末 世 利 根 止 取 可 
X13n0285_009:0363a01	安居處便為道場若欲事理並修尅期取證則指	安 居 處 便 為 道 場 若 欲 事 理 並 修 尅 期 取 證 則 指 
X13n0285_009:0363a02	三七壇儀之後即於此處修三摩地乃至端坐安	三 七 壇 儀 之 後 即 於 此 處 修 三 摩 地 乃 至 端 坐 安 
X13n0285_009:0363a03	居經一百日名為坐道場也銷落諸念即入流亡	居 經 一 百 日 名 為 坐 道 場 也 銷 落 諸 念 即 入 流 亡 
X13n0285_009:0363a04	所正修功夫以一心圓頓止觀隨觀一境銷落五	所 正 修 功 夫 以 一 心 圓 頓 止 觀 隨 觀 一 境 銷 落 五 
X13n0285_009:0363a05	陰生死情計譬如大冶鑄金故名為銷令彼垢除	陰 生 死 情 計 譬 如 大 冶 鑄 金 故 名 為 銷 令 彼 垢 除 
X13n0285_009:0363a06	故名為落其念若盡通則從觀行盡至究竟盡別	故 名 為 落 其 念 若 盡 通 則 從 觀 行 盡 至 究 竟 盡 別 
X13n0285_009:0363a07	則且約觀行名盡所謂初登五品圓伏五住煩惱	則 且 約 觀 行 名 盡 所 謂 初 登 五 品 圓 伏 五 住 煩 惱 
X13n0285_009:0363a08	也離念一切精明通亦從觀行離至究竟離則有	也 離 念 一 切 精 明 通 亦 從 觀 行 離 至 究 竟 離 則 有 
X13n0285_009:0363a09	觀行精明乃至究竟精明今且約觀行言之既登	觀 行 精 明 乃 至 究 竟 精 明 今 且 約 觀 行 言 之 既 登 
X13n0285_009:0363a10	觀行一品便能動靜不移憶忘如一觀音所謂所	觀 行 一 品 便 能 動 靜 不 移 憶 忘 如 一 觀 音 所 謂 所 
X13n0285_009:0363a11	入既寂者是也當住此處入三摩地者即成下手	入 既 寂 者 是 也 當 住 此 處 入 三 摩 地 者 即 成 下 手 
X13n0285_009:0363a12	功夫正應如此也然此處有二義一約觀二約境	功 夫 正 應 如 此 也 然 此 處 有 二 義 一 約 觀 二 約 境 
X13n0285_009:0363a13	約觀者即是離念精明之處約境者即是事理二	約 觀 者 即 是 離 念 精 明 之 處 約 境 者 即 是 事 理 二 
X13n0285_009:0363a14	境各有通別通者二十五門為事境門門所具如	境 各 有 通 別 通 者 二 十 五 門 為 事 境 門 門 所 具 如 
X13n0285_009:0363a15	來藏性為理境別者耳門為事境聞性本圓本通	來 藏 性 為 理 境 別 者 耳 門 為 事 境 聞 性 本 圓 本 通 
X13n0285_009:0363a16	本常為理境今正合明以此離念精明之觀住於	本 常 為 理 境 今 正 合 明 以 此 離 念 精 明 之 觀 住 於 
X13n0285_009:0363a17	耳根聞性圓通常處乃可入三摩地也利根之士	耳 根 聞 性 圓 通 常 處 乃 可 入 三 摩 地 也 利 根 之 士 
X13n0285_009:0363a18	便從此處一超直入若色陰習強則有幽暗區宇	便 從 此 處 一 超 直 入 若 色 陰 習 強 則 有 幽 暗 區 宇 
X13n0285_009:0363a19	現在前耳。二正示色陰區宇。	現 在 前 耳 二 正 示 色 陰 區 宇 
X13n0285_009:0363a20	如明目人處大幽暗精性妙淨心未發光此則名為	如 明 目 人 處 大 幽 暗 精 性 妙 淨 心 未 發 光 此 則 名 為 
X13n0285_009:0363a21	色陰區宇。	色 陰 區 宇 
X13n0285_009:0363a22	此明觀行位中色陰現前之相也圓解已開故如	此 明 觀 行 位 中 色 陰 現 前 之 相 也 圓 解 已 開 故 如 
X13n0285_009:0363a23	明目之人事障未破故如處大幽暗了知色陰本	明 目 之 人 事 障 未 破 故 如 處 大 幽 暗 了 知 色 陰 本 
X13n0285_009:0363a24	如來藏故云精性妙淨理境未現故云心未發光	如 來 藏 故 云 精 性 妙 淨 理 境 未 現 故 云 心 未 發 光 
X13n0285_009:0363b01	被此虗妄色質覆障真性故名色陰區宇區者區	被 此 虗 妄 色 質 覆 障 真 性 故 名 色 陰 區 宇 區 者 區 
X13n0285_009:0363b02	局宇者處所也。三懸示色陰盡相。	局 宇 者 處 所 也 三 懸 示 色 陰 盡 相 
X13n0285_009:0363b03	若目明朗十方洞開無復幽黯名色陰盡是人則能	若 目 明 朗 十 方 洞 開 無 復 幽 黯 名 色 陰 盡 是 人 則 能 
X13n0285_009:0363b04	超越劫濁。	超 越 劫 濁 
X13n0285_009:0363b05	十方洞開無復幽黯者即所謂動靜二相了然不	十 方 洞 開 無 復 幽 黯 者 即 所 謂 動 靜 二 相 了 然 不 
X13n0285_009:0363b06	生乃至明暗通塞恬變合離生滅種種二相皆悉	生 乃 至 明 暗 通 塞 恬 變 合 離 生 滅 種 種 二 相 皆 悉 
X13n0285_009:0363b07	了然不生故名為色陰盡超劫濁也同居十方洞	了 然 不 生 故 名 為 色 陰 盡 超 劫 濁 也 同 居 十 方 洞 
X13n0285_009:0363b08	開則六凡色陰盡方便十方洞開則二乘色陰盡	開 則 六 凡 色 陰 盡 方 便 十 方 洞 開 則 二 乘 色 陰 盡 
X13n0285_009:0363b09	實報十方洞開則菩薩色陰盡如次超於三土劫	實 報 十 方 洞 開 則 菩 薩 色 陰 盡 如 次 超 於 三 土 劫 
X13n0285_009:0363b10	濁又有觀行開觀行盡觀行超乃至究竟開究竟	濁 又 有 觀 行 開 觀 行 盡 觀 行 超 乃 至 究 竟 開 究 竟 
X13n0285_009:0363b11	盡究竟超之不同須以第二卷中釋五陰文及第	盡 究 竟 超 之 不 同 須 以 第 二 卷 中 釋 五 陰 文 及 第 
X13n0285_009:0363b12	六卷釋圓通文與此對參方知此文脉絡旨趣。	六 卷 釋 圓 通 文 與 此 對 參 方 知 此 文 脉 絡 旨 趣 
X13n0285_009:0363b13	四結示本惟妄想。	四 結 示 本 惟 妄 想 
X13n0285_009:0363b14	觀其所由堅固妄想以為其本。	觀 其 所 由 堅 固 妄 想 以 為 其 本 
X13n0285_009:0363b15	夫九界眾生於此漏無漏色誰不以為定有實法	夫 九 界 眾 生 於 此 漏 無 漏 色 誰 不 以 為 定 有 實 法 
X13n0285_009:0363b16	良以不曾子細觀其所由故也今以佛眼照窮色	良 以 不 曾 子 細 觀 其 所 由 故 也 今 以 佛 眼 照 窮 色 
X13n0285_009:0363b17	陰之源不過由於堅固妄想所謂隨眾生心應所	陰 之 源 不 過 由 於 堅 固 妄 想 所 謂 隨 眾 生 心 應 所 
X13n0285_009:0363b18	知量循業發現豈真有堅固之實色哉但是妄想	知 量 循 業 發 現 豈 真 有 堅 固 之 實 色 哉 但 是 妄 想 
X13n0285_009:0363b19	謂堅固耳堅固妄想為本則是無本所以圓頓止	謂 堅 固 耳 堅 固 妄 想 為 本 則 是 無 本 所 以 圓 頓 止 
X13n0285_009:0363b20	觀一起彼則隨盡也設有實法如何可盡設不達	觀 一 起 彼 則 隨 盡 也 設 有 實 法 如 何 可 盡 設 不 達 
X13n0285_009:0363b21	其元非實法惟屬妄想如何可成圓頓止觀思之	其 元 非 實 法 惟 屬 妄 想 如 何 可 成 圓 頓 止 觀 思 之 
X13n0285_009:0363b22	思之下皆准此。二別明發相十初精明外溢身	思 之 下 皆 准 此 二 別 明 發 相 十 初 精 明 外 溢 身 
X13n0285_009:0363b23	能由礙(至)十邪心含魅妄見妄說此之十境或先	能 由 礙 至 十 邪 心 含 魅 妄 見 妄 說 此 之 十 境 或 先 
X13n0285_009:0363b24	或後或發不發或有並發或復重發事非一致今	或 後 或 發 不 發 或 有 並 發 或 復 重 發 事 非 一 致 今 
X13n0285_009:0363c01	但次第詳列令行人知是色陰境耳。今初。	但 次 第 詳 列 令 行 人 知 是 色 陰 境 耳 今 初 
X13n0285_009:0363c02	阿難當在此中精研妙明四大不織少選之間身能	阿 難 當 在 此 中 精 研 妙 明 四 大 不 織 少 選 之 間 身 能 
X13n0285_009:0363c03	出礙此名精明流溢前境斯但功用暫得如是非為	出 礙 此 名 精 明 流 溢 前 境 斯 但 功 用 暫 得 如 是 非 為 
X13n0285_009:0363c04	聖證不作聖心名善境界若作聖解即受羣邪。	聖 證 不 作 聖 心 名 善 境 界 若 作 聖 解 即 受 羣 邪 
X13n0285_009:0363c05	此中即前文所謂此處指於即事之理境也精研	此 中 即 前 文 所 謂 此 處 指 於 即 事 之 理 境 也 精 研 
X13n0285_009:0363c06	者觀行之功妙明者藏性之理通在二十五境別	者 觀 行 之 功 妙 明 者 藏 性 之 理 通 在 二 十 五 境 別 
X13n0285_009:0363c07	在耳門由其精研妙明能令四大不織是故少選	在 耳 門 由 其 精 研 妙 明 能 令 四 大 不 織 是 故 少 選 
X13n0285_009:0363c08	時間身能出礙也身能出礙者依於色陰所發之	時 間 身 能 出 礙 也 身 能 出 礙 者 依 於 色 陰 所 發 之 
X13n0285_009:0363c09	境精明流溢者出其境界之名斯但功用等者明	境 精 明 流 溢 者 出 其 境 界 之 名 斯 但 功 用 等 者 明 
X13n0285_009:0363c10	其發境之由出於功用功用至此亦是善現但既	其 發 境 之 由 出 於 功 用 功 用 至 此 亦 是 善 現 但 既 
X13n0285_009:0363c11	非聖證切不可作聖心耳夫魔之乘人必伺其或	非 聖 證 切 不 可 作 聖 心 耳 夫 魔 之 乘 人 必 伺 其 或 
X13n0285_009:0363c12	怖或喜今云非為聖證所以斷其妄喜又云名善	怖 或 喜 今 云 非 為 聖 證 所 以 斷 其 妄 喜 又 云 名 善 
X13n0285_009:0363c13	境界所以斷其妄怖也修心者知之。二精明內	境 界 所 以 斷 其 妄 怖 也 修 心 者 知 之 二 精 明 內 
X13n0285_009:0363c14	溢拾出蟯蛔。	溢 拾 出 蟯 蛔 
X13n0285_009:0363c15	阿難復以此心精研妙明其身內徹是人忽然於其	阿 難 復 以 此 心 精 研 妙 明 其 身 內 徹 是 人 忽 然 於 其 
X13n0285_009:0363c16	身內拾出蟯蛔身相宛然亦無傷毀此名精明流溢	身 內 拾 出 蟯 蛔 身 相 宛 然 亦 無 傷 毀 此 名 精 明 流 溢 
X13n0285_009:0363c17	形體斯但精行暫得如是非為聖證不作聖心名善	形 體 斯 但 精 行 暫 得 如 是 非 為 聖 證 不 作 聖 心 名 善 
X13n0285_009:0363c18	境界若作聖解即受羣邪。	境 界 若 作 聖 解 即 受 羣 邪 
X13n0285_009:0363c19	此心亦指觀行之心精行亦功用也餘可知。三	此 心 亦 指 觀 行 之 心 精 行 亦 功 用 也 餘 可 知 三 
X13n0285_009:0363c20	精魄合離空中聞法。	精 魄 合 離 空 中 聞 法 
X13n0285_009:0363c21	又以此心內外精研其時魂魄意志精神除執受身	又 以 此 心 內 外 精 研 其 時 魂 魄 意 志 精 神 除 執 受 身 
X13n0285_009:0363c22	餘皆涉入互為賓主忽於空中聞說法聲或聞十方	餘 皆 涉 入 互 為 賓 主 忽 於 空 中 聞 說 法 聲 或 聞 十 方 
X13n0285_009:0363c23	同敷密義此名精魄遞相離合成就善種暫得如是	同 敷 密 義 此 名 精 魄 遞 相 離 合 成 就 善 種 暫 得 如 是 
X13n0285_009:0363c24	非為聖證不作聖心名善境界若作聖解即受羣邪。	非 為 聖 證 不 作 聖 心 名 善 境 界 若 作 聖 解 即 受 羣 邪 
X13n0285_009:0364a01	初文雖云精研妙明而是外研居多是故精明流	初 文 雖 云 精 研 妙 明 而 是 外 研 居 多 是 故 精 明 流 
X13n0285_009:0364a02	溢前境次文雖亦精研妙明而是內研居多是故	溢 前 境 次 文 雖 亦 精 研 妙 明 而 是 內 研 居 多 是 故 
X13n0285_009:0364a03	精明流溢形體今則內外並研故令魂魄意志精	精 明 流 溢 形 體 今 則 內 外 並 研 故 令 魂 魄 意 志 精 
X13n0285_009:0364a04	神但除執受總報之身餘皆互相涉入互為賓主	神 但 除 執 受 總 報 之 身 餘 皆 互 相 涉 入 互 為 賓 主 
X13n0285_009:0364a05	遂於空中十方聞敷法義也醫書曰肝藏魂肺藏	遂 於 空 中 十 方 聞 敷 法 義 也 醫 書 曰 肝 藏 魂 肺 藏 
X13n0285_009:0364a06	魄脾藏意膽藏志腎藏精心藏神當知遞相離合	魄 脾 藏 意 膽 藏 志 腎 藏 精 心 藏 神 當 知 遞 相 離 合 
X13n0285_009:0364a07	互為賓主良由於此一切唯心唯心所現諸法皆	互 為 賓 主 良 由 於 此 一 切 唯 心 唯 心 所 現 諸 法 皆 
X13n0285_009:0364a08	不可思議也。四心魂染悟見佛踞臺。	不可思議 也 四 心 魂 染 悟 見 佛 踞 臺 
X13n0285_009:0364a09	又以此心澄露皎徹內光發明十方徧作閻浮檀色	又 以 此 心 澄 露 皎 徹 內 光 發 明 十 方 徧 作 閻 浮 檀 色 
X13n0285_009:0364a10	一切種類化為如來於時忽見毗盧遮那踞天光臺	一切種類 化 為 如 來 於 時 忽 見 毗 盧 遮 那 踞 天 光 臺 
X13n0285_009:0364a11	千佛圍繞百億國土及與蓮華俱時出現此名心魂	千 佛 圍 繞 百 億 國 土 及 與 蓮 華 俱 時 出 現 此 名 心 魂 
X13n0285_009:0364a12	靈悟所染心光研明照諸世界暫得如是非為聖證	靈 悟 所 染 心 光 研 明 照 諸 世 界 暫 得 如 是 非 為 聖 證 
X13n0285_009:0364a13	不作聖心名善境界若作聖解即受群邪。	不 作 聖 心 名 善 境 界 若 作 聖 解 即 受 群 邪 
X13n0285_009:0364a14	澄者妙止之功露者妙觀之方澄以妙止露以妙	澄 者 妙 止 之 功 露 者 妙 觀 之 方 澄 以 妙 止 露 以 妙 
X13n0285_009:0364a15	觀便此心皎潔瑩徹故得內光發明報土乍現毗	觀 便 此 心 皎 潔 瑩 徹 故 得 內 光 發 明 報 土 乍 現 毗 
X13n0285_009:0364a16	盧遮那此云光明徧照即是法報合身葢觀行中	盧 遮 那 此 云 光 明 徧 照 即 是 法 報 合 身 葢 觀 行 中 
X13n0285_009:0364a17	所觀色陰元不局於同居今既心光研明加以靈	所 觀 色 陰 元 不 局 於 同 居 今 既 心 光 研 明 加 以 靈 
X13n0285_009:0364a18	悟所染豈無暫照之力但不可認為聖證耳言靈	悟 所 染 豈 無 暫 照 之 力 但 不 可 認 為 聖 證 耳 言 靈 
X13n0285_009:0364a19	悟所染者尋常習聞教相曾知華藏境界熏成種	悟 所 染 者 尋 常 習 聞 教 相 曾 知 華 藏 境 界 熏 成 種 
X13n0285_009:0364a20	子於心魂也。五精明逼現空成寶色。	子 於 心 魂 也 五 精 明 逼 現 空 成 寶 色 
X13n0285_009:0364a21	又以此心精研妙明觀察不停抑按降伏制止超越	又 以 此 心 精 研 妙 明 觀 察 不 停 抑 按 降 伏 制 止 超 越 
X13n0285_009:0364a22	於時忽然十方虗空成七寶色或百寶色同時徧滿	於 時 忽 然 十 方 虗 空 成 七 寶 色 或 百 寶 色 同 時 徧 滿 
X13n0285_009:0364a23	不相留礙青黃赤白各各純現此名抑按功力逾分	不 相 留 礙 青 黃 赤 白 各 各 純 現 此 名 抑 按 功 力 逾 分 
X13n0285_009:0364a24	暫得如是非為聖證不作聖心名善境界若作聖解	暫 得 如 是 非 為 聖 證 不 作 聖 心 名 善 境 界 若 作 聖 解 
X13n0285_009:0364b01	即受群邪。	即 受 群 邪 
X13n0285_009:0364b02	抑按降伏制止皆是圓伏五住之功超越二字言	抑 按 降 伏 制 止 皆 是 圓 伏 五 住 之 功 超 越 二 字 言 
X13n0285_009:0364b03	其用功精進過分也此是於觀行中由圓解力暫	其 用 功 精 進 過 分 也 此 是 於 觀 行 中 由 圓 解 力 暫 
X13n0285_009:0364b04	時橫見寂光境界非關斷惑故不可作聖解。六	時 橫 見 寂 光 境 界 非 關 斷 惑 故 不 可 作 聖 解 六 
X13n0285_009:0364b05	心見密澄暗室覩物。	心 見 密 澄 暗 室 覩 物 
X13n0285_009:0364b06	又以此心研究澄徹精光不亂忽於夜半在暗室內	又 以 此 心 研 究 澄 徹 精 光 不 亂 忽 於 夜 半 在 暗 室 內 
X13n0285_009:0364b07	見種種物不殊白晝而暗室物亦不除滅此名心細	見 種 種 物 不 殊 白 晝 而 暗 室 物 亦 不 除 滅 此 名 心 細 
X13n0285_009:0364b08	密澄其見所視洞幽暫得如是非為聖證不作聖心	密 澄 其 見 所 視 洞 幽 暫 得 如 是 非 為 聖 證 不 作 聖 心 
X13n0285_009:0364b09	名善境界若作聖解即受群邪。	名 善 境 界 若 作 聖 解 即 受 群 邪 
X13n0285_009:0364b10	澄徹者寂照之體由研究而精光不亂故能暗室	澄 徹 者 寂 照 之 體 由 研 究 而 精 光 不 亂 故 能 暗 室 
X13n0285_009:0364b11	見異物也葢鬼神諸趣恒與人間雜居互不相礙	見 異 物 也 葢 鬼 神 諸 趣 恒 與 人 間 雜 居 互 不 相 礙 
X13n0285_009:0364b12	互不相見今以心細所視洞幽方乃別見種種異	互 不 相 見 今 以 心 細 所 視 洞 幽 方 乃 別 見 種 種 異 
X13n0285_009:0364b13	物而暗室物亦不除滅則仍不相礙也。七塵併	物 而 暗 室 物 亦 不 除 滅 則 仍 不 相 礙 也 七 塵 併 
X13n0285_009:0364b14	入純燒斫無礙。	入 純 燒 斫 無 礙 
X13n0285_009:0364b15	又以此心圓入虗融四體忽然同於草木火燒刀斫	又 以 此 心 圓 入 虗 融 四 體 忽 然 同 於 草 木 火 燒 刀 斫 
X13n0285_009:0364b16	曾無所覺又則火光不能燒爇縱割其肉猶如削木	曾 無 所 覺 又 則 火 光 不 能 燒 爇 縱 割 其 肉 猶 如 削 木 
X13n0285_009:0364b17	此名塵併排四大性一向入純暫得如是非為聖證	此 名 塵 併 排 四 大 性 一 向 入 純 暫 得 如 是 非 為 聖 證 
X13n0285_009:0364b18	不作聖心名善境界若作聖解即受羣邪。	不 作 聖 心 名 善 境 界 若 作 聖 解 即 受 羣 邪 
X13n0285_009:0364b19	心體本自虗融由堅固妄想而生空礙今以止觀	心 體 本 自 虗 融 由 堅 固 妄 想 而 生 空 礙 今 以 止 觀 
X13n0285_009:0364b20	之功圓入虗融之性深觀內四大性與外四大均	之 功 圓 入 虗 融 之 性 深 觀 內 四 大 性 與 外 四 大 均 
X13n0285_009:0364b21	是惟心所現無我我所故名排四大性而令塵相	是 惟 心 所 現 無我我所 故 名 排 四 大 性 而 令 塵 相 
X13n0285_009:0364b22	併銷也然但觀行暫成豈容以此濫聖。八凝想	併 銷 也 然 但 觀 行 暫 成 豈 容 以 此 濫 聖 八 凝 想 
X13n0285_009:0364b23	化現徧見諸界。	化 現 徧 見 諸 界 
X13n0285_009:0364b24	又以此心成就清淨淨心功極忽見大地十方山河	又 以 此 心 成 就 清 淨 淨 心 功 極 忽 見 大 地 十 方 山 河 
X13n0285_009:0364c01	皆成佛國具足七寶光明徧滿又見恒沙諸佛如來	皆 成 佛 國 具 足 七 寶 光 明 徧 滿 又 見 恒 沙 諸佛如來 
X13n0285_009:0364c02	徧滿空界樓殿華麗下見地獄上觀天宮得無障礙	徧 滿 空 界 樓 殿 華 麗 下 見 地 獄 上 觀 天 宮 得 無 障 礙 
X13n0285_009:0364c03	此名欣厭凝想日深想久化成非為聖證不作聖心	此 名 欣 厭 凝 想 日 深 想 久 化 成 非 為 聖 證 不 作 聖 心 
X13n0285_009:0364c04	名善境界若作聖解即受羣邪。	名 善 境 界 若 作 聖 解 即 受 羣 邪 
X13n0285_009:0364c05	欣厭者欣淨厭穢之心也淨穢雖並唯心不妨熾	欣 厭 者 欣 淨 厭 穢 之 心 也 淨 穢 雖 並 唯 心 不 妨 熾 
X13n0285_009:0364c06	然欣厭欣厭若極與不欣厭亦非異轍是故圓頓	然 欣 厭 欣 厭 若 極 與 不 欣 厭 亦 非 異 轍 是 故 圓 頓 
X13n0285_009:0364c07	行人正可求生淨土但聖境雖現不可妄作聖心	行 人 正 可 求 生 淨 土 但 聖 境 雖 現 不 可 妄 作 聖 心 
X13n0285_009:0364c08	耳諸佛正徧知海從心想生是心作依作正是心	耳 諸 佛 正 徧 知 海 從 心 想 生 是 心 作 依 作 正 是 心 
X13n0285_009:0364c09	是依是正了知惟是想久化成不作聖解如遠公	是 依 是 正 了 知 惟 是 想 久 化 成 不 作 聖 解 如 遠 公 
X13n0285_009:0364c10	三見聖相何逼之有若作聖解乃成邪矣。九逼	三 見 聖 相 何 逼 之 有 若 作 聖 解 乃 成 邪 矣 九 逼 
X13n0285_009:0364c11	心飛出夜見遠方。	心 飛 出 夜 見 遠 方 
X13n0285_009:0364c12	又以此心研究深遠忽於中夜遙見遠方市井街巷	又 以 此 心 研 究 深 遠 忽 於 中 夜 遙 見 遠 方 市 井 街 巷 
X13n0285_009:0364c13	親族眷屬或聞其語此名迫心逼極飛出故多隔見	親 族 眷 屬 或 聞 其 語 此 名 迫 心 逼 極 飛 出 故 多 隔 見 
X13n0285_009:0364c14	非為聖證不作聖心名善境界若作聖解即受群邪。	非 為 聖 證 不 作 聖 心 名 善 境 界 若 作 聖 解 即 受 群 邪 
X13n0285_009:0364c15	研究深遠者觀於事境理諦豎窮橫徧之體性也	研 究 深 遠 者 觀 於 事 境 理 諦 豎 窮 橫 徧 之 體 性 也 
X13n0285_009:0364c16	迫逼飛出亦是暫時境界耳緣影未破豈聖證乎	迫 逼 飛 出 亦 是 暫 時 境 界 耳 緣 影 未 破 豈 聖 證 乎 
X13n0285_009:0364c17	十邪心含魅妄見妄說。	十 邪 心 含 魅 妄 見 妄 說 
X13n0285_009:0364c18	又以此心研究精極見善知識形體變移少選無端	又 以 此 心 研 究 精 極 見 善 知 識 形 體 變 移 少 選 無 端 
X13n0285_009:0364c19	種種遷改此名邪心含受魑魅或遭天魔入其心腹	種 種 遷 改 此 名 邪 心 含 受 魑 魅 或 遭 天 魔 入 其 心 腹 
X13n0285_009:0364c20	無端說法通達妙義非為聖證不作聖心魔事銷歇	無 端 說 法 通 達 妙 義 非 為 聖 證 不 作 聖 心 魔 事 銷 歇 
X13n0285_009:0364c21	若作聖解即受群邪。	若 作 聖 解 即 受 群 邪 
X13n0285_009:0364c22	精極者言其研究功深至此則與菩薩羅漢心精	精 極 者 言 其 研 究 功 深 至 此 則 與 菩 薩 羅 漢 心 精 
X13n0285_009:0364c23	將[泳永+曶]色陰將破虗空將殞故魔事從此而發也或	將 [泳永曶] 色 陰 將 破 虗 空 將 殞 故 魔 事 從 此 而 發 也 或 
X13n0285_009:0364c24	於定中妄見善知識形無端變改現佛現通當知	於 定 中 妄 見 善 知 識 形 無 端 變 改 現 佛 現 通 當 知 
X13n0285_009:0365a01	此名偶因邪心含受魑魅有此妄見非真見聖相	此 名 偶 因 邪 心 含 受 魑 魅 有 此 妄 見 非 真 見 聖 相 
X13n0285_009:0365a02	也又或偶遭天魔入其心腹令此行人自己無端	也 又 或 偶 遭 天 魔 入 其 心 腹 令 此 行 人 自 己 無 端 
X13n0285_009:0365a03	說法通達妙義當知此是魔力使然非真實心開	說 法 通 達 妙 義 當 知 此 是 魔 力 使 然 非 真 實 心 開 
X13n0285_009:0365a04	也此雖防心不密致使魔魅得入若能不作聖心	也 此 雖 防 心 不 密 致 使 魔 魅 得 入 若 能 不 作 聖 心 
X13n0285_009:0365a05	則魔事終歸銷歇惟其妄作聖解乃中天魔計耳。	則 魔 事 終 歸 銷 歇 惟 其 妄 作 聖 解 乃 中 天 魔 計 耳 
X13n0285_009:0365a06	三結過勸示。	三 結 過 勸 示 
X13n0285_009:0365a07	阿難如是十種禪那現境皆是色陰用心交互故現	阿 難 如 是 十 種 禪 那 現 境 皆 是 色 陰 用 心 交 互 故 現 
X13n0285_009:0365a08	斯事眾生頑迷不自忖量逢此因緣迷不自識謂言	斯 事 眾 生 頑 迷 不 自 忖 量 逢 此 因 緣 迷 不 自 識 謂 言 
X13n0285_009:0365a09	登聖大妄語成墮無間獄汝等當依如來滅後於末	登 聖 大 妄 語 成 墮 無 間 獄 汝 等 當 依 如來滅後 於 末 
X13n0285_009:0365a10	法中宣示斯義無令天魔得其方便保持覆護成無	法 中 宣 示 斯 義 無 令 天 魔 得 其 方 便 保 持 覆 護 成 無 
X13n0285_009:0365a11	上道。	上 道 
X13n0285_009:0365a12	言此十種境界從禪那中發現者皆由無始虗妄	言 此 十 種 境 界 從 禪 那 中 發 現 者 皆 由 無 始 虗 妄 
X13n0285_009:0365a13	色陰與今所用妙止觀心能所交互故現斯事也	色 陰 與 今 所 用 妙 止 觀 心 能 所 交 互 故 現 斯 事 也 
X13n0285_009:0365a14	葢能觀之心如鑽所觀陰境如木陰中藏性如火	葢 能 觀 之 心 如 鑽 所 觀 陰 境 如 木 陰 中 藏 性 如 火 
X13n0285_009:0365a15	種種現境如煙鑽火得煙則知去火不遠故一一	種 種 現 境 如 煙 鑽 火 得 煙 則 知 去 火 不 遠 故 一 一 
X13n0285_009:0365a16	名善境界見煙而止則火不可得損木損工譬如	名 善 境 界 見 煙 而 止 則 火 不 可 得 損 木 損 工 譬 如 
X13n0285_009:0365a17	中途迷惑反受群邪也下皆准知。二明受陰境	中 途 迷 惑 反 受 群 邪 也 下 皆 准 知 二 明 受 陰 境 
X13n0285_009:0365a18	三初總示陰相二別明發相三結過勸示。初中	三 初 總 示 陰 相 二 別 明 發 相 三 結 過 勸 示 初 中 
X13n0285_009:0365a19	四初結前色陰盡相二正示受陰區宇三懸示受	四 初 結 前 色 陰 盡 相 二 正 示 受 陰 區 宇 三 懸 示 受 
X13n0285_009:0365a20	陰盡相四結示本惟妄想。今初。	陰 盡 相 四 結 示 本 惟 妄 想 今 初 
X13n0285_009:0365a21	阿難彼善男子修三摩提奢摩他中色陰盡者見諸	阿 難 彼 善 男 子 修 三 摩 提 奢 摩 他 中 色 陰 盡 者 見 諸 
X13n0285_009:0365a22	佛心如明鏡中顯現其像。	佛 心 如 明 鏡 中 顯 現 其 像 
X13n0285_009:0365a23	大佛頂首楞嚴王三昧始終皆以止觀而為體用	大 佛 頂 首 楞 嚴 王 三 昧 始 終 皆 以 止 觀 而 為 體 用 
X13n0285_009:0365a24	今言奢摩他中舉止以攝觀也同居色陰盡見佛	今 言 奢 摩 他 中 舉 止 以 攝 觀 也 同 居 色 陰 盡 見 佛 
X13n0285_009:0365b01	一切智心方便色陰盡見佛道種智心實報色陰	一切智心 方 便 色 陰 盡 見 佛 道 種 智 心 實 報 色 陰 
X13n0285_009:0365b02	盡見佛一切種智心又達三土色陰即空名盡見	盡 見 佛 一切種智 心 又 達 三 土 色 陰 即 空 名 盡 見 
X13n0285_009:0365b03	佛一切智心達三土色陰即假名盡見佛道種智	佛 一切智心 達 三 土 色 陰 即 假 名 盡 見 佛 道 種 智 
X13n0285_009:0365b04	心達三土色陰即中名盡見佛一切種智心也則	心 達 三 土 色 陰 即 中 名 盡 見 佛 一切種智 心 也 則 
X13n0285_009:0365b05	有觀行見相似見乃至究竟見之不同利根之人	有 觀 行 見 相 似 見 乃 至 究 竟 見 之 不 同 利 根 之 人 
X13n0285_009:0365b06	一盡一切盡一見一切見若受陰習強者則於觀	一 盡 一 切 盡 一 見 一 切 見 若 受 陰 習 強 者 則 於 觀 
X13n0285_009:0365b07	行位中又現客邪區宇。二正示受陰區宇。	行 位 中 又 現 客 邪 區 宇 二 正 示 受 陰 區 宇 
X13n0285_009:0365b08	若有所得而未能用猶如厭人手足宛然見聞不惑	若 有 所 得 而 未 能 用 猶 如 厭 人 手 足 宛 然 見 聞 不 惑 
X13n0285_009:0365b09	心觸客邪而不能動此則名為受陰區宇。	心 觸 客 邪 而 不 能 動 此 則 名 為 受 陰 區 宇 
X13n0285_009:0365b10	觀行見於佛心故若有所得未與法流水接故猶	觀 行 見 於 佛 心 故 若 有 所 得 未 與 法 流 水 接 故 猶 
X13n0285_009:0365b11	未能用也受以領納前境為義今六根雖不緣塵	未 能 用 也 受 以 領 納 前 境 為 義 今 六 根 雖 不 緣 塵 
X13n0285_009:0365b12	而領納之習仍在所以猶如魘人了知六入本如	而 領 納 之 習 仍 在 所 以 猶 如 魘 人 了 知 六 入 本 如 
X13n0285_009:0365b13	來藏故喻之以手足宛然見聞不惑三土虗妄受	來 藏 故 喻 之 以 手 足 宛 然 見 聞 不 惑 三 土 虗 妄 受 
X13n0285_009:0365b14	陰喻以客邪不得去住自由喻不能動葢雖非實	陰 喻 以 客 邪 不 得 去 住 自 由 喻 不 能 動 葢 雖 非 實 
X13n0285_009:0365b15	有外邪只此受陰區宇便是心觸客邪也。三懸	有 外 邪 只 此 受 陰 區 宇 便 是 心 觸 客 邪 也 三 懸 
X13n0285_009:0365b16	示受陰盡相。	示 受 陰 盡 相 
X13n0285_009:0365b17	若魘咎歇其心離身返觀其面去住自由無復留礙	若 魘 咎 歇 其 心 離 身 返 觀 其 面 去 住 自 由 無 復 留 礙 
X13n0285_009:0365b18	名受陰盡是人則能超越見濁。	名 受 陰 盡 是 人 則 能 超 越 見 濁 
X13n0285_009:0365b19	聞所聞盡如魘咎歇無所執受故心得離身離分	聞 所 聞 盡 如 魘 咎 歇 無 所 執 受 故 心 得 離 身 離 分 
X13n0285_009:0365b20	段身則於同居去住自由離變易身則於方便實	段 身 則 於 同 居 去 住 自 由 離 變 易 身 則 於 方 便 實 
X13n0285_009:0365b21	報去住自由餘如耳根圓通中說。四結示本惟	報 去 住 自 由 餘 如 耳 根 圓 通 中 說 四 結 示 本 惟 
X13n0285_009:0365b22	妄想。	妄 想 
X13n0285_009:0365b23	觀其所由虗明妄想以為其本。	觀 其 所 由 虗 明 妄 想 以 為 其 本 
X13n0285_009:0365b24	因於違順妄境生諸損益妄受虗有所明是受陰	因 於 違 順 妄 境 生 諸 損 益 妄 受 虗 有 所 明 是 受 陰 
X13n0285_009:0365c01	相此之虗明但是妄想非真有虗明也既識其本	相 此 之 虗 明 但 是 妄 想 非 真 有 虗 明 也 既 識 其 本 
X13n0285_009:0365c02	則不被其所惑矣。二別明發相十初過抑生悲	則 不 被 其 所 惑 矣 二 別 明 發 相 十 初 過 抑 生 悲 
X13n0285_009:0365c03	(至)十愛極成貪。今初。	 至 十 愛 極 成 貪 今 初 
X13n0285_009:0365c04	阿難彼善男子當在此中得大光耀其心發明內抑	阿 難 彼 善 男 子 當 在 此 中 得 大 光 耀 其 心 發 明 內 抑 
X13n0285_009:0365c05	過分忽於其處發無窮悲如是乃至觀見蚊蝱猶如	過 分 忽 於 其 處 發 無 窮 悲 如 是 乃 至 觀 見 蚊 蝱 猶 如 
X13n0285_009:0365c06	赤子心生憐愍不覺流淚此名功用抑摧過越悟則	赤 子 心 生 憐 愍 不 覺 流 淚 此 名 功 用 抑 摧 過 越 悟 則 
X13n0285_009:0365c07	無咎非為聖證覺了不迷久自銷歇若作聖解則有	無 咎 非 為 聖 證 覺 了 不 迷 久 自 銷 歇 若 作 聖 解 則 有 
X13n0285_009:0365c08	悲魔入其心腑見人則悲啼泣無限失於正受當從	悲 魔 入 其 心 腑 見 人 則 悲 啼 泣 無 限 失 於 正 受 當 從 
X13n0285_009:0365c09	淪墜。	淪 墜 
X13n0285_009:0365c10	此中者事理二境觀行三昧之中也由觀行力破	此 中 者 事 理 二 境 觀 行 三 昧 之 中 也 由 觀 行 力 破 
X13n0285_009:0365c11	色陰境故能得大光耀由其受陰未破故發種種	色 陰 境 故 能 得 大 光 耀 由 其 受 陰 未 破 故 發 種 種 
X13n0285_009:0365c12	諸受境界葢受有五種一苦二樂三憂四喜五捨	諸 受 境 界 葢 受 有 五 種 一 苦 二 樂 三 憂 四 喜 五 捨 
X13n0285_009:0365c13	今之悲心乃緣眾生苦受而發也雖似大悲實依	今 之 悲 心 乃 緣 眾 生 苦 受 而 發 也 雖 似 大 悲 實 依 
X13n0285_009:0365c14	受陰秪因內抑過分而發豈入聖階所貴覺了不	受 陰 秪 因 內 抑 過 分 而 發 豈 入 聖 階 所 貴 覺 了 不 
X13n0285_009:0365c15	迷庶不招魔成失耳。二感激生勇。	迷 庶 不 招 魔 成 失 耳 二 感 激 生 勇 
X13n0285_009:0365c16	阿難又彼定中諸善男子見色陰銷受陰明白勝相	阿 難 又 彼 定 中 諸 善 男 子 見 色 陰 銷 受 陰 明 白 勝 相 
X13n0285_009:0365c17	現前感激過分忽於其中生無限勇其心猛利志齊	現 前 感 激 過 分 忽 於 其 中 生 無 限 勇 其 心 猛 利 志 齊 
X13n0285_009:0365c18	諸佛謂三僧祇一念能越此名功用陵率過越悟則	諸 佛 謂 三 僧 祇 一 念 能 越 此 名 功 用 陵 率 過 越 悟 則 
X13n0285_009:0365c19	無咎非為聖證覺了不迷久自銷歇若作聖解則有	無 咎 非 為 聖 證 覺 了 不 迷 久 自 銷 歇 若 作 聖 解 則 有 
X13n0285_009:0365c20	狂魔入其心腑見人則誇我慢無比其心乃至上不	狂 魔 入 其 心 腑 見 人 則 誇 我 慢 無 比 其 心 乃 至 上 不 
X13n0285_009:0365c21	見佛下不見人失於正受當從淪墜。	見 佛 下 不 見 人 失 於 正 受 當 從 淪 墜 
X13n0285_009:0365c22	於觀行定中剝去一層色礙境界露出一種虗明	於 觀 行 定 中 剝 去 一 層 色 礙 境 界 露 出 一 種 虗 明 
X13n0285_009:0365c23	境界故感激過分而生於勇此緣自心樂受而發	境 界 故 感 激 過 分 而 生 於 勇 此 緣 自 心 樂 受 而 發 
X13n0285_009:0365c24	也文皆可知。三智衰成憶。	也 文 皆 可 知 三 智 衰 成 憶 
X13n0285_009:0366a01	又彼定中諸善男子見色陰消受陰明白前無新證	又 彼 定 中 諸 善 男 子 見 色 陰 消 受 陰 明 白 前 無 新 證 
X13n0285_009:0366a02	歸失故居智力衰微入中隳地逈無所見心中忽然	歸 失 故 居 智 力 衰 微 入 中 隳 地 逈 無 所 見 心 中 忽 然 
X13n0285_009:0366a03	生大枯渴於一切時沉憶不散將此以為勤精進相	生 大 枯 渴 於一切時 沉 憶 不 散 將 此 以 為 勤 精 進 相 
X13n0285_009:0366a04	此名修心無慧自失悟則無咎非為聖證若作聖解	此 名 修 心 無 慧 自 失 悟 則 無 咎 非 為 聖 證 若 作 聖 解 
X13n0285_009:0366a05	則有憶魔入其心腑旦夕撮心懸在一處失於正受	則 有 憶 魔 入 其 心 腑 旦 夕 撮 心 懸 在 一 處 失 於 正 受 
X13n0285_009:0366a06	當從淪墜。	當 從 淪 墜 
X13n0285_009:0366a07	受陰未破故前無新證色陰既銷故歸失故居此	受 陰 未 破 故 前 無 新 證 色 陰 既 銷 故 歸 失 故 居 此 
X13n0285_009:0366a08	緣自心捨受而生枯渴也病在定過於慧所以沉	緣 自 心 捨 受 而 生 枯 渴 也 病 在 定 過 於 慧 所 以 沉 
X13n0285_009:0366a09	憶懸心。四慧勝成劣。	憶 懸 心 四 慧 勝 成 劣 
X13n0285_009:0366a10	又彼定中諸善男子見色陰銷受陰明白慧力過定	又 彼 定 中 諸 善 男 子 見 色 陰 銷 受 陰 明 白 慧 力 過 定 
X13n0285_009:0366a11	失於猛利以諸勝性懷於心中自心已疑是盧舍那	失 於 猛 利 以 諸 勝 性 懷 於 心 中 自 心 已 疑 是 盧 舍 那 
X13n0285_009:0366a12	得少為足此名用心忘失恒審溺於知見悟則無咎	得 少 為 足 此 名 用 心 忘 失 恒 審 溺 於 知 見 悟 則 無 咎 
X13n0285_009:0366a13	非為聖證若作聖解則有下劣易知足魔入其心腑	非 為 聖 證 若 作 聖 解 則 有 下 劣 易 知 足 魔 入 其 心 腑 
X13n0285_009:0366a14	見人自言我得無上第一義諦失於正受當從淪墜。	見 人 自 言 我 得 無 上 第一義諦 失 於 正 受 當 從 淪 墜 
X13n0285_009:0366a15	此緣喜受而生勝性也病在慧過於定所以忘失	此 緣 喜 受 而 生 勝 性 也 病 在 慧 過 於 定 所 以 忘 失 
X13n0285_009:0366a16	恒審。五失守生憂。	恒 審 五 失 守 生 憂 
X13n0285_009:0366a17	又彼定中諸善男子見色陰銷受陰明白新證未獲	又 彼 定 中 諸 善 男 子 見 色 陰 銷 受 陰 明 白 新 證 未 獲 
X13n0285_009:0366a18	故心已亡歷覽二際自生艱險於心忽然生無盡憂	故 心 已 亡 歷 覽 二 際 自 生 艱 險 於 心 忽 然 生 無 盡 憂 
X13n0285_009:0366a19	如坐鐵牀如飲毒藥心不欲活常求於人令害其命	如 坐 鐵 牀 如 飲 毒 藥 心 不 欲 活 常 求 於 人 令 害 其 命 
X13n0285_009:0366a20	早取解脫此名修心失於方便悟則無咎非為聖證	早 取 解 脫 此 名 修 心 失 於 方 便 悟 則 無 咎 非 為 聖 證 
X13n0285_009:0366a21	若作聖解則有一分常憂愁魔入其心腑手執刀劍	若 作 聖 解 則 有 一 分 常 憂 愁 魔 入 其 心 腑 手 執 刀 劍 
X13n0285_009:0366a22	自割其肉欣其捨壽或常憂愁走入山林不耐見人	自 割 其 肉 欣 其 捨 壽 或 常 憂 愁 走 入 山 林 不 耐 見 人 
X13n0285_009:0366a23	失於正受當從淪墜。	失 於 正 受 當 從 淪 墜 
X13n0285_009:0366a24	新證未獲亦指受陰未破故心已亡亦指色陰先	新 證 未 獲 亦 指 受 陰 未 破 故 心 已 亡 亦 指 色 陰 先 
X13n0285_009:0366b01	銷此緣憂受而求自害定慧俱劣。六慧劣成喜。	銷 此 緣 憂 受 而 求 自 害 定 慧 俱 劣 六 慧 劣 成 喜 
X13n0285_009:0366b02	又彼定中諸善男子見色陰銷受陰明白處清淨中	又 彼 定 中 諸 善 男 子 見 色 陰 銷 受 陰 明 白 處 清 淨 中 
X13n0285_009:0366b03	心安隱後忽然自有無限喜生心中歡悅不能自止	心 安 隱 後 忽 然 自 有 無 限 喜 生 心 中 歡 悅 不 能 自 止 
X13n0285_009:0366b04	此名輕安無慧自禁悟則無咎非為聖證若作聖解	此 名 輕 安 無 慧 自 禁 悟 則 無 咎 非 為 聖 證 若 作 聖 解 
X13n0285_009:0366b05	則有一分好喜樂魔入其心腑見人則笑於衢路傍	則 有 一 分 好 喜 樂 魔 入 其 心 腑 見 人 則 笑 於 衢 路 傍 
X13n0285_009:0366b06	自歌自舞自謂已得無礙解脫失於正受當從淪墜。	自 歌 自 舞 自 謂 已 得 無礙解脫 失 於 正 受 當 從 淪 墜 
X13n0285_009:0366b07	此緣輕安而生喜受亦是定過於慧。七見勝成	此 緣 輕 安 而 生 喜 受 亦 是 定 過 於 慧 七 見 勝 成 
X13n0285_009:0366b08	慢。	慢 
X13n0285_009:0366b09	又彼定中諸善男子見色陰銷受陰明白自謂已足	又 彼 定 中 諸 善 男 子 見 色 陰 銷 受 陰 明 白 自 謂 已 足 
X13n0285_009:0366b10	忽有無端大我慢起如是乃至慢與過慢及慢過慢	忽 有 無 端 大 我 慢 起 如 是 乃 至 慢 與 過 慢 及 慢 過 慢 
X13n0285_009:0366b11	或增上慢或卑劣慢一時俱發心中尚輕十方如來	或 增 上 慢 或 卑 劣 慢 一 時 俱 發 心 中 尚 輕 十 方 如 來 
X13n0285_009:0366b12	何況下位聲聞緣覺此名見勝無慧自救悟則無咎	何 況 下 位 聲 聞 緣 覺 此 名 見 勝 無 慧 自 救 悟 則 無 咎 
X13n0285_009:0366b13	非為聖證若作聖解則有一分大我慢魔入其心腑	非 為 聖 證 若 作 聖 解 則 有 一 分 大 我 慢 魔 入 其 心 腑 
X13n0285_009:0366b14	不禮塔廟摧毀經像謂檀越言此是金銅或是土木	不 禮 塔 廟 摧 毀 經 像 謂 檀 越 言 此 是 金 銅 或 是 土 木 
X13n0285_009:0366b15	經是樹葉或是[疊*毛]華肉身真常不自恭敬却崇土木	經 是 樹 葉 或 是 [疊毛] 華 肉 身 真 常 不 自 恭 敬 却 崇 土 木 
X13n0285_009:0366b16	實為顛倒其深信者從其毀碎埋棄地中疑誤眾生	實 為 顛 倒 其 深 信 者 從 其 毀 碎 埋 棄 地 中 疑 誤 眾 生 
X13n0285_009:0366b17	入無間獄失於正受當從淪墜。	入 無 間 獄 失 於 正 受 當 從 淪 墜 
X13n0285_009:0366b18	自謂已足亦緣喜樂而生諸慢也恃己陵他名大	自 謂 已 足 亦 緣 喜 樂 而 生 諸 慢 也 恃 己 陵 他 名 大 
X13n0285_009:0366b19	我慢同德相傲但名為慢於同爭勝名為過慢於	我 慢 同 德 相 傲 但 名 為 慢 於 同 爭 勝 名 為 過 慢 於 
X13n0285_009:0366b20	勝爭勝名慢過慢未得謂得名增上慢以劣自矜	勝 爭 勝 名 慢 過 慢 未 得 謂 得 名 增 上 慢 以 劣 自 矜 
X13n0285_009:0366b21	名卑劣慢不禮塔廟等即是邪慢其名七慢此但	名 卑 劣 慢 不 禮 塔 廟 等 即 是 邪 慢 其 名 七 慢 此 但 
X13n0285_009:0366b22	見於定中勝相故云無慧自救也。八輕安自足。	見 於 定 中 勝 相 故 云 無 慧 自 救 也 八 輕 安 自 足 
X13n0285_009:0366b23	又彼定中諸善男子見色陰銷受陰明白於精明中	又 彼 定 中 諸 善 男 子 見 色 陰 銷 受 陰 明 白 於 精 明 中 
X13n0285_009:0366b24	圓悟精理得大隨順其心忽生無量輕安已言成聖	圓 悟 精 理 得 大 隨 順 其 心 忽 生 無 量 輕 安 已 言 成 聖 
X13n0285_009:0366c01	得大自在此名因慧獲諸輕清悟則無咎非為聖證	得 大 自 在 此 名 因 慧 獲 諸 輕 清 悟 則 無 咎 非 為 聖 證 
X13n0285_009:0366c02	若作聖解則有一分好輕清魔入其心腑自謂滿足	若 作 聖 解 則 有 一 分 好 輕 清 魔 入 其 心 腑 自 謂 滿 足 
X13n0285_009:0366c03	更不求進此等多作無聞比丘疑誤眾生墮阿鼻獄	更 不 求 進 此 等 多 作 無 聞 比 丘 疑 誤 眾 生 墮 阿 鼻 獄 
X13n0285_009:0366c04	失於正受當從淪墜。	失 於 正 受 當 從 淪 墜 
X13n0285_009:0366c05	精明中者色銷之境界圓悟精理者悟此受陰本	精 明 中 者 色 銷 之 境 界 圓 悟 精 理 者 悟 此 受 陰 本 
X13n0285_009:0366c06	如來藏也得大隨順亦是喜樂二受因慧獲諸輕	如 來 藏 也 得 大 隨 順 亦 是 喜 樂 二 受 因 慧 獲 諸 輕 
X13n0285_009:0366c07	安既得輕安便自謂足仍是定過於慧故成無聞	安 既 得 輕 安 便 自 謂 足 仍 是 定 過 於 慧 故 成 無 聞 
X13n0285_009:0366c08	比丘良由不達法相故也。九空解成斷。	比 丘 良 由 不 達 法 相 故 也 九 空 解 成 斷 
X13n0285_009:0366c09	又彼定中諸善男子見色陰銷受陰明白於明悟中	又 彼 定 中 諸 善 男 子 見 色 陰 銷 受 陰 明 白 於 明 悟 中 
X13n0285_009:0366c10	得虗明性其中忽然歸向永滅撥無因果一向入空	得 虗 明 性 其 中 忽 然 歸 向 永 滅 撥無因果 一 向 入 空 
X13n0285_009:0366c11	空心現前乃至心生長滅斷解悟則無咎非為聖證	空 心 現 前 乃 至 心 生 長 滅 斷 解 悟 則 無 咎 非 為 聖 證 
X13n0285_009:0366c12	若作聖解則有空魔入其心腑乃謗持戒名為小乘	若 作 聖 解 則 有 空 魔 入 其 心 腑 乃 謗 持 戒 名 為 小 乘 
X13n0285_009:0366c13	菩薩悟空有何持犯其人常於信心檀越飲酒噉肉	菩 薩 悟 空 有 何 持 犯 其 人 常 於 信 心 檀 越 飲 酒 噉 肉 
X13n0285_009:0366c14	廣行婬穢因魔力故攝其前人不生疑謗鬼心久入	廣 行 婬 穢 因 魔 力 故 攝 其 前 人 不 生 疑 謗 鬼 心 久 入 
X13n0285_009:0366c15	或食屎尿與酒肉等一種俱空破佛律儀誤人入罪	或 食 屎 尿 與 酒 肉 等 一 種 俱 空 破 佛 律 儀 誤 人 入 罪 
X13n0285_009:0366c16	失於正受當從淪墜。	失 於 正 受 當 從 淪 墜 
X13n0285_009:0366c17	明悟中即是色陰既銷之觀慧中虗明性即是受	明 悟 中 即 是 色 陰 既 銷 之 觀 慧 中 虗 明 性 即 是 受 
X13n0285_009:0366c18	陰性也此亦緣於捨受而成空解乃慧多定少之	陰 性 也 此 亦 緣 於 捨 受 而 成 空 解 乃 慧 多 定 少 之 
X13n0285_009:0366c19	咎每見今時知識雖不敢噉肉行婬而比丘戒法	咎 每 見 今 時 知 識 雖 不 敢 噉 肉 行 婬 而 比 丘 戒 法 
X13n0285_009:0366c20	罕有不判為小乘者其亦幾隣於魔說矣豈不險	罕 有 不 判 為 小 乘 者 其 亦 幾 隣 於 魔 說 矣 豈 不 險 
X13n0285_009:0366c21	哉。十愛極成貪。	哉 十 愛 極 成 貪 
X13n0285_009:0366c22	又彼定中諸善男子見色陰銷受陰明白味其虗明	又 彼 定 中 諸 善 男 子 見 色 陰 銷 受 陰 明 白 味 其 虗 明 
X13n0285_009:0366c23	深入心骨其心忽有無限愛生愛極發狂便為貪欲	深 入 心 骨 其 心 忽 有 無 限 愛 生 愛 極 發 狂 便 為 貪 欲 
X13n0285_009:0366c24	此名定境安順入心無慧自持誤入諸欲悟則無咎	此 名 定 境 安 順 入 心 無 慧 自 持 誤 入 諸 欲 悟 則 無 咎 
X13n0285_009:0367a01	非為聖證若作聖解則有欲魔入其心腑一向說欲	非 為 聖 證 若 作 聖 解 則 有 欲 魔 入 其 心 腑 一 向 說 欲 
X13n0285_009:0367a02	為菩提道化諸白衣平等行欲其行欲者名持法子	為 菩 提 道 化 諸 白 衣 平 等 行 欲 其 行 欲 者 名 持 法 子 
X13n0285_009:0367a03	神鬼力故於末世中攝其凡愚其數至百如是乃至	神 鬼 力 故 於 末 世 中 攝 其 凡 愚 其 數 至 百 如 是 乃 至 
X13n0285_009:0367a04	一百二百或五六百多滿千萬魔心生厭離其身體	一 百 二 百 或 五 六 百 多 滿 千 萬 魔 心生厭離 其 身 體 
X13n0285_009:0367a05	威德既無陷於王難疑誤眾生入無間獄失於正受	威 德 既 無 陷 於 王 難 疑 誤 眾 生 入 無 間 獄 失 於 正 受 
X13n0285_009:0367a06	當從淪墜。	當 從 淪 墜 
X13n0285_009:0367a07	味受陰之虗明生愛發狂此亦緣喜樂受有定無	味 受 陰 之 虗 明 生 愛 發 狂 此 亦 緣 喜 樂 受 有 定 無 
X13n0285_009:0367a08	慧之過也。三結過勸示。	慧 之 過 也 三 結 過 勸 示 
X13n0285_009:0367a09	阿難如是十種禪那現境皆是受陰用心交互故現	阿 難 如 是 十 種 禪 那 現 境 皆 是 受 陰 用 心 交 互 故 現 
X13n0285_009:0367a10	斯事眾生頑迷不自忖量逢此因緣迷不自識謂言	斯 事 眾 生 頑 迷 不 自 忖 量 逢 此 因 緣 迷 不 自 識 謂 言 
X13n0285_009:0367a11	登聖大妄語成墮無間獄汝等亦當將如來語於我	登 聖 大 妄 語 成 墮 無 間 獄 汝 等 亦 當 將 如 來 語 於 我 
X13n0285_009:0367a12	滅後傳示末法徧令眾生開悟斯義無令天魔得其	滅 後 傳 示 末 法 徧 令 眾 生 開 悟 斯 義 無 令 天 魔 得 其 
X13n0285_009:0367a13	方便保持覆護成無上道。	方 便 保 持 覆 護 成 無 上 道 
X13n0285_009:0367a14	三明想陰境三初總示陰相二別明發相三結過	三 明 想 陰 境 三 初 總 示 陰 相 二 別 明 發 相 三 結 過 
X13n0285_009:0367a15	勸示。初中四初結前受陰盡相二正示想陰區	勸 示 初 中 四 初 結 前 受 陰 盡 相 二 正 示 想 陰 區 
X13n0285_009:0367a16	宇三懸示想陰盡相四結示本惟妄想。今初。	宇 三 懸 示 想 陰 盡 相 四 結 示 本 惟 妄 想 今 初 
X13n0285_009:0367a17	阿難彼善男子修三摩提受陰盡者雖未漏盡心離	阿 難 彼 善 男 子 修 三 摩 提 受 陰 盡 者 雖 未 漏 盡 心 離 
X13n0285_009:0367a18	其形如鳥出籠已能成就從是凡身上歷菩薩六十	其 形 如 鳥 出 籠 已 能 成 就 從 是 凡 身 上 歷 菩 薩 六 十 
X13n0285_009:0367a19	聖位得意生身隨往無礙。	聖 位 得 意 生 身 隨 往 無 礙 
X13n0285_009:0367a20	受陰盡相須約三土及與六即今云雖未漏盡一	受 陰 盡 相 須 約 三 土 及 與 六 即 今 云 雖 未 漏 盡 一 
X13n0285_009:0367a21	往且約圓教初信言之即此根初解之境界也俱	往 且 約 圓 教 初 信 言 之 即 此 根 初 解 之 境 界 也 俱 
X13n0285_009:0367a22	生我執尚在故未漏盡分別我執已斷故心離其	生 我 執 尚 在 故 未 漏 盡 分 別 我 執 已 斷 故 心 離 其 
X13n0285_009:0367a23	形如鳥出籠猶前文所謂去住自由也六十聖位	形 如 鳥 出 籠 猶 前 文 所 謂 去 住 自 由 也 六 十 聖 位 
X13n0285_009:0367a24	者三漸次為能增進五十七位為所增進能所合	者 三 漸 次 為 能 增 進 五 十 七 位 為 所 增 進 能 所 合 
X13n0285_009:0367b01	稱共成六十於六十中能進三法通於凡聖所進	稱 共 成 六 十 於 六 十 中 能 進 三 法 通 於 凡 聖 所 進 
X13n0285_009:0367b02	乾慧是外凡十信是內凡餘四十六方名為聖今	乾 慧 是 外 凡 十 信 是 內 凡 餘 四 十 六 方 名 為 聖 今 
X13n0285_009:0367b03	通名為聖者以其從凡入聖因果理同故也既登	通 名 為 聖 者 以 其 從 凡 入 聖 因 果 理 同 故 也 既 登 
X13n0285_009:0367b04	初信先斷見惑則勢如破竹有進無退由後聖位	初 信 先 斷 見 惑 則 勢 如 破 竹 有 進 無 退 由 後 聖 位 
X13n0285_009:0367b05	令前凡位功行亦不唐捐所以名為六十聖位耳	令 前 凡 位 功 行 亦 不 唐 捐 所 以 名 為 六 十 聖 位 耳 
X13n0285_009:0367b06	意生身者隨意所到身則便到故云隨往無礙此	意 生 身 者 隨 意 所 到 身 則 便 到 故 云 隨 往 無 礙 此 
X13n0285_009:0367b07	有三種一者入三昧樂意生身初信能得二者覺	有 三 種 一 者 入 三 昧 樂 意 生 身 初 信 能 得 二 者 覺 
X13n0285_009:0367b08	法自性意生身八信能得三者種種俱生無作意	法 自 性 意 生 身 八 信 能 得 三 者 種 種 俱 生 無 作 意 
X13n0285_009:0367b09	生身十信能得若至初住分證如來一身無量身	生 身 十 信 能 得 若 至 初 住 分 證 如 來 一 身 無 量 身 
X13n0285_009:0367b10	所謂中道法身應化之本如天上月普印千江不	所 謂 中 道 法 身 應 化 之 本 如 天 上 月 普 印 千 江 不 
X13n0285_009:0367b11	復名意生身矣。二正示想陰區宇。	復 名 意 生 身 矣 二 正 示 想 陰 區 宇 
X13n0285_009:0367b12	譬如有人熟寐寱言是人雖則無別所知其言已成	譬 如 有 人 熟 寐 寱 言 是 人 雖 則 無 別 所 知 其 言 已 成 
X13n0285_009:0367b13	音韻倫次令不寐者咸悟其語此則名為想陰區宇。	音 韻 倫 次 令 不 寐 者 咸 悟 其 語 此 則 名 為 想 陰 區 宇 
X13n0285_009:0367b14	利根之人受陰盡時一盡一切盡便能朗然大覺	利 根 之 人 受 陰 盡 時 一 盡 一 切 盡 便 能 朗 然 大 覺 
X13n0285_009:0367b15	若想陰習強者於觀行中受陰雖復虗妙又現寐	若 想 陰 習 強 者 於 觀 行 中 受 陰 雖 復 虗 妙 又 現 寐 
X13n0285_009:0367b16	寱區宇也想陰未破喻如熟寐受陰虗妙喻如寱	寱 區 宇 也 想 陰 未 破 喻 如 熟 寐 受 陰 虗 妙 喻 如 寱 
X13n0285_009:0367b17	言無別所知者以喻思惑未斷不達真境也言成	言 無 別 所 知 者 以 喻 思 惑 未 斷 不 達 真 境 也 言 成 
X13n0285_009:0367b18	韻次者以喻觀行功深見惑永伏能隣聖位也諸	韻 次 者 以 喻 觀 行 功 深 見 惑 永 伏 能 隣 聖 位 也 諸 
X13n0285_009:0367b19	佛菩薩喻如不寐之人悉知悉見此善男子與其	佛 菩 薩 喻 如 不 寐 之 人 悉 知 悉 見 此 善 男 子 與 其 
X13n0285_009:0367b20	觀行心精通[泳永+曶]喻如咸悟其語但以虗妄想陰所	觀 行 心 精 通 [泳永曶] 喻 如 咸 悟 其 語 但 以 虗 妄 想 陰 所 
X13n0285_009:0367b21	隔故如醒者能知寐語寐者不知醒人耳。三懸	隔 故 如 醒 者 能 知 寐 語 寐 者 不 知 醒 人 耳 三 懸 
X13n0285_009:0367b22	示想陰盡相。	示 想 陰 盡 相 
X13n0285_009:0367b23	若動念盡浮想銷除於覺明心如去塵垢一倫生死	若 動 念 盡 浮 想 銷 除 於 覺 明 心 如 去 塵 垢 一 倫 生 死 
X13n0285_009:0367b24	首尾圓照名想陰盡是人則能超煩惱濁。	首 尾 圓 照 名 想 陰 盡 是 人 則 能 超 煩 惱 濁 
X13n0285_009:0367c01	於覺明心如去塵垢即所謂覺所覺空也一倫生	於 覺 明 心 如 去 塵 垢 即 所 謂 覺 所 覺 空 也 一 倫 生 
X13n0285_009:0367c02	死者倫是類義分段生死自為一類變易生死復	死 者 倫 是 類 義 分段生死 自 為 一 類 變易生死 復 
X13n0285_009:0367c03	為一類首者窮其所自始尾者究其所由終了知	為 一 類 首 者 窮 其 所 自 始 尾 者 究 其 所 由 終 了 知 
X13n0285_009:0367c04	二種生死來無所從去無所至名為首尾圓照也	二 種 生 死 來 無 所 從 去 無 所 至 名 為 首 尾 圓 照 也 
X13n0285_009:0367c05	同居動念盡則去見思塵垢圓照分段生死首尾	同 居 動 念 盡 則 去 見 思 塵 垢 圓 照 分段生死 首 尾 
X13n0285_009:0367c06	方便實報動念盡則去塵沙無明塵垢圓照變易	方 便 實 報 動 念 盡 則 去 塵 沙 無 明 塵 垢 圓 照 變 易 
X13n0285_009:0367c07	生死首尾則有觀行盡觀行去觀行圓照乃至究	生 死 首 尾 則 有 觀 行 盡 觀 行 去 觀 行 圓 照 乃 至 究 
X13n0285_009:0367c08	竟盡究竟去究意圓照餘如圓通中釋。四結示	竟 盡 究 竟 去 究 意 圓 照 餘 如 圓 通 中 釋 四 結 示 
X13n0285_009:0367c09	本惟妄想。	本 惟 妄 想 
X13n0285_009:0367c10	現其所由融通妄想以為其本。	現 其 所 由 融 通 妄 想 以 為 其 本 
X13n0285_009:0367c11	惟此想陰能為融變使心隨境使境隨心只此融	惟 此 想 陰 能 為 融 變 使 心 隨 境 使 境 隨 心 只 此 融 
X13n0285_009:0367c12	通實惟妄想更非別有融通之性可得也知此想	通 實 惟 妄 想 更 非 別 有 融 通 之 性 可 得 也 知 此 想 
X13n0285_009:0367c13	陰虗妄無本則不被其所迷矣。二別明發相十	陰 虗 妄 無 本 則 不 被 其 所 迷 矣 二 別 明 發 相 十 
X13n0285_009:0367c14	初貪善巧想(至)十貪長壽想煩惱雖多貪為上首	初 貪 善 巧 想 至 十 貪 長 壽 想 煩 惱 雖 多 貪 為 上 首 
X13n0285_009:0367c15	一有所貪便墜魔網可不戒哉。今初。	一 有 所 貪 便 墜 魔 網 可 不 戒 哉 今 初 
X13n0285_009:0367c16	阿難彼善男子受陰虗妙不遭邪慮圓定發明三摩	阿 難 彼 善 男 子 受 陰 虗 妙 不 遭 邪 慮 圓 定 發 明 三 摩 
X13n0285_009:0367c17	地中心愛圓明銳其精思貪求善巧爾時天魔候得	地 中 心 愛 圓 明 銳 其 精 思 貪 求 善 巧 爾 時 天 魔 候 得 
X13n0285_009:0367c18	其便飛精附人口說經法其人不覺是其魔著自言	其 便 飛 精 附 人 口 說 經 法 其 人 不 覺 是 其 魔 著 自 言 
X13n0285_009:0367c19	謂得無上涅槃來彼求巧善男子處敷座說法其形	謂 得 無 上 涅 槃 來 彼 求 巧 善 男 子 處 敷 座 說 法 其 形 
X13n0285_009:0367c20	斯須或作比丘令彼人見或為帝釋或為婦女或比	斯 須 或 作 比 丘 令 彼 人 見 或 為 帝 釋 或 為 婦 女 或 比 
X13n0285_009:0367c21	丘尼或寢暗室身有光明是人愚迷惑為菩薩信其	丘 尼 或 寢 暗 室 身 有 光 明 是 人 愚 迷 惑 為 菩 薩 信 其 
X13n0285_009:0367c22	教化搖蕩其心破佛律儀潛行貪欲口中好言災祥	教 化 搖 蕩 其 心 破 佛 律 儀 潛 行 貪 欲 口 中 好 言 災 祥 
X13n0285_009:0367c23	變異或言如來某處出世或言劫火或說刀兵恐怖	變 異 或 言 如 來 某 處 出 世 或 言 劫 火 或 說 刀 兵 恐 怖 
X13n0285_009:0367c24	於人令其家資無故耗散此名怪鬼年老成魔惱亂	於 人 令 其 家 資 無 故 耗 散 此 名 怪 鬼 年 老 成 魔 惱 亂 
X13n0285_009:0368a01	是人厭足心生去彼人體弟子與師俱陷王難汝當	是 人 厭 足 心 生 去 彼 人 體 弟 子 與 師 俱 陷 王 難 汝 當 
X13n0285_009:0368a02	先覺不入輪迴迷惑不知墮無間獄。	先 覺 不 入 輪 迴 迷 惑 不 知 墮 無 間 獄 
X13n0285_009:0368a03	受陰虗妙者謂於觀行位中了知受陰本如來藏	受 陰 虗 妙 者 謂 於 觀 行 位 中 了 知 受 陰 本 如 來 藏 
X13n0285_009:0368a04	不發十種魔事或雖發而覺悟不惑故云不遭邪	不 發 十 種 魔 事 或 雖 發 而 覺 悟 不 惑 故 云 不 遭 邪 
X13n0285_009:0368a05	慮也本以圓解而修圓定今既不遭受陰中之邪	慮 也 本 以 圓 解 而 修 圓 定 今 既 不 遭 受 陰 中 之 邪 
X13n0285_009:0368a06	慮則將轉有漏受成無漏之正受故云圓定發明	慮 則 將 轉 有 漏 受 成 無 漏 之 正 受 故 云 圓 定 發 明 
X13n0285_009:0368a07	也夫圓定既得發明秪須如法精進從觀行三昧	也 夫 圓 定 既 得 發 明 秪 須 如 法 精 進 從 觀 行 三 昧 
X13n0285_009:0368a08	策入相似分真究竟三昧則有何善巧之不得有	策 入 相 似 分 真 究 竟 三 昧 則 有 何 善 巧 之 不 得 有 
X13n0285_009:0368a09	何法界之不歷有何機理之不契有何根本之不	何 法 界 之 不 歷 有 何 機 理 之 不 契 有 何 根 本 之 不 
X13n0285_009:0368a10	折有何感應之不成有何靜謐之不入有何宿命	折 有 何 感 應 之 不 成 有 何 靜 謐 之 不 入 有 何 宿 命 
X13n0285_009:0368a11	之不知有何神通之不具有何深空之不證有何	之 不 知 有 何 神 通 之 不 具 有 何 深 空 之 不 證 有 何 
X13n0285_009:0368a12	常住之不獲而乃忽生心愛著意貪求譬如鱗角	常 住 之 不 獲 而 乃 忽 生 心 愛 著 意 貪 求 譬 如 鱗 角 
X13n0285_009:0368a13	未成輙思飛躍羽毛未備便擬摶扶學未優而求	未 成 輙 思 飛 躍 羽 毛 未 備 便 擬 摶 扶 學 未 優 而 求 
X13n0285_009:0368a14	仕丹未成而先服其可乎哉故知招魔成墮皆是	仕 丹 未 成 而 先 服 其 可 乎 哉 故 知 招 魔 成 墮 皆 是 
X13n0285_009:0368a15	自心妄想為咎耳一一文中各有三節初從彼善	自 心 妄 想 為 咎 耳 一 一 文 中 各 有 三 節 初 從 彼 善 
X13n0285_009:0368a16	男子至貪求善巧明其定中所起妄想二從爾時	男 子 至 貪 求 善 巧 明 其 定 中 所 起 妄 想 二 從 爾 時 
X13n0285_009:0368a17	天魔至俱陷王難明其妄想所招魔事三從汝當	天 魔 至 俱 陷 王 難 明 其 妄 想 所 招 魔 事 三 從 汝 當 
X13n0285_009:0368a18	先覺至墮無間獄勸誡覺迷所成得失也初文可	先 覺 至 墮 無 間 獄 勸 誡 覺 迷 所 成 得 失 也 初 文 可 
X13n0285_009:0368a19	知次文又四初爾時至身有光明明其魔事之相	知 次 文 又 四 初 爾 時 至 身 有 光 明 明 其 魔 事 之 相 
X13n0285_009:0368a20	次是人愚迷至潛行貪欲明其受魔所惑三口中	次 是 人 愚 迷 至 潛 行 貪 欲 明 其 受 魔 所 惑 三 口 中 
X13n0285_009:0368a21	好言至無故耗散重明魔所作業四此名怪鬼至	好 言 至 無 故 耗 散 重 明 魔 所 作 業 四 此 名 怪 鬼 至 
X13n0285_009:0368a22	俱陷王難結明魔所成事初言候得其便者謂得	俱 陷 王 難 結 明 魔 所 成 事 初 言 候 得 其 便 者 謂 得 
X13n0285_009:0368a23	此行人貪想之間隙而可乘也飛精附人者以此	此 行 人 貪 想 之 間 隙 而 可 乘 也 飛 精 附 人 者 以 此 
X13n0285_009:0368a24	行人受陰虗妙魔不能附所以轉附他人也其人	行 人 受 陰 虗 妙 魔 不 能 附 所 以 轉 附 他 人 也 其 人 
X13n0285_009:0368b01	者即魔附之人雖被魔附彼不自覺乘於魔力至	者 即 魔 附 之 人 雖 被 魔 附 彼 不 自 覺 乘 於 魔 力 至 
X13n0285_009:0368b02	此行人之前現諸善巧以逗其所貪求也次是人	此 行 人 之 前 現 諸 善 巧 以 逗 其 所 貪 求 也 次 是 人 
X13n0285_009:0368b03	者指修定之行人惑彼魔附之人以為菩薩故信	者 指 修 定 之 行 人 惑 彼 魔 附 之 人 以 為 菩 薩 故 信 
X13n0285_009:0368b04	其教化而潛行貪欲也三口中好言者仍是魔附	其 教 化 而 潛 行 貪 欲 也 三 口 中 好 言 者 仍 是 魔 附 
X13n0285_009:0368b05	之人不惟惑亂此一行人亦復徧惑一切也四此	之 人 不 惟 惑 亂 此 一 行 人 亦 復 徧 惑 一 切 也 四 此 
X13n0285_009:0368b06	名怪鬼者出其魔鬼之名意令行人先覺而罵破	名 怪 鬼 者 出 其 魔 鬼 之 名 意 令 行 人 先 覺 而 罵 破 
X13n0285_009:0368b07	之也弟子指修定行人師即指魔附人魔業既熾	之 也 弟 子 指 修 定 行 人 師 即 指 魔 附 人 魔 業 既 熾 
X13n0285_009:0368b08	故魔去每先遭於王難然後墮無間也汝當先覺	故 魔 去 每 先 遭 於 王 難 然 後 墮 無 間 也 汝 當 先 覺 
X13n0285_009:0368b09	二句勸其覺則成得迷惑不知二句誡其迷則成	二 句 勸 其 覺 則 成 得 迷 惑 不 知 二 句 誡 其 迷 則 成 
X13n0285_009:0368b10	失所云先覺者或防檢其心令不起貪或貪心初	失 所 云 先 覺 者 或 防 檢 其 心 令 不 起 貪 或 貪 心 初 
X13n0285_009:0368b11	起便能覺破或魔人現巧不受其惑此皆可免輪	起 便 能 覺 破 或 魔 人 現 巧 不 受 其 惑 此 皆 可 免 輪 
X13n0285_009:0368b12	迴倘一信其教化破佛律儀縱令從此覺知是魔	迴 倘 一 信 其 教 化 破 佛 律 儀 縱 令 從 此 覺 知 是 魔 
X13n0285_009:0368b13	亦已悔之晚矣下文並同不復更釋可以例知。	亦 已 悔 之 晚 矣 下 文 並 同 不 復 更 釋 可 以 例 知 
X13n0285_009:0368b14	二貪經歷想。	二 貪 經 歷 想 
X13n0285_009:0368b15	阿難又善男子受陰虗妙不遭邪慮圓定發明三摩	阿 難 又 善 男 子 受 陰 虗 妙 不 遭 邪 慮 圓 定 發 明 三 摩 
X13n0285_009:0368b16	地中心愛遊蕩飛其精思貪求經歷爾時天魔候得	地 中 心 愛 遊 蕩 飛 其 精 思 貪 求 經 歷 爾 時 天 魔 候 得 
X13n0285_009:0368b17	其便飛精附人口說經法其人亦不覺知魔著亦言	其 便 飛 精 附 人 口 說 經 法 其 人 亦 不 覺 知 魔 著 亦 言 
X13n0285_009:0368b18	自得無上涅槃來彼求遊善男子處敷座說法自形	自 得 無 上 涅 槃 來 彼 求 遊 善 男 子 處 敷 座 說 法 自 形 
X13n0285_009:0368b19	無變其聽法者忽自見身坐寶蓮華全體化成紫金	無 變 其 聽 法 者 忽 自 見 身 坐 寶 蓮 華 全 體 化 成 紫 金 
X13n0285_009:0368b20	光聚一眾聽人各各如是得未會有是人愚迷惑為	光 聚 一 眾 聽 人 各 各 如 是 得 未 會 有 是 人 愚 迷 惑 為 
X13n0285_009:0368b21	菩薩婬逸其心破佛律儀潛行貪欲口中好言諸佛	菩 薩 婬 逸 其 心 破 佛 律 儀 潛 行 貪 欲 口 中 好 言 諸 佛 
X13n0285_009:0368b22	應世某處某人當是某佛化身來此某人即是某菩	應 世 某 處 某 人 當 是 某 佛 化 身 來 此 某 人 即 是 某 菩 
X13n0285_009:0368b23	薩等來化人間其人見故心生傾渴邪見密興種智	薩 等 來 化 人 間 其 人 見 故 心 生 傾 渴 邪 見 密 興 種 智 
X13n0285_009:0368b24	銷滅此名魃鬼年老成魔惱亂是人厭足心生去彼	銷 滅 此 名 魃 鬼 年 老 成 魔 惱 亂 是 人 厭 足 心 生 去 彼 
X13n0285_009:0368c01	人體弟子與師俱陷王難汝當先覺不入輪迴迷惑	人 體 弟 子 與 師 俱 陷 王 難 汝 當 先 覺 不 入 輪 迴 迷 惑 
X13n0285_009:0368c02	不知墮無間獄。	不 知 墮 無 間 獄 
X13n0285_009:0368c03	三貪契合想。	三 貪 契 合 想 
X13n0285_009:0368c04	又善男子受陰虗妙不遭邪慮圓定發明三摩地中	又 善 男 子 受 陰 虗 妙 不 遭 邪 慮 圓 定 發 明 三 摩 地 中 
X13n0285_009:0368c05	心愛綿[泳永+曶]澄其精思貪求契合爾時天魔候得其便	心 愛 綿 [泳永曶] 澄 其 精 思 貪 求 契 合 爾 時 天 魔 候 得 其 便 
X13n0285_009:0368c06	飛精附人口說經法其人實不覺知魔著亦言自得	飛 精 附 人 口 說 經 法 其 人 實 不 覺 知 魔 著 亦 言 自 得 
X13n0285_009:0368c07	無上涅槃來彼求合善男子處敷座說法其形及彼	無 上 涅 槃 來 彼 求 合 善 男 子 處 敷 座 說 法 其 形 及 彼 
X13n0285_009:0368c08	聽法之人外無遷變令其聽者未聞法前心自開悟	聽 法 之 人 外 無 遷 變 令 其 聽 者 未 聞 法 前 心 自 開 悟 
X13n0285_009:0368c09	念念移易或得宿命或有他心或見地獄或知人間	念 念 移 易 或 得 宿 命 或 有 他 心 或 見 地 獄 或 知 人 間 
X13n0285_009:0368c10	好惡諸事或口說偈或自誦經各各勸娛得未曾有	好 惡 諸 事 或 口 說 偈 或 自 誦 經 各 各 勸 娛 得未曾有 
X13n0285_009:0368c11	是人愚迷惑為菩薩綿愛其心破佛律儀潛行貪欲	是 人 愚 迷 惑 為 菩 薩 綿 愛 其 心 破 佛 律 儀 潛 行 貪 欲 
X13n0285_009:0368c12	口中好言佛有大小某佛先佛某佛後佛其中亦有	口 中 好 言 佛 有 大 小 某 佛 先 佛 某 佛 後 佛 其 中 亦 有 
X13n0285_009:0368c13	真佛假佛男佛女佛菩薩亦然其人見故洗滌本心	真 佛 假 佛 男 佛 女 佛 菩 薩 亦 然 其 人 見 故 洗 滌 本 心 
X13n0285_009:0368c14	易入邪悟此名魅鬼年老成魔惱亂是人厭足心生	易 入 邪 悟 此 名 魅 鬼 年 老 成 魔 惱 亂 是 人 厭 足 心 生 
X13n0285_009:0368c15	去彼人體弟子與師俱陷王難汝當先覺不入輪迴	去 彼 人 體 弟 子 與 師 俱 陷 王 難 汝 當 先 覺 不 入 輪 迴 
X13n0285_009:0368c16	迷惑不知墮無間獄。	迷 惑 不 知 墮 無 間 獄 
X13n0285_009:0368c17	綿者遠也纏也續也綿合猶言懸合綿愛猶言纏	綿 者 遠 也 纏 也 續 也 綿 合 猶 言 懸 合 綿 愛 猶 言 纏 
X13n0285_009:0368c18	愛洗滌本心言移蕩其正知正見易入邪語謂改	愛 洗 滌 本 心 言 移 蕩 其 正 知 正 見 易 入 邪 語 謂 改 
X13n0285_009:0368c19	正為邪也。四貪辨析想。	正 為 邪 也 四 貪 辨 析 想 
X13n0285_009:0368c20	又善男子受陰虗妙不遭邪慮圓定發明三摩地中	又 善 男 子 受 陰 虗 妙 不 遭 邪 慮 圓 定 發 明 三 摩 地 中 
X13n0285_009:0368c21	心愛根本窮覽物化性之終始精爽其心貪求辨析	心 愛 根 本 窮 覽 物 化 性 之 終 始 精 爽 其 心 貪 求 辨 析 
X13n0285_009:0368c22	爾時天魔候得其便飛精附人口說經法其人先不	爾 時 天 魔 候 得 其 便 飛 精 附 人 口 說 經 法 其 人 先 不 
X13n0285_009:0368c23	覺知魔著亦言自得無上涅槃來彼求元善男子處	覺 知 魔 著 亦 言 自 得 無 上 涅 槃 來 彼 求 元 善 男 子 處 
X13n0285_009:0368c24	敷座說法身有威神摧伏求者令其座下雖未聞法	敷 座 說 法 身 有 威 神 摧 伏 求 者 令 其 座 下 雖 未 聞 法 
X13n0285_009:0369a01	自然心伏是諸人等將佛涅槃菩提法身即是現前	自 然 心 伏 是 諸 人 等 將 佛 涅 槃 菩 提 法 身 即 是 現 前 
X13n0285_009:0369a02	我肉身上父父子子遞代相生即是法身常住不絕	我 肉 身 上 父 父 子 子 遞 代 相 生 即 是 法 身 常 住 不 絕 
X13n0285_009:0369a03	都指現在即為佛國無別淨居及金色相其人信受	都 指 現 在 即 為 佛 國 無 別 淨 居 及 金 色 相 其 人 信 受 
X13n0285_009:0369a04	亡失先心身命皈依得未曾有是等愚迷惑為菩薩	亡 失 先 心 身 命 皈 依 得未曾有 是 等 愚 迷 惑 為 菩 薩 
X13n0285_009:0369a05	推究其心破佛律儀潛行貪欲口中好言眼耳鼻舌	推 究 其 心 破 佛 律 儀 潛 行 貪 欲 口 中 好 言 眼 耳 鼻 舌 
X13n0285_009:0369a06	皆為淨土男女二根即是菩提涅槃真處彼無智者	皆 為 淨 土 男 女 二 根 即 是 菩 提 涅 槃 真 處 彼 無 智 者 
X13n0285_009:0369a07	信是穢言此名蠱毒魘勝惡鬼年老成魔惱亂是人	信 是 穢 言 此 名 蠱 毒 魘 勝 惡 鬼 年 老 成 魔 惱 亂 是 人 
X13n0285_009:0369a08	厭足心生去彼人體弟子與師俱陷王難汝當先覺	厭 足 心 生 去 彼 人 體 弟 子 與 師 俱 陷 王 難 汝 當 先 覺 
X13n0285_009:0369a09	不入輪迴迷惑不知墮無間獄。	不 入 輪 迴 迷 惑 不 知 墮 無 間 獄 
X13n0285_009:0369a10	恒沙界外一滴之雨尚知頭數現前種種松直棘	恒 沙 界 外 一 滴 之 雨 尚 知 頭 數 現 前 種 種 松 直 棘 
X13n0285_009:0369a11	曲鵠白烏玄皆了元由此所謂窮物性之終始析	曲 鵠 白 烏 玄 皆 了 元 由 此 所 謂 窮 物 性 之 終 始 析 
X13n0285_009:0369a12	其根元者也證十力智自能如圓鏡之普照豈可	其 根 元 者 也 證 十 力 智 自 能 如 圓 鏡 之 普 照 豈 可 
X13n0285_009:0369a13	妄貪求耶求元即求物性根本也問曰眼耳鼻舌	妄 貪 求 耶 求 元 即 求 物 性 根 本 也 問 曰 眼 耳 鼻 舌 
X13n0285_009:0369a14	皆為淨土與台宗觀心釋山城等及六祖直指人	皆 為 淨 土 與 台 宗 觀 心 釋 山 城 等 及 六 祖 直 指 人 
X13n0285_009:0369a15	心道理不相侔耶答曰台宗禪宗俱是即事明理	心 道 理 不 相 侔 耶 答 曰 台 宗 禪 宗 俱 是 即 事 明 理 
X13n0285_009:0369a16	未甞撥事相也今言無別淨居等既欲執理廢事	未 甞 撥 事 相 也 今 言 無 別 淨 居 等 既 欲 執 理 廢 事 
X13n0285_009:0369a17	又豈成真理乎末世禪門固有類此者矣。五貪	又 豈 成 真 理 乎 末 世 禪 門 固 有 類 此 者 矣 五 貪 
X13n0285_009:0369a18	冥感想。	冥 感 想 
X13n0285_009:0369a19	又善男子受陰虗妙不遭邪慮圓定發明三摩地中	又 善 男 子 受 陰 虗 妙 不 遭 邪 慮 圓 定 發 明 三 摩 地 中 
X13n0285_009:0369a20	心愛懸應周流精研貪求冥感爾時天魔侯得其便	心 愛 懸 應 周 流 精 研 貪 求 冥 感 爾 時 天 魔 侯 得 其 便 
X13n0285_009:0369a21	飛精附人口說經法其人元不覺知魔著亦言自得	飛 精 附 人 口 說 經 法 其 人 元 不 覺 知 魔 著 亦 言 自 得 
X13n0285_009:0369a22	無上涅槃來彼求應善男子處敷座說法能令聽眾	無 上 涅 槃 來 彼 求 應 善 男 子 處 敷 座 說 法 能 令 聽 眾 
X13n0285_009:0369a23	暫見其身如百千歲心生愛染不能捨離身為奴僕	暫 見 其 身 如 百 千 歲 心 生 愛 染 不 能 捨 離 身 為 奴 僕 
X13n0285_009:0369a24	四事供養不覺疲勞各各令其座下人心如是先師	四 事 供 養 不 覺 疲 勞 各 各 令 其 座 下 人 心 如 是 先 師 
X13n0285_009:0369b01	本善知識別生法愛黏如膠漆得未曾有是人愚迷	本 善 知 識 別 生 法 愛 黏 如 膠 漆 得未曾有 是 人 愚 迷 
X13n0285_009:0369b02	惑為菩薩親近其心破佛律儀潛行貪欲口中好言	惑 為 菩 薩 親 近 其 心 破 佛 律 儀 潛 行 貪 欲 口 中 好 言 
X13n0285_009:0369b03	我於前世於某生中先度某人當時是我妻妾兄弟	我 於 前 世 於 某 生 中 先 度 某 人 當 時 是 我 妻 妾 兄 弟 
X13n0285_009:0369b04	今來相度與汝相隨歸某世界供養其佛或言別有	今 來 相 度 與 汝 相 隨 歸 某 世 界 供 養 其 佛 或 言 別 有 
X13n0285_009:0369b05	大光明天佛於中住一切如來所休居地彼無知者	大 光 明 天 佛 於 中 住 一 切 如 來 所 休 居 地 彼 無 知 者 
X13n0285_009:0369b06	信是虗誑遺失本心此名厲鬼年老成魔惱亂是人	信 是 虗 誑 遺 失 本 心 此 名 厲 鬼 年 老 成 魔 惱 亂 是 人 
X13n0285_009:0369b07	厭足心生去彼人體弟子與師俱陷王難汝當先覺	厭 足 心 生 去 彼 人 體 弟 子 與 師 俱 陷 王 難 汝 當 先 覺 
X13n0285_009:0369b08	不入輪迴迷惑不知墮無間獄。	不 入 輪 迴 迷 惑 不 知 墮 無 間 獄 
X13n0285_009:0369b09	問曰前云無別淨居既是魔說今云別有大光明	問 曰 前 云 無 別 淨 居 既 是 魔 說 今 云 別 有 大 光 明 
X13n0285_009:0369b10	天何亦非耶答曰一人成佛時法界皆為此佛之	天 何 亦 非 耶 答 曰 一 人 成 佛 時 法 界 皆 為 此 佛 之 
X13n0285_009:0369b11	依正而云別有所休居地則有分劑有方隅矣故	依 正 而 云 別 有 所 休 居 地 則 有 分 劑 有 方 隅 矣 故 
X13n0285_009:0369b12	知未了四土橫豎之義則說有說無皆戲論耳。	知 未 了 四 土 橫 豎 之 義 則 說 有 說 無 皆 戲 論 耳 
X13n0285_009:0369b13	六貪靜謐想(應作貪宿命想)。	六 貪 靜 謐 想 應 作 貪 宿 命 想 
X13n0285_009:0369b14	又善男子受陰虗妙不遭邪慮圓定發明三摩地中	又 善 男 子 受 陰 虗 妙 不 遭 邪 慮 圓 定 發 明 三 摩 地 中 
X13n0285_009:0369b15	心愛深入(應作心愛知見)尅己辛勤樂處陰寂貪求靜謐(應作	心 愛 深 入 應 作 心 愛 知 見 尅 己 辛 勤 樂 處 陰 寂 貪 求 靜 謐 應 作 
X13n0285_009:0369b16	勤苦研尋貪求宿命)爾時天魔侯得其便飛精附人口說經法	勤 苦 研 尋 貪 求 宿 命 爾 時 天 魔 侯 得 其 便 飛 精 附 人 口 說 經 法 
X13n0285_009:0369b17	其人本不覺知魔著亦言自得無上涅槃來彼求陰	其 人 本 不 覺 知 魔 著 亦 言 自 得 無 上 涅 槃 來 彼 求 陰 
X13n0285_009:0369b18	(應作求知)善男子處敷座說法令其聽人各知本業或於	 應 作 求 知 善 男 子 處 敷 座 說 法 令 其 聽 人 各 知 本 業 或 於 
X13n0285_009:0369b19	其處語一人言汝今未死已作畜生勅使一人於後	其 處 語 一 人 言 汝 今 未 死 已 作 畜 生 勅 使 一 人 於 後 
X13n0285_009:0369b20	蹋尾頓令其人起不能得於是一眾傾心欽伏有人	蹋 尾 頓 令 其 人 起 不 能 得 於 是 一 眾 傾 心 欽 伏 有 人 
X13n0285_009:0369b21	起心已知其肇佛律儀外重加精苦誹謗比丘罵詈	起 心 已 知 其 肇 佛 律 儀 外 重 加 精 苦 誹 謗 比 丘 罵 詈 
X13n0285_009:0369b22	徒眾訐露人事不避譏嫌口中好言未然禍福及至	徒 眾 訐 露 人 事 不 避 譏 嫌 口 中 好 言 未 然 禍 福 及 至 
X13n0285_009:0369b23	其時毫髮無失此大力鬼年老成魔惱亂是人厭足	其 時 毫 髮 無 失 此 大 力 鬼 年 老 成 魔 惱 亂 是 人 厭 足 
X13n0285_009:0369b24	心生去彼人體弟子與師俱陷王難汝當先覺不入	心 生 去 彼 人 體 弟 子 與 師 俱 陷 王 難 汝 當 先 覺 不 入 
X13n0285_009:0369c01	輪迴迷惑不知墮無間獄。	輪 迴 迷 惑 不 知 墮 無 間 獄 
X13n0285_009:0369c02	此與下節標章相易則文理俱順恐是錯簡也。	此 與 下 節 標 章 相 易 則 文 理 俱 順 恐 是 錯 簡 也 
X13n0285_009:0369c03	七貪宿命想(應作貪靜謐想)。	七 貪 宿 命 想 應 作 貪 靜 謐 想 
X13n0285_009:0369c04	又善男子受陰虗妙不遭邪慮圓定發明三摩地中	又 善 男 子 受 陰 虗 妙 不 遭 邪 慮 圓 定 發 明 三 摩 地 中 
X13n0285_009:0369c05	心愛知見(應作心受深入)勤苦研尋貪求宿命(應作尅己辛勤樂處陰寂貪求	心 愛 知 見 應 作 心 受 深 入 勤 苦 研 尋 貪 求 宿 命 應 作 尅 己 辛 勤 樂 處 陰 寂 貪 求 
X13n0285_009:0369c06	靜謐謐寧定也)爾時天魔候得其便飛精附人口說經法其	靜 謐 謐 寧 定 也 爾 時 天 魔 候 得 其 便 飛 精 附 人 口 說 經 法 其 
X13n0285_009:0369c07	人殊不覺知魔著亦言自得無上涅槃來彼求知(應作	人 殊 不 覺 知 魔 著 亦 言 自 得 無 上 涅 槃 來 彼 求 知 應 作 
X13n0285_009:0369c08	求陰)善男子處敷座說法是人無端於說法處得大寶	求 陰 善 男 子 處 敷 座 說 法 是 人 無 端 於 說 法 處 得 大 寶 
X13n0285_009:0369c09	珠其魔或時化為畜生口[銜金+缶]其珠及雜珍寶簡冊符	珠 其 魔 或 時 化 為 畜 生 口 [銜金缶] 其 珠 及 雜 珍 寶 簡 冊 符 
X13n0285_009:0369c10	牘諸奇異物先授彼人後著其體或(欲誑)誘聽人(先以珠寶)	牘 諸 奇 異 物 先 授 彼 人 後 著 其 體 或 欲 誑 誘 聽 人 先 以 珠 寶 
X13n0285_009:0369c11	藏於地下(使彼聽人各見)有明月珠照耀其處是諸聽者得	藏 於 地 下 使 彼 聽 人 各 見 有 明 月 珠 照 耀 其 處 是 諸 聽 者 得 
X13n0285_009:0369c12	未曾有多食藥草不餐嘉饌或時日餐一麻一麥其	未 曾 有 多 食 藥 草 不 餐 嘉 饌 或 時 日 餐 一 麻 一 麥 其 
X13n0285_009:0369c13	形肥充魔力持故誹謗比丘罵詈徒眾不避譏嫌口	形 肥 充 魔 力 持 故 誹 謗 比 丘 罵 詈 徒 眾 不 避 譏 嫌 口 
X13n0285_009:0369c14	中好言他方寶藏(及)十方聖賢潛匿之處隨其後者	中 好 言 他 方 寶 藏 及 十 方 聖 賢 潛 匿 之 處 隨 其 後 者 
X13n0285_009:0369c15	往往見有奇異之人此名山林土地城隍川獄鬼神	往 往 見 有 奇 異 之 人 此 名 山 林 土 地 城 隍 川 獄 鬼 神 
X13n0285_009:0369c16	年老成魔或有宣婬破佛戒律與承事者潛行五欲	年 老 成 魔 或 有 宣 婬 破 佛 戒 律 與 承 事 者 潛 行 五 欲 
X13n0285_009:0369c17	或有精進純食草木無定行事惱亂是人厭足心生	或 有 精 進 純 食 草 木 無 定 行 事 惱 亂 是 人 厭 足 心 生 
X13n0285_009:0369c18	去彼人體弟子與師俱陷王難汝當先覺不入輪迴	去 彼 人 體 弟 子 與 師 俱 陷 王 難 汝 當 先 覺 不 入 輪 迴 
X13n0285_009:0369c19	迷惑不知墮無間獄。	迷 惑 不 知 墮 無 間 獄 
X13n0285_009:0369c20	八貪神通想。	八 貪 神 通 想 
X13n0285_009:0369c21	又善男子受陰虗妙不遭邪慮圓定發明三摩地中	又 善 男 子 受 陰 虗 妙 不 遭 邪 慮 圓 定 發 明 三 摩 地 中 
X13n0285_009:0369c22	心愛神通種種變化研究化元貪取神力爾時天魔	心 愛 神 通 種 種 變 化 研 究 化 元 貪 取 神 力 爾 時 天 魔 
X13n0285_009:0369c23	候得其便飛精附人口說經法其人誠不覺知魔著	候 得 其 便 飛 精 附 人 口 說 經 法 其 人 誠 不 覺 知 魔 著 
X13n0285_009:0369c24	亦言自得無上涅槃來彼求通善男子處敷座說法	亦 言 自 得 無 上 涅 槃 來 彼 求 通 善 男 子 處 敷 座 說 法 
X13n0285_009:0370a01	是人或復手執火光手撮其光分於所聽四眾頭上	是 人 或 復 手 執 火 光 手 撮 其 光 分 於 所 聽 四 眾 頭 上 
X13n0285_009:0370a02	是諸聽人頂上火光皆長數尺亦無熱性曾不焚燒	是 諸 聽 人 頂 上 火 光 皆 長 數 尺 亦 無 熱 性 曾 不 焚 燒 
X13n0285_009:0370a03	或水上行如履平地或於空中安坐不動或入瓶內	或 水 上 行 如 履 平 地 或 於 空 中 安坐不動 或 入 瓶 內 
X13n0285_009:0370a04	或處囊中越牗透垣曾無障礙唯於刀兵不得自在	或 處 囊 中 越 牗 透 垣 曾 無 障 礙 唯 於 刀 兵 不得自在 
X13n0285_009:0370a05	自言是佛身著白衣受比丘禮誹謗禪律罵詈徒眾	自 言 是 佛 身 著 白 衣 受 比 丘 禮 誹 謗 禪 律 罵 詈 徒 眾 
X13n0285_009:0370a06	訐露人事不避譏謙口中常說神通自在或復令人	訐 露 人 事 不 避 譏 謙 口 中 常 說 神通自在 或 復 令 人 
X13n0285_009:0370a07	傍見佛土(當知但是)鬼力惑人非有真實(也)讚歎行婬不	傍 見 佛 土 當 知 但 是 鬼 力 惑 人 非 有 真 實 也 讚 歎 行 婬 不 
X13n0285_009:0370a08	毀麤行將諸猥牒以為傳法此名天地大力山精海	毀 麤 行 將 諸 猥 牒 以 為 傳 法 此 名 天 地 大 力 山 精 海 
X13n0285_009:0370a09	精風精河精土精一切草木積劫精魅或復龍魅或	精 風 精 河 精 土 精 一 切 草 木 積 劫 精 魅 或 復 龍 魅 或 
X13n0285_009:0370a10	壽終仙再活為魅或仙期終計年應死其形不化他	壽 終 仙 再 活 為 魅 或 仙 期 終 計 年 應 死 其 形 不 化 他 
X13n0285_009:0370a11	怪所附年老成魔惱亂是人厭足心生去彼人體弟	怪 所 附 年 老 成 魔 惱 亂 是 人 厭 足 心 生 去 彼 人 體 弟 
X13n0285_009:0370a12	子與師多陷王難汝當先覺不入輪迴迷惑不知墮	子 與 師 多 陷 王 難 汝 當 先 覺 不 入 輪 迴 迷 惑 不 知 墮 
X13n0285_009:0370a13	無間獄。	無 間 獄 
X13n0285_009:0370a14	九貪深空想。	九 貪 深 空 想 
X13n0285_009:0370a15	又善男子受陰虗妙不遭邪慮圓定發明三摩地中	又 善 男 子 受 陰 虗 妙 不 遭 邪 慮 圓 定 發 明 三 摩 地 中 
X13n0285_009:0370a16	心愛入滅研究化性貪求深空爾時天魔候得其便	心 愛 入 滅 研 究 化 性 貪 求 深 空 爾 時 天 魔 候 得 其 便 
X13n0285_009:0370a17	飛精附人口說經法其人終不覺知魔著亦言自得	飛 精 附 人 口 說 經 法 其 人 終 不 覺 知 魔 著 亦 言 自 得 
X13n0285_009:0370a18	無上涅槃來彼求空善男子處敷座說法於大眾內	無 上 涅 槃 來 彼 求 空 善 男 子 處 敷 座 說 法 於 大 眾 內 
X13n0285_009:0370a19	其形忽空眾無所見還從虗空突然而出存沒自在	其 形 忽 空 眾 無 所 見 還 從 虗 空 突 然 而 出 存 沒 自 在 
X13n0285_009:0370a20	或現其身洞如瑠璃或垂手足作旃檀氣或大小便	或 現 其 身 洞 如 瑠 璃 或 垂 手 足 作 旃 檀 氣 或 大 小 便 
X13n0285_009:0370a21	如厚石蜜誹謗戒律輕賤出家口中常說無因無果	如 厚 石 蜜 誹 謗 戒 律 輕 賤 出 家 口 中 常 說 無 因 無 果 
X13n0285_009:0370a22	一死永滅無復後身及諸凡聖雖得空寂潛行貪欲	一 死 永 滅 無 復 後 身 及 諸 凡 聖 雖 得 空 寂 潛 行 貪 欲 
X13n0285_009:0370a23	受其欲者亦得空心撥無因果此名日月薄蝕精氣	受 其 欲 者 亦 得 空 心 撥無因果 此 名 日 月 薄 蝕 精 氣 
X13n0285_009:0370a24	金玉芝草麟鳳龜鶴經千萬年不死為靈出生國土	金 玉 芝 草 麟 鳳 龜 鶴 經 千 萬 年 不 死 為 靈 出 生 國 土 
X13n0285_009:0370b01	年老成魔惱亂是人厭足心生去彼人體弟子與師	年 老 成 魔 惱 亂 是 人 厭 足 心 生 去 彼 人 體 弟 子 與 師 
X13n0285_009:0370b02	多陷王難汝當先覺不入輪迴迷惑不知墮無間獄。	多 陷 王 難 汝 當 先 覺 不 入 輪 迴 迷 惑 不 知 墮 無 間 獄 
X13n0285_009:0370b03	十貪長壽想。	十 貪 長 壽 想 
X13n0285_009:0370b04	又善男子受陰虗妙不遭邪慮圓定發明三摩地中	又 善 男 子 受 陰 虗 妙 不 遭 邪 慮 圓 定 發 明 三 摩 地 中 
X13n0285_009:0370b05	心愛長壽辛苦研幾貪求永歲(便欲)棄分段生頓希(彼法	心 愛 長 壽 辛 苦 研 幾 貪 求 永 歲 便 欲 棄 分 段 生 頓 希 彼 法 
X13n0285_009:0370b06	性土中之)變易細相(以為)常住爾時天魔候得其便飛精附	性 土 中 之 變 易 細 相 以 為 常 住 爾 時 天 魔 候 得 其 便 飛 精 附 
X13n0285_009:0370b07	人口說經法其人竟不覺知魔著亦言自得無上涅	人 口 說 經 法 其 人 竟 不 覺 知 魔 著 亦 言 自 得 無 上 涅 
X13n0285_009:0370b08	槃來彼求生善男子處敷座說法好言他方往還無	槃 來 彼 求 生 善 男 子 處 敷 座 說 法 好 言 他 方 往 還 無 
X13n0285_009:0370b09	滯或經萬里瞬息再來皆於彼方取得其物或於一	滯 或 經 萬 里 瞬 息 再 來 皆 於 彼 方 取 得 其 物 或 於 一 
X13n0285_009:0370b10	處在一宅中數步之間令其從東詣至西壁是人急	處 在 一 宅 中 數 步 之 間 令 其 從 東 詣 至 西 壁 是 人 急 
X13n0285_009:0370b11	行累年不到因此心信疑佛現前口中常說十方眾	行 累 年 不 到 因 此 心 信 疑 佛 現 前 口 中 常 說 十 方 眾 
X13n0285_009:0370b12	生皆是吾子我生諸佛我出世界我是元佛出世自	生 皆 是 吾 子 我 生 諸 佛 我 出 世 界 我 是 元 佛 出 世 自 
X13n0285_009:0370b13	然不因修得此名住世自在天魔使其眷屬如遮文	然 不 因 修 得 此 名 住 世 自 在 天 魔 使 其 眷 屬 如 遮 文 
X13n0285_009:0370b14	茶及四天王毗舍童子未發心者利其(修定人之)虗明(乘此)	茶 及 四 天 王 毗 舍 童 子 未 發 心 者 利 其 修 定 人 之 虗 明 乘 此 
X13n0285_009:0370b15	食彼精氣或不因(魔附之)師其修行人親自觀見稱執	食 彼 精 氣 或 不 因 魔 附 之 師 其 修 行 人 親 自 觀 見 稱 執 
X13n0285_009:0370b16	金剛與汝長命現美女身盛行貪欲未逾年歲肝腦	金 剛 與 汝 長 命 現 美 女 身 盛 行 貪 欲 未 逾 年 歲 肝 腦 
X13n0285_009:0370b17	枯竭口兼獨言聽若妖魅前人未詳(其為魔)多(與之俱)陷	枯 竭 口 兼 獨 言 聽 若 妖 魅 前 人 未 詳 其 為 魔 多 與 之 俱 陷 
X13n0285_009:0370b18	王難未及遇刑先已乾死惱亂彼人以至殂殞汝當	王 難 未 及 遇 刑 先 已 乾 死 惱 亂 彼 人 以 至 殂 殞 汝 當 
X13n0285_009:0370b19	先覺不入輪迴迷惑不知墮無間獄。	先 覺 不 入 輪 迴 迷 惑 不 知 墮 無 間 獄 
X13n0285_009:0370b20	住世自在天魔即第六天上大魔王也遮文茶舊	住 世 自 在 天 魔 即 第 六 天 上 大 魔 王 也 遮 文 茶 舊 
X13n0285_009:0370b21	云嫉妬女又云奴神毗舍此云噉精氣此等亦有	云 嫉 妬 女 又 云 奴 神 毗 舍 此 云 噉 精 氣 此 等 亦 有 
X13n0285_009:0370b22	已發心者便不惱亂行人未發心者每思噉人精	已 發 心 者 便 不 惱 亂 行 人 未 發 心 者 每 思 噉 人 精 
X13n0285_009:0370b23	氣況此修定男子受陰虗妙則精氣虗明倍為諸	氣 況 此 修 定 男 子 受 陰 虗 妙 則 精 氣 虗 明 倍 為 諸 
X13n0285_009:0370b24	鬼所利今功夫至此若不加害倘令想陰一盡超	鬼 所 利 今 功 夫 至 此 若 不 加 害 倘 令 想 陰 一 盡 超 
X13n0285_009:0370c01	煩惱濁永出三界更於何處侯得其便故須乘此	煩 惱 濁 永 出 三 界 更 於 何 處 侯 得 其 便 故 須 乘 此 
X13n0285_009:0370c02	自親現身而破壞之噫魔心若此亦太毒矣所幸	自 親 現 身 而 破 壞 之 噫 魔 心 若 此 亦 太 毒 矣 所 幸 
X13n0285_009:0370c03	彼塵勞內汝妙覺中當處禪那覺悟無惑則彼魔	彼 塵 勞 內 汝 妙 覺 中 當 處 禪 那 覺 悟 無 惑 則 彼 魔 
X13n0285_009:0370c04	事無奈汝何耳。三結過勸示二初結十魔過惡	事 無 奈 汝 何 耳 三 結 過 勸 示 二 初 結 十 魔 過 惡 
X13n0285_009:0370c05	二結想陰所招。今初。	二 結 想 陰 所 招 今 初 
X13n0285_009:0370c06	阿難當知是十種魔於末世時在我法中出家修道	阿 難 當 知 是 十 種 魔 於 末 世 時 在 我 法 中 出 家 修 道 
X13n0285_009:0370c07	或附人體或自現形皆言已成正徧知覺讚歎婬欲	或 附 人 體 或 自 現 形 皆 言 已 成 正 徧 知 覺 讚 歎 婬 欲 
X13n0285_009:0370c08	破佛律儀先惡魔師與魔弟子婬婬相傳如是邪精	破 佛 律 儀 先 惡 魔 師 與 魔 弟 子 婬 婬 相 傳 如 是 邪 精 
X13n0285_009:0370c09	魅其心腑近則九生多踰百世令真修行總為魔眷	魅 其 心 腑 近 則 九 生 多 踰 百 世 令 真 修 行 總 為 魔 眷 
X13n0285_009:0370c10	命終之後必為魔民失正徧知墮無間獄汝今未須	命終之後 必 為 魔 民 失 正 徧 知 墮 無 間 獄 汝 今 未 須 
X13n0285_009:0370c11	先取寂滅縱得無學留願入彼末法之中起大慈悲	先 取 寂 滅 縱 得 無 學 留 願 入 彼 末 法 之 中 起 大 慈 悲 
X13n0285_009:0370c12	救度正心深信眾生令不著魔得正知見我今度汝	救 度 正 心 深 信 眾 生 令 不 著 魔 得 正 知 見 我 今 度 汝 
X13n0285_009:0370c13	已出生死汝遵佛語名報佛恩。	已 出 生 死 汝 遵 佛 語 名 報 佛 恩 
X13n0285_009:0370c14	近則九生者百年為一生九百年後正法將滅時	近 則 九 生 者 百 年 為 一 生 九 百 年 後 正 法 將 滅 時 
X13n0285_009:0370c15	也多踰百世者三十年為一世三千年後正屬末	也 多 踰 百 世 者 三 十 年 為 一 世 三 千 年 後 正 屬 末 
X13n0285_009:0370c16	法時也嗚呼讀經至此而不痛哭流涕撫昔傷今	法 時 也 嗚 呼 讀 經 至 此 而 不 痛 哭 流 涕 撫 昔 傷 今 
X13n0285_009:0370c17	思一振其頹風者其真魔家眷屬也已。二結想	思 一 振 其 頹 風 者 其 真 魔 家 眷 屬 也 已 二 結 想 
X13n0285_009:0370c18	陰所招。	陰 所 招 
X13n0285_009:0370c19	阿難如是十種禪那現境皆是想陰用心交互故現	阿 難 如 是 十 種 禪 那 現 境 皆 是 想 陰 用 心 交 互 故 現 
X13n0285_009:0370c20	斯事眾生頑迷不自忖量逢此因緣迷不自識謂言	斯 事 眾 生 頑 迷 不 自 忖 量 逢 此 因 緣 迷 不 自 識 謂 言 
X13n0285_009:0370c21	登聖大妄語成墮無間獄汝等必須將如來語於我	登 聖 大 妄 語 成 墮 無 間 獄 汝 等 必 須 將 如 來 語 於 我 
X13n0285_009:0370c22	滅後傳示末法徧令眾生開悟斯義無令天魔得其	滅 後 傳 示 末 法 徧 令 眾 生 開 悟 斯 義 無 令 天 魔 得 其 
X13n0285_009:0370c23	方便保持覆護成無上道。	方 便 保 持 覆 護 成 無 上 道 
X13n0285_010:0371a07	大佛頂如來密因修證了義諸菩薩萬行首楞嚴經	大 佛 頂 如 來 密 因 修 證 了 義 諸 菩 薩 萬 行 首 楞 嚴 經 
X13n0285_010:0371a08	卷第十文句	卷 第 十 文 句 
X13n0285_010:0371a09	唐天竺沙門般剌密諦　譯經	唐 天 竺 沙 門 般 剌 密 諦 譯 經 
X13n0285_010:0371a10	明菩薩沙彌古吳智旭　文句	明 菩 薩 沙 彌 古 吳 智 旭 文 句 
X13n0285_010:0371a11	四明行陰境三初總示陰相二別明發相三結過	四 明 行 陰 境 三 初 總 示 陰 相 二 別 明 發 相 三 結 過 
X13n0285_010:0371a12	勸示。初中四初結前想陰盡相二正示行陰區	勸 示 初 中 四 初 結 前 想 陰 盡 相 二 正 示 行 陰 區 
X13n0285_010:0371a13	宇三懸示行陰盡相四結示本惟妄想。今初。	宇 三 懸 示 行 陰 盡 相 四 結 示 本 惟 妄 想 今 初 
X13n0285_010:0371a14	阿難彼善男子修三摩提想陰盡者是人平常夢想	阿 難 彼 善 男 子 修 三 摩 提 想 陰 盡 者 是 人 平 常 夢 想 
X13n0285_010:0371a15	銷滅寤寐恒一覺明虗靜猶如晴空無復麤重前塵	銷 滅 寤 寐 恒 一 覺 明 虗 靜 猶 如 晴 空 無 復 麤 重 前 塵 
X13n0285_010:0371a16	影事觀諸世間大地山河如鏡鑒明來無所黏過無	影 事 觀 諸 世 間 大 地 山 河 如 鏡 鑒 明 來 無 所 黏 過 無 
X13n0285_010:0371a17	蹤跡虗受照應了罔陳習唯一精真。	蹤 跡 虗 受 照 應 了 罔 陳 習 唯 一 精 真 
X13n0285_010:0371a18	虗妄五陰皆以妄想為本是故想陰一盡則平常	虗 妄 五 陰 皆 以 妄 想 為 本 是 故 想 陰 一 盡 則 平 常 
X13n0285_010:0371a19	夢想銷滅也金光明最勝王經明十地菩薩皆有	夢 想 銷 滅 也 金 光 明 最 勝 王 經 明 十地菩薩 皆 有 
X13n0285_010:0371a20	夢兆故知直至佛地方名究竟覺者但此夢想亦	夢 兆 故 知 直 至 佛 地 方 名 究 竟 覺 者 但 此 夢 想 亦 
X13n0285_010:0371a21	自不同有六凡見思夢想二乘能銷滅之有二乘	自 不 同 有 六 凡 見 思 夢 想 二 乘 能 銷 滅 之 有 二 乘 
X13n0285_010:0371a22	塵沙夢想菩薩能銷滅之有菩薩無明夢想唯佛	塵 沙 夢 想 菩 薩 能 銷 滅 之 有 菩 薩 無 明 夢 想 唯 佛 
X13n0285_010:0371a23	能銷滅之又有觀行銷滅乃至究竟銷滅之不同	能 銷 滅 之 又 有 觀 行 銷 滅 乃 至 究 竟 銷 滅 之 不 同 
X13n0285_010:0371a24	若在利根則一銷一切銷根或不等亦可非次第	若 在 利 根 則 一 銷 一 切 銷 根 或 不 等 亦 可 非 次 第 
X13n0285_010:0371b01	中說於次第耳覺明虗靜猶如晴空等正前文所	中 說 於 次 第 耳 覺 明 虗 靜 猶 如 晴 空 等 正 前 文 所 
X13n0285_010:0371b02	謂於覺明心如去塵垢乃覺所覺空之境界也虗	謂 於 覺 明 心 如 去 塵 垢 乃 覺 所 覺 空 之 境 界 也 虗 
X13n0285_010:0371b03	受照應者虗而能受如谷答響照而能應如鏡寫	受 照 應 者 虗 而 能 受 如 谷 答 響 照 而 能 應 如 鏡 寫 
X13n0285_010:0371b04	容了罔陳習者罔無也陳習前塵落謝影子也了	容 了 罔 陳 習 者 罔 無 也 陳 習 前 塵 落 謝 影 子 也 了 
X13n0285_010:0371b05	無塵影正如谷響鏡容來無所黏過無蹤跡也見	無 塵 影 正 如 谷 響 鏡 容 來 無 所 黏 過 無 蹤 跡 也 見 
X13n0285_010:0371b06	思想陰盡觀同居世間了罔陳習唯一真空塵沙	思 想 陰 盡 觀 同 居 世 間 了 罔 陳 習 唯 一 真 空 塵 沙 
X13n0285_010:0371b07	想陰盡觀方便世間了罔陳習唯一妙有無明想	想 陰 盡 觀 方 便 世 間 了 罔 陳 習 唯 一 妙 有 無 明 想 
X13n0285_010:0371b08	陰盡觀實報世間了罔陳習唯一中道理諦。二	陰 盡 觀 實 報 世 間 了 罔 陳 習 唯 一 中 道 理 諦 二 
X13n0285_010:0371b09	正示行陰區宇。	正 示 行 陰 區 宇 
X13n0285_010:0371b10	生滅根元從此披露見諸十方十二眾生畢彈其類	生 滅 根 元 從 此 披 露 見 諸 十 方 十 二 眾 生 畢 彈 其 類 
X13n0285_010:0371b11	雖未通其各命由緒見同生基猶如野馬熠熠清擾	雖 未 通 其 各 命 由 緒 見 同 生 基 猶 如 野 馬 熠 熠 清 擾 
X13n0285_010:0371b12	為浮根塵究竟樞穴此則名為行陰區宇。	為 浮 根 塵 究 竟 樞 穴 此 則 名 為 行 陰 區 宇 
X13n0285_010:0371b13	遷流造作名之為行即是分段變易二種生死之	遷 流 造 作 名 之 為 行 即 是 分 段 變 易 二 種 生 死 之 
X13n0285_010:0371b14	根元也今於觀行位中想心既伏故行陰境界從	根 元 也 今 於 觀 行 位 中 想 心 既 伏 故 行 陰 境 界 從 
X13n0285_010:0371b15	此披露然猶未見識陰區宇故未通其各命由緒	此 披 露 然 猶 未 見 識 陰 區 宇 故 未 通 其 各 命 由 緒 
X13n0285_010:0371b16	而只此行陰乃十二類受生之本基浮根塵究竟	而 只 此 行 陰 乃 十 二 類 受 生 之 本 基 浮 根 塵 究 竟 
X13n0285_010:0371b17	之樞穴非此熠熠妄性則十二類何由受生浮根	之 樞 穴 非 此 熠 熠 妄 性 則 十 二 類 何 由 受 生 浮 根 
X13n0285_010:0371b18	塵何由開合耶殫盡也由緒來歷也野馬日中所	塵 何 由 開 合 耶 殫 盡 也 由 緒 來 歷 也 野 馬 日 中 所 
X13n0285_010:0371b19	映水上浮遊之氣亦名陽燄望之似水即之無實	映 水 上 浮 遊 之 氣 亦 名 陽 燄 望 之 似 水 即 之 無 實 
X13n0285_010:0371b20	行陰亦爾無實性也樞者門軸穴者停軸之處由	行 陰 亦 爾 無 實 性 也 樞 者 門 軸 穴 者 停 軸 之 處 由 
X13n0285_010:0371b21	樞穴故門得開合由行陰故根塵妄有生滅也。	樞 穴 故 門 得 開 合 由 行 陰 故 根 塵 妄 有 生 滅 也 
X13n0285_010:0371b22	三懸示行陰盡相。	三 懸 示 行 陰 盡 相 
X13n0285_010:0371b23	若此清擾熠熠元性性入元澄一澄元習如波瀾滅	若 此 清 擾 熠 熠 元 性 性 入 元 澄 一 澄 元 習 如 波 瀾 滅 
X13n0285_010:0371b24	化為澄水名行陰盡是人則能超眾生濁。	化 為 澄 水 名 行 陰 盡 是 人 則 能 超 眾 生 濁 
X13n0285_010:0371c01	言此清擾熠熠不停之元性若銷其性入於水澄	言 此 清 擾 熠 熠 不 停 之 元 性 若 銷 其 性 入 於 水 澄 
X13n0285_010:0371c02	之體惟一澄湛之元習譬如波瀾既滅化為澄水	之 體 惟 一 澄 湛 之 元 習 譬 如 波 瀾 既 滅 化 為 澄 水 
X13n0285_010:0371c03	此則空所空滅生滅既滅寂滅現前是故名行陰	此 則 空 所 空 滅 生 滅 既 滅 寂 滅 現 前 是 故 名 行 陰 
X13n0285_010:0371c04	盡而超眾生濁也九界六即具如圓通中釋一澄	盡 而 超 眾 生 濁 也 九 界 六 即 具 如 圓 通 中 釋 一 澄 
X13n0285_010:0371c05	元習者指識陰言既稱元澄復名元習者以其含	元 習 者 指 識 陰 言 既 稱 元 澄 復 名 元 習 者 以 其 含 
X13n0285_010:0371c06	藏一切習氣種子猶屬真常流注後文所謂此湛	藏 一 切 習 氣 種 子 猶 屬 真 常 流 注 後 文 所 謂 此 湛 
X13n0285_010:0371c07	非真如急流水望如恬靜也。四結示本惟妄想。	非 真 如 急 流 水 望 如 恬 靜 也 四 結 示 本 惟 妄 想 
X13n0285_010:0371c08	觀其所由幽隱妄想以為其本。	觀 其 所 由 幽 隱 妄 想 以 為 其 本 
X13n0285_010:0371c09	行陰之相甚為幽隱而此幽隱但是妄想所成而	行 陰 之 相 甚 為 幽 隱 而 此 幽 隱 但 是 妄 想 所 成 而 
X13n0285_010:0371c10	已豈更有他本哉。二別明發相十初計二無因	已 豈 更 有 他 本 哉 二 別 明 發 相 十 初 計 二 無 因 
X13n0285_010:0371c11	(至)十計五現涅槃此與阿含所明六十二見法數	 至 十 計 五 現 涅 槃 此 與 阿 含 所 明 六 十 二 見 法 數 
X13n0285_010:0371c12	並同法相稱異彼則本是外道此乃修心誤墮故	並 同 法 相 稱 異 彼 則 本 是 外 道 此 乃 修 心 誤 墮 故 
X13n0285_010:0371c13	也。今初。	也 今 初 
X13n0285_010:0371c14	阿難當知是得正知奢摩他中諸善男子凝明正心	阿 難 當 知 是 得 正 知 奢 摩 他 中 諸 善 男 子 凝 明 正 心 
X13n0285_010:0371c15	十類天魔不得其便方得精研窮生類本於本類中	十 類 天 魔 不 得 其 便 方 得 精 研 窮 生 類 本 於 本 類 中 
X13n0285_010:0371c16	生元露者觀彼幽清圓擾動元於圓元中起計度者	生 元 露 者 觀 彼 幽 清 圓 擾 動 元 於 圓 元 中 起 計 度 者 
X13n0285_010:0371c17	是人墜入二無因論一者是人見本無因何以故是	是 人 墜 入 二 無 因 論 一 者 是 人 見 本 無 因 何 以 故 是 
X13n0285_010:0371c18	人既得生機全破乘於眼根八百功德見八萬劫所	人 既 得 生 機 全 破 乘 於 眼 根 八 百 功 德 見 八 萬 劫 所 
X13n0285_010:0371c19	有眾生業流灣環死此生彼秪見眾生輪迴其處八	有 眾 生 業 流 灣 環 死此生彼 秪 見 眾 生 輪 迴 其 處 八 
X13n0285_010:0371c20	萬劫外冥無所觀便作是解此等世間十方眾生八	萬 劫 外 冥 無 所 觀 便 作 是 解 此 等 世 間 十 方 眾 生 八 
X13n0285_010:0371c21	萬劫來無因自有由此計度亡正徧知墮落外道惑	萬 劫 來 無 因 自 有 由 此 計 度 亡 正 徧 知 墮 落 外 道 惑 
X13n0285_010:0371c22	菩提性二者是人見末無因何以故是人於生既見	菩 提 性 二 者 是 人 見 末 無 因 何 以 故 是 人 於 生 既 見 
X13n0285_010:0371c23	其根知人生人悟鳥生鳥烏從來黑鵠從來白人天	其 根 知 人 生 人 悟 鳥 生 鳥 烏 從 來 黑 鵠 從 來 白 人 天 
X13n0285_010:0371c24	本竪畜生本橫白非洗成黑非染造從八萬劫無復	本 竪 畜 生 本 橫 白 非 洗 成 黑 非 染 造 從 八 萬 劫 無 復 
X13n0285_010:0372a01	改移今盡此形亦復如是而我本來不見菩提云何	改 移 今 盡 此 形 亦復如是 而 我 本 來 不 見 菩 提 云 何 
X13n0285_010:0372a02	更有成菩提事當知今日一切物象皆本無因由此	更 有 成 菩 提 事 當 知 今 日 一 切 物 象 皆 本 無 因 由 此 
X13n0285_010:0372a03	計度亡正徧知墮落外道惑菩提性是則名為第一	計 度 亡 正 徧 知 墮 落 外 道 惑 菩 提 性 是 則 名 為 第 一 
X13n0285_010:0372a04	外道立無因論。	外 道 立 無 因 論 
X13n0285_010:0372a05	文有三節從初至二無因論總明依陰起計從一	文 有 三 節 從 初 至 二 無 因 論 總 明 依 陰 起 計 從 一 
X13n0285_010:0372a06	者是人至惑菩提性別明邪計相貌從是則名為	者 是 人 至 惑 菩 提 性 別 明 邪 計 相 貌 從 是 則 名 為 
X13n0285_010:0372a07	訖文結明成外道論下皆例此不復更出初言凝	訖 文 結 明 成 外 道 論 下 皆 例 此 不 復 更 出 初 言 凝 
X13n0285_010:0372a08	明正心者即是觀行得力不起十種妄想貪求故	明 正 心 者 即 是 觀 行 得 力 不 起 十 種 妄 想 貪 求 故 
X13n0285_010:0372a09	十魔不能候其便也從此精研窮究十二類生之	十 魔 不 能 候 其 便 也 從 此 精 研 窮 究 十 二 類 生 之 
X13n0285_010:0372a10	本則生滅根元便得披露故得觀於幽清圓擾動	本 則 生 滅 根 元 便 得 披 露 故 得 觀 於 幽 清 圓 擾 動 
X13n0285_010:0372a11	元但不應於此圓元界境橫生計度耳動元即指	元 但 不 應 於 此 圓 元 界 境 橫 生 計 度 耳 動 元 即 指 
X13n0285_010:0372a12	行陰為羣動之元此之行陰境界難可了知故名	行 陰 為 羣 動 之 元 此 之 行 陰 境 界 難可了知 故 名 
X13n0285_010:0372a13	為幽非是麤重前塵故名為清同分生基互含互	為 幽 非 是 麤 重 前 塵 故 名 為 清 同 分 生 基 互 含 互 
X13n0285_010:0372a14	具故名為圓於真常中妄有流注故名為擾也外	具 故 名 為 圓 於 真 常 中 妄 有 流 注 故 名 為 擾 也 外 
X13n0285_010:0372a15	道本劫本見十八見中自有無因而出之二見一	道 本 劫 本 見 十 八 見 中 自 有 無 因 而 出 之 二 見 一 
X13n0285_010:0372a16	則從無想來自謂本無今有一則捷疾觀察妄謂	則 從 無 想 來 自 謂 本無今有 一 則 捷 疾 觀 察 妄 謂 
X13n0285_010:0372a17	無因而有今之行人本為修正徧知趣菩提果但	無 因 而 有 今 之 行 人 本 為 修 正 徧 知 趣 菩 提 果 但 
X13n0285_010:0372a18	由妄起計度誤墜其中故曰亡正徧知感菩提性	由 妄 起 計 度 誤 墜 其 中 故 曰 亡 正 徧 知 感 菩 提 性 
X13n0285_010:0372a19	也生機全破者觀行破也乘眼根八百功德能見	也 生 機 全 破 者 觀 行 破 也 乘 眼 根 八 百 功 德 能 見 
X13n0285_010:0372a20	八萬劫者圓觀力強也本無因者約業名本又來	八 萬 劫 者 圓 觀 力 強 也 本 無 因 者 約 業 名 本 又 來 
X13n0285_010:0372a21	處名本末無因者約象名末又當果名末皆本無	處 名 本 末 無 因 者 約 象 名 末 又 當 果 名 末 皆 本 無 
X13n0285_010:0372a22	因應云皆末無因恐字誤耳此於止觀十境中即	因 應 云 皆 末 無 因 恐 字 誤 耳 此 於 止 觀 十 境 中 即 
X13n0285_010:0372a23	屬見境而見境依於行陰行陰本於幽隱妄想故	屬 見 境 而 見 境 依 於 行 陰 行 陰 本 於 幽 隱 妄 想 故 
X13n0285_010:0372a24	今搜示根原備明妄相令真修者不墮其中然此	今 搜 示 根 原 備 明 妄 相 令 真 修 者 不 墮 其 中 然 此 
X13n0285_010:0372b01	雖云發在觀門而深位亦有發義但深位人功德	雖 云 發 在 觀 門 而 深 位 亦 有 發 義 但 深 位 人 功 德 
X13n0285_010:0372b02	力大不至墮落外道耳如楞伽經云七地菩薩若	力 大 不 至 墮 落 外 道 耳 如 楞 伽 經 云 七 地 菩 薩 若 
X13n0285_010:0372b03	無善念正受墮外道邪徑八地菩薩滅三昧樂門	無 善 念 正 受 墮 外 道 邪 徑 八 地 菩 薩 滅 三昧樂門 
X13n0285_010:0372b04	醉所醉妄想涅槃想皆其義也今謂楞伽七地似	醉 所 醉 妄 想 涅 槃 想 皆 其 義 也 今 謂 楞 伽 七 地 似 
X13n0285_010:0372b05	指三乘共十地言之即合此中竪論五陰盡相想	指 三 乘 共 十 地 言 之 即 合 此 中 竪 論 五 陰 盡 相 想 
X13n0285_010:0372b06	盡而行未盡位在七信若約別地須論界外五陰	盡 而 行 未 盡 位 在 七 信 若 約 別 地 須 論 界 外 五 陰 
X13n0285_010:0372b07	也。二計四徧常。	也 二 計 四 徧 常 
X13n0285_010:0372b08	阿難是三摩中諸善男子凝明正心魔不得便窮生	阿 難 是 三 摩 中 諸 善 男 子 凝 明 正 心 魔 不 得 便 窮 生 
X13n0285_010:0372b09	類本觀彼幽清常擾動元於圓常中起計度者是人	類 本 觀 彼 幽 清 常 擾 動 元 於 圓 常 中 起 計 度 者 是 人 
X13n0285_010:0372b10	墜入四徧常論一者是人窮心境性二處無因修習	墜 入 四 徧 常 論 一 者 是 人 窮 心 境 性 二 處 無 因 修 習 
X13n0285_010:0372b11	能知二萬劫中十方眾生所有生滅咸皆循環不曾	能 知 二 萬 劫 中 十 方 眾 生 所 有 生 滅 咸 皆 循 環 不 曾 
X13n0285_010:0372b12	散失計以為常二者是人窮四大元四性常住修習	散 失 計 以 為 常 二 者 是 人 窮 四 大 元 四 性 常 住 修 習 
X13n0285_010:0372b13	能知四萬劫中十方眾生所有生滅咸皆體恒不曾	能 知 四 萬 劫 中 十 方 眾 生 所 有 生 滅 咸 皆 體 恒 不 曾 
X13n0285_010:0372b14	散失計以為常三者是人窮盡六根(應云六識)末那(及第八)	散 失 計 以 為 常 三 者 是 人 窮 盡 六 根 應 云 六 識 末 那 及 第 八 
X13n0285_010:0372b15	執受(如是)心意識中本元由處性常恒故修習能知八	執 受 如 是 心 意 識 中 本 元 由 處 性 常 恒 故 修 習 能 知 八 
X13n0285_010:0372b16	萬劫中一切眾生循環不失本來常住窮不失性計	萬 劫 中 一 切 眾 生 循 環 不 失 本 來 常 住 窮 不 失 性 計 
X13n0285_010:0372b17	以為常四者是人既盡想元生理更無流止運轉生	以 為 常 四 者 是 人 既 盡 想 元 生 理 更 無 流 止 運 轉 生 
X13n0285_010:0372b18	滅想心今已永滅理中自然成不生滅因心所度計	滅 想 心 今 已 永 滅 理 中 自 然 成 不 生 滅 因 心 所 度 計 
X13n0285_010:0372b19	以為常由此計常亡正徧知墮落外道惑菩提性是	以 為 常 由 此 計 常 亡 正 徧 知 墮 落 外 道 惑 菩 提 性 是 
X13n0285_010:0372b20	則名為第二外道立圓常論。	則 名 為 第 二 外 道 立 圓 常 論 
X13n0285_010:0372b21	此之行陰無始以來相續恒轉有似常住故名圓	此 之 行 陰 無 始 以 來 相 續 恒 轉 有 似 常 住 故 名 圓 
X13n0285_010:0372b22	常也外道十八見中有我及世間常四見前三與	常 也 外 道 十 八 見 中 有 我 及 世 間 常 四 見 前 三 與 
X13n0285_010:0372b23	此並同第四名為捷疾相智。三計一分常。	此 並 同 第 四 名 為 捷 疾 相 智 三 計 一 分 常 
X13n0285_010:0372b24	又三摩中諸善男子堅凝正心魔不得便窮生類本	又 三 摩 中 諸 善 男 子 堅 凝 正 心 魔 不 得 便 窮 生 類 本 
X13n0285_010:0372c01	觀彼幽清常擾動元於自他中起計度者是人墜入	觀 彼 幽 清 常 擾 動 元 於 自 他 中 起 計 度 者 是 人 墜 入 
X13n0285_010:0372c02	四顛倒見一分無常一分常論一者是人觀妙明心	四 顛 倒 見 一 分 無 常 一分常論 一 者 是 人 觀 妙 明 心 
X13n0285_010:0372c03	徧十方界湛然以為究竟神我從是則計我徧十方	徧 十 方 界 湛 然 以 為 究 竟 神 我 從 是 則 計 我 徧 十 方 
X13n0285_010:0372c04	凝明不動一切眾生於我心中自生自死則我心性	凝 明 不 動 一 切 眾 生 於 我 心 中 自 生 自 死 則 我 心 性 
X13n0285_010:0372c05	名之為常彼生滅者真無常性二者是人不觀其心	名 之 為 常 彼 生 滅 者 真 無 常 性 二 者 是 人 不 觀 其 心 
X13n0285_010:0372c06	徧觀十方恒沙國土見劫壞處名為究竟無常種性	徧 觀 十 方 恒 沙 國 土 見 劫 壞 處 名 為 究 竟 無 常 種 性 
X13n0285_010:0372c07	劫不壞處名究竟常三者是人別觀我心精細微密	劫 不 壞 處 名 究 竟 常 三 者 是 人 別 觀 我 心 精 細 微 密 
X13n0285_010:0372c08	猶如微塵流轉十方性無移改能令此身即生即滅	猶 如 微 塵 流 轉 十 方 性 無 移 改 能 令 此 身 即 生 即 滅 
X13n0285_010:0372c09	其不壞性名我性常一切死生從我流出名無常性	其 不 壞 性 名 我 性 常 一 切 死 生 從 我 流 出 名 無 常 性 
X13n0285_010:0372c10	四者是人知想陰盡見行陰流行陰常流計為常性	四 者 是 人 知 想 陰 盡 見 行 陰 流 行 陰 常 流 計 為 常 性 
X13n0285_010:0372c11	色受想等今已滅盡名為無常由此計度一分無常	色 受 想 等 今 已 滅 盡 名 為 無 常 由 此 計 度 一 分 無 常 
X13n0285_010:0372c12	一分常故墮落外道惑菩提性是則名為第三外道	一 分 常 故 墮 落 外 道 惑 菩 提 性 是 則 名 為 第 三 外 道 
X13n0285_010:0372c13	一分常論。	一分常論 
X13n0285_010:0372c14	初則計自為常他為無常二則單計他常無常三	初 則 計 自 為 常 他 為 無 常 二 則 單 計 他 常 無 常 三 
X13n0285_010:0372c15	則單計自常無常四則雙計自他皆有常無常也	則 單 計 自 常 無 常 四 則 雙 計 自 他 皆 有 常 無 常 也 
X13n0285_010:0372c16	外道十八見中有我及世間半常半無常論四種	外 道 十 八 見 中 有 我 及 世 間 半 常 半 無 常 論 四 種 
X13n0285_010:0372c17	但法相不同彼云一梵天常我無常二由戲笑故	但 法 相 不 同 彼 云 一 梵 天 常 我 無 常 二 由 戲 笑 故 
X13n0285_010:0372c18	無常三由相觀視故無常四捷疾觀察謂常無常。	無 常 三 由 相 觀 視 故 無 常 四 捷 疾 觀 察 謂 常 無 常 
X13n0285_010:0372c19	四計四有邊。	四 計 四 有 邊 
X13n0285_010:0372c20	又三摩中諸善男子堅凝正心魔不得便窮生類本	又 三 摩 中 諸 善 男 子 堅 凝 正 心 魔 不 得 便 窮 生 類 本 
X13n0285_010:0372c21	觀彼幽清常擾動元於分位中生計度者是人墜入	觀 彼 幽 清 常 擾 動 元 於 分 位 中 生 計 度 者 是 人 墜 入 
X13n0285_010:0372c22	四有邊論一者是人心計生元流用不息計過未者	四 有 邊 論 一 者 是 人 心 計 生 元 流 用 不 息 計 過 未 者 
X13n0285_010:0372c23	名為有邊計相續心名為無邊二者是人觀八萬劫	名 為 有 邊 計 相 續 心 名 為 無 邊 二 者 是 人 觀 八 萬 劫 
X13n0285_010:0372c24	則見眾生八萬劫前寂無聞見無聞見處名為無邊	則 見 眾 生 八 萬 劫 前 寂 無 聞 見 無 聞 見 處 名 為 無 邊 
X13n0285_010:0373a01	有眾生處名為有邊三者是人計我徧知(以為獨)得無	有 眾 生 處 名 為 有 邊 三 者 是 人 計 我 徧 知 以 為 獨 得 無 
X13n0285_010:0373a02	邊(之)性彼一切人現我知中我曾不知彼之知性(亦皆	邊 之 性 彼 一 切 人 現 我 知 中 我 曾 不 知 彼 之 知 性 亦 皆 
X13n0285_010:0373a03	各各徧知)名彼(以為)不得無邊之心但(是)有邊(之)性四者是	各 各 徧 知 名 彼 以 為 不 得 無 邊 之 心 但 是 有 邊 之 性 四 者 是 
X13n0285_010:0373a04	人窮行陰空以其所見心路籌度一切眾生一身之	人 窮 行 陰 空 以 其 所 見 心 路 籌 度 一 切 眾 生 一 身 之 
X13n0285_010:0373a05	中計其咸皆半生半滅明其世界一切所有一半有	中 計 其 咸 皆 半 生 半 滅 明 其 世 界 一 切 所 有 一 半 有 
X13n0285_010:0373a06	邊一半無邊由是計度有邊無邊墮落外道惑菩提	邊 一 半 無 邊 由 是 計 度 有邊無邊 墮 落 外 道 惑 菩 提 
X13n0285_010:0373a07	性是則名為第四外道立有邊論。	性 是 則 名 為 第 四 外 道 立 有 邊 論 
X13n0285_010:0373a08	性真常中安有分位依於行陰分位妄生初二皆	性 真 常 中 安 有 分 位 依 於 行 陰 分 位 妄 生 初 二 皆 
X13n0285_010:0373a09	計三世分位初以過未為有邊現前一念相續之	計 三 世 分 位 初 以 過 未 為 有 邊 現 前 一 念 相 續 之 
X13n0285_010:0373a10	心為無邊次以八萬劫內為有邊八萬劫外為無	心 為 無 邊 次 以 八 萬 劫 內 為 有 邊 八 萬 劫 外 為 無 
X13n0285_010:0373a11	邊三計能所分位以我為能知故無邊彼為所知	邊 三 計 能 所 分 位 以 我 為 能 知 故 無 邊 彼 為 所 知 
X13n0285_010:0373a12	故有邊四計生滅分位行陰之性惟是生滅生為	故 有 邊 四 計 生 滅 分 位 行 陰 之 性 惟 是 生 滅 生 為 
X13n0285_010:0373a13	有邊滅為無邊也外道十八見中亦有有邊無邊	有 邊 滅 為 無 邊 也 外 道 十 八 見 中 亦 有 有邊無邊 
X13n0285_010:0373a14	四論但法相不同彼云一有邊想二無邊想三上	四 論 但 法 相 不 同 彼 云 一 有 邊 想 二 無 邊 想 三 上 
X13n0285_010:0373a15	方有邊四方無邊四非有邊非無邊。五計。矯亂。	方 有 邊 四 方 無 邊 四 非 有 邊 非 無 邊 五 計 矯 亂 
X13n0285_010:0373a16	又三摩中諸善男子堅凝正心魔不得便窮生類本	又 三 摩 中 諸 善 男 子 堅 凝 正 心 魔 不 得 便 窮 生 類 本 
X13n0285_010:0373a17	觀彼幽清常擾動元於知見中生計度者是人墜入	觀 彼 幽 清 常 擾 動 元 於 知 見 中 生 計 度 者 是 人 墜 入 
X13n0285_010:0373a18	四種顛倒不死矯亂徧計虗論一者是人觀變化元	四 種 顛 倒 不 死 矯 亂 徧 計 虗 論 一 者 是 人 觀 變 化 元 
X13n0285_010:0373a19	見遷流處名之為變見相續處名之為恒見所見處	見 遷 流 處 名 之 為 變 見 相 續 處 名 之 為 恒 見 所 見 處 
X13n0285_010:0373a20	名之為生不見見處(猶云見不見處)名之為滅相續之因性	名 之 為 生 不 見 見 處 猶 云 見 不 見 處 名 之 為 滅 相 續 之 因 性 
X13n0285_010:0373a21	不斷處名之為增正相續中中所離處名之為減各	不 斷 處 名 之 為 增 正 相 續 中 中 所 離 處 名 之 為 減 各 
X13n0285_010:0373a22	各生處名之為有互互亡處名之為無以理都觀用	各 生 處 名 之 為 有 互 互 亡 處 名 之 為 無 以 理 都 觀 用 
X13n0285_010:0373a23	心別見有求法人來問其義答言我今亦生亦滅亦	心 別 見 有 求 法 人 來 問 其 義 答 言 我 今 亦 生 亦 滅 亦 
X13n0285_010:0373a24	有亦無亦增亦減於一切時皆亂其語令彼前人遺	有 亦 無 亦 增 亦 減 於一切時 皆 亂 其 語 令 彼 前 人 遺 
X13n0285_010:0373b01	失章句二者是人諦觀其心互互無處因無得證有	失 章 句 二 者 是 人 諦 觀 其 心 互 互 無 處 因 無 得 證 有 
X13n0285_010:0373b02	人來問唯答一字但言其無除無之餘無所言說三	人 來 問 唯 答 一 字 但 言 其 無 除 無 之 餘 無 所 言 說 三 
X13n0285_010:0373b03	者是人諦觀其心各各有處因有得證有人來問唯	者 是 人 諦 觀 其 心 各 各 有 處 因 有 得 證 有 人 來 問 唯 
X13n0285_010:0373b04	答一字但言其是除是之餘無所言說四者是人有	答 一 字 但 言 其 是 除 是 之 餘 無 所 言 說 四 者 是 人 有 
X13n0285_010:0373b05	無俱見其境枝故其心亦亂有人來問答言亦有即	無 俱 見 其 境 枝 故 其 心 亦 亂 有 人 來 問 答 言 亦 有 即 
X13n0285_010:0373b06	是亦無亦無之中不是亦有一切矯亂無容窮詰由	是 亦 無 亦 無 之 中 不 是 亦 有 一 切 矯 亂 無 容 窮 詰 由 
X13n0285_010:0373b07	此計度矯亂虗無墮落外道惑菩提性是則名為第	此 計 度 矯 亂 虗 無 墮 落 外 道 惑 菩 提 性 是 則 名 為 第 
X13n0285_010:0373b08	五外道四顛倒性不死矯亂徧計虗論。	五 外 道 四 顛 倒 性 不 死 矯 亂 徧 計 虗 論 
X13n0285_010:0373b09	涅槃經云生生不可說乃至不生不生不可說有	涅 槃 經 云 生 生 不 可 說 乃 至 不 生 不 生 不 可 說 有 
X13n0285_010:0373b10	因緣故亦可得說故知四句四門邪正之分甚微	因 緣 故 亦 可 得 說 故 知 四 句 四 門 邪 正 之 分 甚 微 
X13n0285_010:0373b11	倘未達如來藏性隨緣不變不變隨緣妙理於行	倘 未 達 如 來 藏 性 隨 緣 不 變 不 變 隨 緣 妙 理 於 行 
X13n0285_010:0373b12	陰中而起知見隨所知見而生計度未有不成顛	陰 中 而 起 知 見 隨 所 知 見 而 生 計 度 未 有 不 成 顛 
X13n0285_010:0373b13	倒矯亂者也邪分別性故名徧計終無實義故名	倒 矯 亂 者 也 邪 分 別 性 故 名 徧 計 終 無 實 義 故 名 
X13n0285_010:0373b14	虗論變化元即指行陰互互無謂生中無滅滅中	虗 論 變 化 元 即 指 行 陰 互 互 無 謂 生 中 無 滅 滅 中 
X13n0285_010:0373b15	無生等故一切法俱無各各有謂生時有生滅時	無 生 等 故 一 切 法 俱 無 各 各 有 謂 生 時 有 生 滅 時 
X13n0285_010:0373b16	有滅等故生滅等皆是有無俱見謂生時有生而	有 滅 等 故 生 滅 等 皆 是 有 無 俱 見 謂 生 時 有 生 而 
X13n0285_010:0373b17	無滅滅時有滅而無生又生時則生生而滅滅滅	無 滅 滅 時 有 滅 而 無 生 又 生 時 則 生 生 而 滅 滅 滅 
X13n0285_010:0373b18	時則滅生而生滅等故有即無無亦即有總由不	時 則 滅 生 而 生 滅 等 故 有 即 無 無 亦 即 有 總 由 不 
X13n0285_010:0373b19	達生滅去來本如來藏所以計此虗妄諸法謂有	達 生 滅 去 來 本 如 來 藏 所 以 計 此 虗 妄 諸 法 謂 有 
X13n0285_010:0373b20	真實而不能自決乃成矯亂虗論也外道十八見	真 實 而 不 能 自 決 乃 成 矯 亂 虗 論 也 外 道 十 八 見 
X13n0285_010:0373b21	中亦有異問異答四見但法相不同彼云一者善	中 亦 有 異 問 異 答 四 見 但 法 相 不 同 彼 云 一 者 善 
X13n0285_010:0373b22	惡有報耶無報耶二者有他世無他世耶三者何	惡 有 報 耶 無 報 耶 二 者 有 他 世 無 他 世 耶 三 者 何 
X13n0285_010:0373b23	善何不善四者愚冥暗鈍隨他言答資中曰凖婆	善 何 不 善 四 者 愚 冥 暗 鈍 隨 他 言 答 資 中 曰 凖 婆 
X13n0285_010:0373b24	沙論釋外道計天常住名為不死計不亂答得生	沙 論 釋 外 道 計 天 常 住 名 為 不 死 計 不 亂 答 得 生 
X13n0285_010:0373c01	彼天若實不知而輒答者恐成矯亂故有問時答	彼 天 若 實 不 知 而 輒 答 者 恐 成 矯 亂 故 有 問 時 答 
X13n0285_010:0373c02	言秘密言辭不應皆說或不定答佛法訶云此真	言 秘 密 言 辭 不 應 皆 說 或 不 定 答 佛 法 訶 云 此 真 
X13n0285_010:0373c03	矯亂故名不死矯亂虗論。六計十六有相。	矯 亂 故 名 不 死 矯 亂 虗 論 六 計 十 六 有 相 
X13n0285_010:0373c04	又三摩中諸善男子堅凝正心魔不得便窮生類本	又 三 摩 中 諸 善 男 子 堅 凝 正 心 魔 不 得 便 窮 生 類 本 
X13n0285_010:0373c05	觀彼幽清常擾動元於無盡流生計度者是人墜入	觀 彼 幽 清 常 擾 動 元 於 無 盡 流 生 計 度 者 是 人 墜 入 
X13n0285_010:0373c06	死後有相發心顛倒或自固身云色是我或見我圓	死 後 有 相 發 心 顛 倒 或 自 固 身 云 色 是 我 或 見 我 圓 
X13n0285_010:0373c07	含徧國土云我有色或彼前緣隨我迴復云色屬我	含 徧 國 土 云 我 有 色 或 彼 前 緣 隨 我 迴 復 云 色 屬 我 
X13n0285_010:0373c08	或復我依行中相續云我在色皆計度言死後有相	或 復 我 依 行 中 相 續 云 我 在 色 皆 計 度 言 死 後 有 相 
X13n0285_010:0373c09	如是循環有十六相從此或計畢竟煩惱畢竟菩提	如 是 循 環 有 十 六 相 從 此 或 計 畢 竟 煩 惱 畢 竟 菩 提 
X13n0285_010:0373c10	兩性並驅各不相觸由此計度死後有故墮落外道	兩 性 並 驅 各 不 相 觸 由 此 計 度 死 後 有 故 墮 落 外 道 
X13n0285_010:0373c11	惑菩提性是則名為第六外道立五陰中死後有相	惑 菩 提 性 是 則 名 為 第 六 外 道 立 五 陰 中 死 後 有 相 
X13n0285_010:0373c12	心顛倒論。	心 顛 倒 論 
X13n0285_010:0373c13	行陰名無盡流以其無始以來恒相續轉故也色	行 陰 名 無 盡 流 以 其 無 始 以 來 恒 相 續 轉 故 也 色 
X13n0285_010:0373c14	是我即色是我也我有色我大色小色在我中也	是 我 即 色 是 我 也 我 有 色 我 大 色 小 色 在 我 中 也 
X13n0285_010:0373c15	色屬我離色有我色但是我所也我在色色大我	色 屬 我 離 色 有 我 色 但 是 我 所 也 我 在 色 色 大 我 
X13n0285_010:0373c16	小我在色中也歷受想行三陰各有四句成十六	小 我 在 色 中 也 歷 受 想 行 三 陰 各 有 四 句 成 十 六 
X13n0285_010:0373c17	相從此或計又轉深一層之計度也意謂由造作	相 從 此 或 計 又 轉 深 一 層 之 計 度 也 意 謂 由 造 作 
X13n0285_010:0373c18	故有煩惱由造作故有菩提造作即是行陰行陰	故 有 煩 惱 由 造 作 故 有 菩 提 造 作 即 是 行 陰 行 陰 
X13n0285_010:0373c19	不可盡則煩惱菩提亦不可盡故兩性皆悉驅入	不 可 盡 則 煩 惱 菩 提 亦 不 可 盡 故 兩 性 皆 悉 驅 入 
X13n0285_010:0373c20	盡未來際亦復不相陵蔑此則錯解性具圓宗無	盡未來際 亦 復 不 相 陵 蔑 此 則 錯 解 性 具 圓 宗 無 
X13n0285_010:0373c21	作妙旨差之毫釐謬逾天壤者也危乎危乎外道	作 妙 旨 差 之 毫 釐 謬 逾 天 壤 者 也 危 乎 危 乎 外 道 
X13n0285_010:0373c22	末劫末見四十四見中亦有世間有想一十六見	末 劫 末 見 四 十 四 見 中 亦 有 世 間 有 想 一 十 六 見 
X13n0285_010:0373c23	而法相不同彼謂一有色見二無色見三有色無	而 法 相 不 同 彼 謂 一 有 色 見 二 無 色 見 三 有 色 無 
X13n0285_010:0373c24	色見四非有色非無色見五有邊見六無邊見七	色 見 四 非 有 色 非 無 色 見 五 有 邊 見 六 無 邊 見 七 
X13n0285_010:0374a01	有邊無邊見八非有邊非無邊見九有樂見十有	有邊無邊 見 八 非 有 邊 非 無 邊 見 九 有 樂 見 十 有 
X13n0285_010:0374a02	苦見十一有樂有苦見十二不苦不樂見十三一	苦 見 十 一 有 樂 有 苦 見 十 二 不苦不樂 見 十 三 一 
X13n0285_010:0374a03	想十四若干想十五少想十六無量想今謂初四	想 十 四 若 干 想 十 五 少 想 十 六 無 量 想 今 謂 初 四 
X13n0285_010:0374a04	見依色陰次有邊等四見依行陰次有樂等四見	見 依 色 陰 次 有 邊 等 四 見 依 行 陰 次 有 樂 等 四 見 
X13n0285_010:0374a05	依受陰次一想等四見依想陰也。七計八無相。	依 受 陰 次 一 想 等 四 見 依 想 陰 也 七 計 八 無 相 
X13n0285_010:0374a06	又三摩中諸善男子堅凝正心魔不得便窮生類本	又 三 摩 中 諸 善 男 子 堅 凝 正 心 魔 不 得 便 窮 生 類 本 
X13n0285_010:0374a07	觀彼幽清常擾動元於先除滅色受想中生計度者	觀 彼 幽 清 常 擾 動 元 於 先 除 滅 色 受 想 中 生 計 度 者 
X13n0285_010:0374a08	是人墜入死後無相發心顛倒見其色滅形無所因	是 人 墜 入 死 後 無 相 發 心 顛 倒 見 其 色 滅 形 無 所 因 
X13n0285_010:0374a09	觀其想滅心無所繫知其受滅無復連綴陰性銷散	觀 其 想 滅 心 無 所 繫 知 其 受 滅 無 復 連 綴 陰 性 銷 散 
X13n0285_010:0374a10	縱有生理而無受想與草木同此質現前猶不可得	縱 有 生 理 而 無 受 想 與 草 木 同 此 質 現 前 猶 不 可 得 
X13n0285_010:0374a11	死後云何更有諸相因之勘校死後相無如是循環	死 後 云 何 更 有 諸 相 因 之 勘 校 死 後 相 無 如 是 循 環 
X13n0285_010:0374a12	有八無相從此或計涅槃因果一切皆空徒有名字	有 八 無 相 從 此 或 計 涅 槃 因 果 一切皆空 徒 有 名 字 
X13n0285_010:0374a13	究竟斷滅由此計度死後無故墮落外道惑菩提性	究 竟 斷 滅 由 此 計 度 死 後 無 故 墮 落 外 道 惑 菩 提 性 
X13n0285_010:0374a14	是則名為第七外道立五陰中死後無相心顛倒論。	是 則 名 為 第 七 外 道 立 五 陰 中 死 後 無 相 心 顛 倒 論 
X13n0285_010:0374a15	生理謂行陰也四陰現前死後俱不可得則因果	生 理 謂 行 陰 也 四 陰 現 前 死 後 俱 不 可 得 則 因 果 
X13n0285_010:0374a16	皆無名八無相又計世間四陰因果既無出世涅	皆 無 名 八 無 相 又 計 世 間 四 陰 因 果 既 無 出 世 涅 
X13n0285_010:0374a17	槃因果安有故成斷滅心顛倒論外道四十四見	槃 因 果 安 有 故 成 斷 滅 心 顛 倒 論 外 道 四 十 四 見 
X13n0285_010:0374a18	中亦有世間無想論八見而法相不同彼云一有	中 亦 有 世 間 無 想 論 八 見 而 法 相 不 同 彼 云 一 有 
X13n0285_010:0374a19	色二無色三有色四非有色非無色五有邊六無	色 二 無 色 三 有 色 四 非 有 色 非 無 色 五 有 邊 六 無 
X13n0285_010:0374a20	邊七有邊無邊八非有邊非無邊。八計八俱非。	邊 七 有邊無邊 八 非 有 邊 非 無 邊 八 計 八 俱 非 
X13n0285_010:0374a21	又三摩中諸善男子堅凝正心魔不得便窮生類本	又 三 摩 中 諸 善 男 子 堅 凝 正 心 魔 不 得 便 窮 生 類 本 
X13n0285_010:0374a22	觀彼幽清常擾動元於行存中兼受想滅雙計有無	觀 彼 幽 清 常 擾 動 元 於 行 存 中 兼 受 想 滅 雙 計 有 無 
X13n0285_010:0374a23	自體相破是人墜入死後俱非起顛倒論色受想中	自 體 相 破 是 人 墜 入 死 後 俱 非 起 顛 倒 論 色 受 想 中 
X13n0285_010:0374a24	見有非有行遷流內觀無不無如是循環窮盡陰界	見 有 非 有 行 遷 流 內 觀 無 不 無 如 是 循 環 窮 盡 陰 界 
X13n0285_010:0374b01	八俱非相隨得一緣皆言死後有相無相又計諸行	八 俱 非 相 隨 得 一 緣 皆 言 死 後 有 相 無 相 又 計 諸 行 
X13n0285_010:0374b02	性遷訛故心發通悟有無俱非虗實失措由此計度	性 遷 訛 故 心 發 通 悟 有 無 俱 非 虗 實 失 措 由 此 計 度 
X13n0285_010:0374b03	死後俱非後際昏瞢無可道故墮落外道惑菩提性	死 後 俱 非 後 際 昏 瞢 無 可 道 故 墮 落 外 道 惑 菩 提 性 
X13n0285_010:0374b04	是則名為第八外道立五陰中死後俱非心顛倒論。	是 則 名 為 第 八 外 道 立 五 陰 中 死 後 俱 非 心 顛 倒 論 
X13n0285_010:0374b05	以有破無以無破有故云自體相破初則以色受	以 有 破 無 以 無 破 有 故 云 自 體 相 破 初 則 以 色 受 
X13n0285_010:0374b06	想而例行陰見有非有以行遷流例色受想觀無	想 而 例 行 陰 見 有 非 有 以 行 遷 流 例 色 受 想 觀 無 
X13n0285_010:0374b07	不無是故四陰各有二非名八俱非次又單從行	不 無 是 故 四 陰 各 有 二 非 名 八 俱 非 次 又 單 從 行 
X13n0285_010:0374b08	陰遷訛起計有則不應念念變滅無則不應念念	陰 遷 訛 起 計 有 則 不 應 念 念 變 滅 無 則 不 應 念 念 
X13n0285_010:0374b09	出生又不住故非有非實相續故非無非虗也外	出 生 又 不 住 故 非 有 非 實 相 續 故 非 無 非 虗 也 外 
X13n0285_010:0374b10	道四十四見中亦有非想非非想論八見名相與	道 四 十 四 見 中 亦 有 非想非非想 論 八 見 名 相 與 
X13n0285_010:0374b11	前無想論同。九計七斷滅。	前 無 想 論 同 九 計 七 斷 滅 
X13n0285_010:0374b12	又三摩中諸善男子堅凝正心魔不得便窮生類本	又 三 摩 中 諸 善 男 子 堅 凝 正 心 魔 不 得 便 窮 生 類 本 
X13n0285_010:0374b13	觀彼幽清常擾動元於後後無生計度者是人墜入	觀 彼 幽 清 常 擾 動 元 於 後 後 無 生 計 度 者 是 人 墜 入 
X13n0285_010:0374b14	七斷滅論或計身滅或欲盡滅或苦盡滅或極樂滅	七 斷 滅 論 或 計 身 滅 或 欲 盡 滅 或 苦 盡 滅 或 極 樂 滅 
X13n0285_010:0374b15	或極捨滅如是循環窮盡七際現前銷滅滅已無復	或 極 捨 滅 如 是 循 環 窮 盡 七 際 現 前 銷 滅 滅 已 無 復 
X13n0285_010:0374b16	由此計度死後斷滅墮落外道惑菩提性是則名為	由 此 計 度 死 後 斷 滅 墮 落 外 道 惑 菩 提 性 是 則 名 為 
X13n0285_010:0374b17	第九外道立五陰中死後斷滅心顛倒論。	第 九 外 道 立 五 陰 中 死 後 斷 滅 心 顛 倒 論 
X13n0285_010:0374b18	後後無謂行陰念念遷滅也七斷滅論者計此人	後 後 無 謂 行 陰 念 念 遷 滅 也 七 斷 滅 論 者 計 此 人 
X13n0285_010:0374b19	天七處死後皆即斷滅也一者人道身死即滅二	天 七 處 死 後 皆 即 斷 滅 也 一 者 人 道 身 死 即 滅 二 
X13n0285_010:0374b20	者欲天壽盡即滅三與四者初禪二禪苦盡皆歸	者 欲 天 壽 盡 即 滅 三 與 四 者 初 禪 二 禪 苦 盡 皆 歸 
X13n0285_010:0374b21	死滅五者三禪極樂亦歸死滅六與七者四禪雙	死 滅 五 者 三 禪 極 樂 亦 歸 死 滅 六 與 七 者 四 禪 雙 
X13n0285_010:0374b22	捨苦樂四空并捨色陰亦歸死滅故云窮盡七際	捨 苦 樂 四 空 并 捨 色 陰 亦 歸 死 滅 故 云 窮 盡 七 際 
X13n0285_010:0374b23	皆銷滅也外道四十四見中亦有斷滅論七見一	皆 銷 滅 也 外 道 四 十 四 見 中 亦 有 斷 滅 論 七 見 一 
X13n0285_010:0374b24	身滅二欲天滅三色天滅四空處滅五識處滅六	身 滅 二 欲 天 滅 三 色 天 滅 四 空 處 滅 五 識 處 滅 六 
X13n0285_010:0374c01	不用處滅七有想無想處滅與此開合不同今經	不 用 處 滅 七 有 想 無 想 處 滅 與 此 開 合 不 同 今 經 
X13n0285_010:0374c02	開四禪而合四空也。十計五現涅槃。	開 四 禪 而 合 四 空 也 十 計 五 現 涅 槃 
X13n0285_010:0374c03	又三摩中諸善男子堅凝正心魔不得便窮生類本	又 三 摩 中 諸 善 男 子 堅 凝 正 心 魔 不 得 便 窮 生 類 本 
X13n0285_010:0374c04	觀彼幽清常擾動元於後後有生計度者是人墜入	觀 彼 幽 清 常 擾 動 元 於 後 後 有 生 計 度 者 是 人 墜 入 
X13n0285_010:0374c05	五涅槃論或以欲界為正轉依觀見(六欲天上境界)圓明生	五 涅 槃 論 或 以 欲 界 為 正 轉 依 觀 見 六 欲 天 上 境 界 圓 明 生 
X13n0285_010:0374c06	愛慕故或以初禪性無憂(出離憂根)故或以二禪心無苦	愛 慕 故 或 以 初 禪 性 無 憂 出 離 憂 根 故 或 以 二 禪 心 無 苦 
X13n0285_010:0374c07	(出離苦根)故或以三禪極悅隨故或以四禪苦樂二亡不	 出 離 苦 根 故 或 以 三 禪 極 悅 隨 故 或 以 四 禪 苦 樂 二 亡 不 
X13n0285_010:0374c08	受輪迴生滅性故迷有漏天作無為解(計此)五處(暫時)安	受 輪 迴 生 滅 性 故 迷 有 漏 天 作 無 為 解 計 此 五 處 暫 時 安 
X13n0285_010:0374c09	隱(以)為(便是)勝淨(轉)依如是循環五處究竟由此計度	隱 以 為 便 是 勝 淨 轉 依 如 是 循 環 五 處 究 竟 由 此 計 度 
X13n0285_010:0374c10	五現涅槃墮落外道惑菩提性是則名為第十外道	五 現 涅 槃 墮 落 外 道 惑 菩 提 性 是 則 名 為 第 十 外 道 
X13n0285_010:0374c11	立五陰中五現涅槃心顛倒論。	立 五 陰 中 五 現 涅 槃 心 顛 倒 論 
X13n0285_010:0374c12	後後有謂行陰念念生起也前計七處滅已方為	後 後 有 謂 行 陰 念 念 生 起 也 前 計 七 處 滅 已 方 為 
X13n0285_010:0374c13	涅槃此以五處安隱即是轉依外道四十四見中	涅 槃 此 以 五 處 安 隱 即 是 轉 依 外 道 四 十 四 見 中 
X13n0285_010:0374c14	亦有現在有泥恒五見一云現在五欲自恣即是	亦 有 現 在 有 泥 恒 五 見 一 云 現 在 五 欲 自 恣 即 是 
X13n0285_010:0374c15	泥洹餘四並與此經同。三結過勸示。	泥 洹 餘 四 並 與 此 經 同 三 結 過 勸 示 
X13n0285_010:0374c16	阿難如是十種禪那狂解皆是行陰用心交互故現	阿 難 如 是 十 種 禪 那 狂 解 皆 是 行 陰 用 心 交 互 故 現 
X13n0285_010:0374c17	斯悟眾生頑迷不自忖量逢此現前以迷為解自言	斯 悟 眾 生 頑 迷 不 自 忖 量 逢 此 現 前 以 迷 為 解 自 言 
X13n0285_010:0374c18	登聖大妄語成墮無間獄汝等必須將如來語於我	登 聖 大 妄 語 成 墮 無 間 獄 汝 等 必 須 將 如 來 語 於 我 
X13n0285_010:0374c19	滅後傳示末法徧令眾生覺了斯義無令心魔自起	滅 後 傳 示 末 法 徧 令 眾 生 覺 了 斯 義 無 令 心 魔 自 起 
X13n0285_010:0374c20	深孽保持覆護銷息邪見教其身心開覺真義於無	深 孽 保 持 覆 護 銷 息 邪 見 教 其 身 心 開 覺 真 義 於 無 
X13n0285_010:0374c21	上道不遭枝岐勿令心祈得少為足作大覺王清淨	上 道 不 遭 枝 岐 勿 令 心 祈 得 少 為 足 作 大 覺 王 清 淨 
X13n0285_010:0374c22	標指。	標 指 
X13n0285_010:0374c23	狂解者依於行陰所起見惑也由禪定發故亦名	狂 解 者 依 於 行 陰 所 起 見 惑 也 由 禪 定 發 故 亦 名 
X13n0285_010:0374c24	悟背正徧覺故仍是迷想陰既伏天魔已不得便	悟 背 正 徧 覺 故 仍 是 迷 想 陰 既 伏 天 魔 已 不 得 便 
X13n0285_010:0375a01	今之六十二見皆是自心所起魔孽耳嗚呼末世	今 之 六 十 二 見 皆 是 自 心 所 起 魔 孽 耳 嗚 呼 末 世 
X13n0285_010:0375a02	暗證之流所有邪悟較此外道更為淺陋而門庭	暗 證 之 流 所 有 邪 悟 較 此 外 道 更 為 淺 陋 而 門 庭 
X13n0285_010:0375a03	高豎妄稱宗匠徧於域中亦可悲也標謂標榜指	高 豎 妄 稱 宗 匠 徧 於 域 中 亦 可 悲 也 標 謂 標 榜 指 
X13n0285_010:0375a04	謂指南又覺王如月佛語如指。五明識陰境三	謂 指 南 又 覺 王 如 月 佛 語 如 指 五 明 識 陰 境 三 
X13n0285_010:0375a05	初總示陰相二別明發相三斥邪結正。初中四	初 總 示 陰 相 二 別 明 發 相 三 斥 邪 結 正 初 中 四 
X13n0285_010:0375a06	初結前行陰盡相二正明識陰區宇三懸示識陰	初 結 前 行 陰 盡 相 二 正 明 識 陰 區 宇 三 懸 示 識 陰 
X13n0285_010:0375a07	盡相四結示本惟妄想。今初。	盡 相 四 結 示 本 惟 妄 想 今 初 
X13n0285_010:0375a08	阿難彼善男子修三摩提行陰盡者諸世間性幽清	阿 難 彼 善 男 子 修 三 摩 提 行 陰 盡 者 諸 世 間 性 幽 清 
X13n0285_010:0375a09	擾動同分生機倐然隳裂沉細綱紐補特伽羅酬業	擾 動 同 分 生 機 倐 然 隳 裂 沉 細 綱 紐 補 特 伽 羅 酬 業 
X13n0285_010:0375a10	深脉感應懸絕。	深 脉 感 應 懸 絕 
X13n0285_010:0375a11	諸世門徧指同居方便實報三土而言也九界一	諸 世 門 徧 指 同 居 方 便 實 報 三 土 而 言 也 九 界 一 
X13n0285_010:0375a12	切生類喻如網目沉細行陰喻如綱紐有為諸行	切 生 類 喻 如 網 目 沉 細 行 陰 喻 如 綱 紐 有 為 諸 行 
X13n0285_010:0375a13	盡故六凡有情酬業深脉感應懸絕偏真諸行盡	盡 故 六 凡 有 情 酬 業 深 脉 感 應 懸 絕 偏 真 諸 行 盡 
X13n0285_010:0375a14	故二乘有情酬業深脉感應懸絕二邊諸行盡故	故 二 乘 有 情 酬 業 深 脉 感 應 懸 絕 二 邊 諸 行 盡 故 
X13n0285_010:0375a15	菩薩有情酬業深脉感應懸絕葢九界有情各以	菩 薩 有 情 酬 業 深 脉 感 應 懸 絕 葢 九 界 有 情 各 以 
X13n0285_010:0375a16	自心所現惑業為能感即以自心所現果報為能	自 心 所 現 惑 業 為 能 感 即 以 自 心 所 現 果 報 為 能 
X13n0285_010:0375a17	應今行陰既盡感應俱絕此正空所空滅生滅既	應 今 行 陰 既 盡 感 應 俱 絕 此 正 空 所 空 滅 生 滅 既 
X13n0285_010:0375a18	滅之境界也利根之士一滅一切滅并識陰亦復	滅 之 境 界 也 利 根 之 士 一 滅 一 切 滅 并 識 陰 亦 復 
X13n0285_010:0375a19	不當情矣。二正明識陰區宇。	不 當 情 矣 二 正 明 識 陰 區 宇 
X13n0285_010:0375a20	於涅槃天將大明悟如雞後鳴膽顧東方已有精色	於 涅 槃 天 將 大 明 悟 如 雞 後 鳴 膽 顧 東 方 已 有 精 色 
X13n0285_010:0375a21	六根虗靜無復馳逸內外湛明入無所入深達十方	六 根 虗 靜 無 復 馳 逸 內 外 湛 明 入 無 所 入 深 達 十 方 
X13n0285_010:0375a22	十二種類受命元由觀由執元諸類不召於十方界	十 二 種 類 受 命 元 由 觀 由 執 元 諸 類 不 召 於 十 方 界 
X13n0285_010:0375a23	已獲其同精色不沉發現幽秘此則名為識陰區宇。	已 獲 其 同 精 色 不 沉 發 現 幽 秘 此 則 名 為 識 陰 區 宇 
X13n0285_010:0375a24	此仍約識陰習強者於觀行中雖達行空復現湛	此 仍 約 識 陰 習 強 者 於 觀 行 中 雖 達 行 空 復 現 湛 
X13n0285_010:0375b01	明之境界也二種生死皆如長夜今有為行空則	明 之 境 界 也 二 種 生 死 皆 如 長 夜 今 有 為 行 空 則 
X13n0285_010:0375b02	於圓淨涅槃天將大明悟偏真行空則於方便淨	於 圓 淨 涅 槃 天 將 大 明 悟 偏 真 行 空 則 於 方 便 淨 
X13n0285_010:0375b03	涅槃天將大明悟二邊行空則於性淨涅槃天將	涅 槃 天 將 大 明 悟 二 邊 行 空 則 於 性 淨 涅 槃 天 將 
X13n0285_010:0375b04	大明悟也六根者識陰之所執受行陰之所開合	大 明 悟 也 六 根 者 識 陰 之 所 執 受 行 陰 之 所 開 合 
X13n0285_010:0375b05	於觀行中行陰已破故虗靜而無復馳逸識陰尚	於 觀 行 中 行 陰 已 破 故 虗 靜 而 無 復 馳 逸 識 陰 尚 
X13n0285_010:0375b06	存故無入而猶言內外葢識性即如來藏但以無	存 故 無 入 而 猶 言 內 外 葢 識 性 即 如 來 藏 但 以 無 
X13n0285_010:0375b07	明覆蔽如頻伽瓶之隔越虗空妄成內外故名為	明 覆 蔽 如 頻 伽 瓶 之 隔 越 虗 空 妄 成 內 外 故 名 為 
X13n0285_010:0375b08	陰陰當破故似有所入識性藏性本非二性如內	陰 陰 當 破 故 似 有 所 入 識 性 藏 性 本 非 二 性 如 內 
X13n0285_010:0375b09	空外空本非二空故元無所入也行陰既破識陰	空 外 空 本 非 二 空 故 元 無 所 入 也 行 陰 既 破 識 陰 
X13n0285_010:0375b10	現前所以深達十二類生受命元由以此識陰正	現 前 所 以 深 達 十 二 類 生 受 命 元 由 以 此 識 陰 正 
X13n0285_010:0375b11	所謂去後來先作主翁者故也無樞穴故其由可	所 謂 去 後 來 先 作 主 翁 者 故 也 無 樞 穴 故 其 由 可 
X13n0285_010:0375b12	觀無遷流故其元可執無生機故諸類不召了知	觀 無 遷 流 故 其 元 可 執 無 生 機 故 諸 類 不 召 了 知 
X13n0285_010:0375b13	萬法唯識故於十方世間已獲其同觀行既深能	萬 法 唯 識 故 於 十 方 世 間 已 獲 其 同 觀 行 既 深 能 
X13n0285_010:0375b14	見如來藏性故精性妙色不復沉埋幽秘理性從	見 如 來 藏 性 故 精 性 妙 色 不 復 沉 埋 幽 秘 理 性 從 
X13n0285_010:0375b15	此發現此正寂滅現前境界但未忽然超越耳餘	此 發 現 此 正 寂 滅 現 前 境 界 但 未 忽 然 超 越 耳 餘 
X13n0285_010:0375b16	如圓通中釋。三懸示識陰盡相。	如 圓 通 中 釋 三 懸 示 識 陰 盡 相 
X13n0285_010:0375b17	若於羣召已獲同中銷磨六門合開成就見聞通隣	若 於 羣 召 已 獲 同 中 銷 磨 六 門 合 開 成 就 見 聞 通 隣 
X13n0285_010:0375b18	互用清淨十方世界及與身心如吠瑠璃內外明徹	互 用 清 淨 十方世界 及 與 身 心 如 吠 瑠 璃 內 外 明 徹 
X13n0285_010:0375b19	名識陰盡是人則能超越命濁。	名 識 陰 盡 是 人 則 能 超 越 命 濁 
X13n0285_010:0375b20	羣召即牒前諸類不召獲同即牒前於十方界已	羣 召 即 牒 前 諸 類 不 召 獲 同 即 牒 前 於 十 方 界 已 
X13n0285_010:0375b21	獲其同也以六根為一根用名合成就以一根為	獲 其 同 也 以 六 根 為 一 根 用 名 合 成 就 以 一 根 為 
X13n0285_010:0375b22	六根用名開成就世界身心如吠瑠璃正所謂忽	六 根 用 名 開 成 就 世 界 身 心 如 吠 瑠 璃 正 所 謂 忽 
X13n0285_010:0375b23	然超越世出世間具如圓通中釋。四結示本惟	然 超 越 世出世間 具 如 圓 通 中 釋 四 結 示 本 惟 
X13n0285_010:0375b24	妄想。	妄 想 
X13n0285_010:0375c01	觀其所由罔象虗無顛倒妄想以為其本。	觀 其 所 由 罔 象 虗 無 顛 倒 妄 想 以 為 其 本 
X13n0285_010:0375c02	幻妄似有名為罔象體性空寂名為虗無迷背性	幻 妄 似 有 名 為 罔 象 體 性 空 寂 名 為 虗 無 迷 背 性 
X13n0285_010:0375c03	真名為顛倒更無實法惟此妄想以為其本了知	真 名 為 顛 倒 更 無 實 法 惟 此 妄 想 以 為 其 本 了 知 
X13n0285_010:0375c04	妄想無性則其本尚無識陰何有故曰識陰虗妄	妄 想 無 性 則 其 本 尚 無 識 陰 何 有 故 曰 識 陰 虗 妄 
X13n0285_010:0375c05	本如來藏也。二別明發相十初因所因執(至)十	本 如 來 藏 也 二 別 明 發 相 十 初 因 所 因 執 至 十 
X13n0285_010:0375c06	定性緣覺。今初。	定 性 緣 覺 今 初 
X13n0285_010:0375c07	阿難當知是善男子窮諸行空於識還元已滅生滅	阿 難 當 知 是 善 男 子 窮 諸 行 空 於 識 還 元 已 滅 生 滅 
X13n0285_010:0375c08	而於寂滅精妙未圓能令己身根隔合開亦與十方	而 於 寂 滅 精 妙 未 圓 能 令 己 身 根 隔 合 開 亦 與 十 方 
X13n0285_010:0375c09	諸類通覺覺知通[泳永+曶]能入圓元若於所歸立真常因	諸 類 通 覺 覺 知 通 [泳永曶] 能 入 圓 元 若 於 所 歸 立 真 常 因 
X13n0285_010:0375c10	生勝解者是人則墮因所因執娑毘迦羅所歸冥諦	生 勝 解 者 是 人 則 墮 因 所 因 執 娑 毘 迦 羅 所 歸 冥 諦 
X13n0285_010:0375c11	成其伴侶迷佛菩提亡失知見是名第一立所得心	成 其 伴 侶 迷 佛 菩 提 亡 失 知 見 是 名 第 一 立 所 得 心 
X13n0285_010:0375c12	成所歸果違遠圓通背涅槃城生外道種。	成 所 歸 果 違 遠 圓 通 背 涅 槃 城 生 外 道 種 
X13n0285_010:0375c13	言觀行中已能窮究諸行性空將於識性伏還元	言 觀 行 中 已 能 窮 究 諸 行 性 空 將 於 識 性 伏 還 元 
X13n0285_010:0375c14	覺生滅既滅寂滅現前但以尚有寂滅境界當情	覺 生 滅 既 滅 寂 滅 現 前 但 以 尚 有 寂 滅 境 界 當 情 
X13n0285_010:0375c15	故云精妙未圓此時六根漸得清淨故云能令己	故 云 精 妙 未 圓 此 時 六 根 漸 得 清 淨 故 云 能 令 己 
X13n0285_010:0375c16	身根隔合開能知心佛眾生三無差別故云亦於	身 根 隔 合 開 能 知 心 佛 眾 生 三無差別 故 云 亦 於 
X13n0285_010:0375c17	十方諸類通覺也此圓元境雖復本如來藏全屬	十 方 諸 類 通 覺 也 此 圓 元 境 雖 復 本 如 來 藏 全 屬 
X13n0285_010:0375c18	顛倒妄想以其離彼色受想行別有圓元非是頭	顛 倒 妄 想 以 其 離 彼 色 受 想 行 別 有 圓 元 非 是 頭 
X13n0285_010:0375c19	頭法法皆圓元故是故此非真常不應妄生勝解	頭 法 法 皆 圓 元 故 是 故 此 非 真 常 不 應 妄 生 勝 解 
X13n0285_010:0375c20	若誤立此以為所歸而云此是萬法生因此因是	若 誤 立 此 以 為 所 歸 而 云 此 是 萬 法 生 因 此 因 是 
X13n0285_010:0375c21	常萬法無常則為非因計因便墮因所因執蓋娑	常 萬 法 無 常 則 為 非 因 計 因 便 墮 因 所 因 執 蓋 娑 
X13n0285_010:0375c22	毘迦羅亦是於禪觀中以第六識分別第八識體	毘 迦 羅 亦 是 於 禪 觀 中 以 第 六 識 分 別 第 八 識 體 
X13n0285_010:0375c23	不知惟是如來藏性循業發現妄起法執前文所	不 知 惟 是 如 來 藏 性 循 業 發 現 妄 起 法 執 前 文 所 
X13n0285_010:0375c24	謂拘舍離等昧為冥諦是也今由過在立字及勝	謂 拘 舍 離 等 昧 為 冥 諦 是 也 今 由 過 在 立 字 及 勝 
X13n0285_010:0376a01	解字便令真修却成外道故名曰墮。二能非能	解 字 便 令 真 修 却 成 外 道 故 名 曰 墮 二 能 非 能 
X13n0285_010:0376a02	執。	執 
X13n0285_010:0376a03	阿難又善男子窮諸行空已滅生滅而於寂滅精妙	阿 難 又 善 男 子 窮 諸 行 空 已 滅 生 滅 而 於 寂 滅 精 妙 
X13n0285_010:0376a04	未圓若於所歸覽為自體盡虗空界十二類內所有	未 圓 若 於 所 歸 覽 為 自 體 盡 虗 空 界 十 二 類 內 所 有 
X13n0285_010:0376a05	眾生皆我身中一類流出生勝解者是人則墮能非	眾 生 皆 我 身 中 一 類 流 出 生 勝 解 者 是 人 則 墮 能 非 
X13n0285_010:0376a06	能執摩醯首羅現無邊身成其伴侶迷佛菩提亡失	能 執 摩 醯 首 羅 現 無 邊 身 成 其 伴 侶 迷 佛 菩 提 亡 失 
X13n0285_010:0376a07	知見是名第二立能為心成能事果違遠圓通背涅	知 見 是 名 第 二 立 能 為 心 成 能 事 果 違 遠 圓 通 背 涅 
X13n0285_010:0376a08	槃城生大慢天我徧圓種。	槃 城 生 大 慢 天 我 徧 圓 種 
X13n0285_010:0376a09	前計八識為他而成法執今計八識為自而成我	前 計 八 識 為 他 而 成 法 執 今 計 八 識 為 自 而 成 我 
X13n0285_010:0376a10	執也非能而妄計為能故云能非能執摩醯首羅	執 也 非 能 而 妄 計 為 能 故 云 能 非 能 執 摩 醯 首 羅 
X13n0285_010:0376a11	此云大自在三目八臂。三常非常執。	此 云 大 自 在 三 目 八 臂 三 常 非 常 執 
X13n0285_010:0376a12	又善男子窮諸行空已滅生滅而於寂滅精妙未圓	又 善 男 子 窮 諸 行 空 已 滅 生 滅 而 於 寂 滅 精 妙 未 圓 
X13n0285_010:0376a13	若於所歸有所歸依自疑身心從彼流出十方虗空	若 於 所 歸 有 所 歸 依 自 疑 身 心 從 彼 流 出 十 方 虗 空 
X13n0285_010:0376a14	咸其生起即於都起所宣流地作真常身無生滅解	咸 其 生 起 即 於 都 起 所 宣 流 地 作 真 常 身 無 生 滅 解 
X13n0285_010:0376a15	在生滅中早計常住既惑不生亦迷生滅安住沉迷	在 生 滅 中 早 計 常 住 既 惑 不 生 亦 迷 生 滅 安 住 沉 迷 
X13n0285_010:0376a16	生勝解者是人則墮常非常執計自在天成其伴侶	生 勝 解 者 是 人 則 墮 常 非 常 執 計 自 在 天 成 其 伴 侶 
X13n0285_010:0376a17	迷佛菩提亡失知見是名第三立因依心成妄計果	迷 佛 菩 提 亡 失 知 見 是 名 第 三 立 因 依 心 成 妄 計 果 
X13n0285_010:0376a18	違遠圓通背涅槃城生倒圓種。	違 遠 圓 通 背 涅 槃 城 生 倒 圓 種 
X13n0285_010:0376a19	此與冥諦異者冥諦計他法此計他天也天非常	此 與 冥 諦 異 者 冥 諦 計 他 法 此 計 他 天 也 天 非 常 
X13n0285_010:0376a20	住妄計為常故云常非常執本是心生天地反謂	住 妄 計 為 常 故 云 常 非 常 執 本 是 心 生 天 地 反 謂 
X13n0285_010:0376a21	天地生人故名倒圓。四知無知執。	天 地 生 人 故 名 倒 圓 四 知 無 知 執 
X13n0285_010:0376a22	又善男子窮諸行空已滅生滅而於寂滅精妙未圓	又 善 男 子 窮 諸 行 空 已 滅 生 滅 而 於 寂 滅 精 妙 未 圓 
X13n0285_010:0376a23	若於所知知徧圓故因知立解十方草木皆稱有情	若 於 所 知 知 徧 圓 故 因 知 立 解 十 方 草 木 皆 稱 有 情 
X13n0285_010:0376a24	與人無異草木為人人死還成十方草樹無擇徧知	與 人 無 異 草 木 為 人 人 死 還 成 十 方 草 樹 無 擇 徧 知 
X13n0285_010:0376b01	生勝解者是人則墮知無知執婆吒霰尼執一切覺	生 勝 解 者 是 人 則 墮 知 無 知 執 婆 吒 霰 尼 執 一 切 覺 
X13n0285_010:0376b02	成其伴侶迷佛菩提亡失知見是名第四計圓知心	成 其 伴 侶 迷 佛 菩 提 亡 失 知 見 是 名 第 四 計 圓 知 心 
X13n0285_010:0376b03	成虗謬果違遠圓通背涅槃城生倒知種。	成 虗 謬 果 違 遠 圓 通 背 涅 槃 城 生 倒 知 種 
X13n0285_010:0376b04	無知而妄執為知故名知無知執婆吒霰尼二外	無 知 而 妄 執 為 知 故 名 知 無 知 執 婆 吒 霰 尼 二 外 
X13n0285_010:0376b05	道名也夫所言無情有性者謂一切法皆第八識	道 名 也 夫 所 言 無 情 有 性 者 謂 一 切 法 皆 第 八 識 
X13n0285_010:0376b06	之相分皆與如來藏性相應故曰此見及緣元是	之 相 分 皆 與 如 來 藏 性 相 應 故 曰 此 見 及 緣 元 是 
X13n0285_010:0376b07	菩提妙淨明體今不達性空道理却執草木有命	菩 提 妙 淨 明 體 今 不 達 性 空 道 理 却 執 草 木 有 命 
X13n0285_010:0376b08	虗謬甚矣然不得因此遂謂無情但是法性不是	虗 謬 甚 矣 然 不 得 因 此 遂 謂 無 情 但 是 法 性 不 是 
X13n0285_010:0376b09	佛性也以法佛無二性故。五生無生執。	佛 性 也 以 法 佛 無 二 性 故 五 生 無 生 執 
X13n0285_010:0376b10	又善男子窮諸行空已滅生滅而於寂滅精妙未圓	又 善 男 子 窮 諸 行 空 已 滅 生 滅 而 於 寂 滅 精 妙 未 圓 
X13n0285_010:0376b11	若於圓融根互用中已得隨順(見一切法皆能互圓發生勝果)便於	若 於 圓 融 根 互 用 中 已 得 隨 順 見 一 切 法 皆 能 互 圓 發 生 勝 果 便 於 
X13n0285_010:0376b12	圓化一切發生(之中或)求火光明(或)樂水清淨(或)愛風	圓 化 一 切 發 生 之 中 或 求 火 光 明 或 樂 水 清 淨 或 愛 風 
X13n0285_010:0376b13	周流(或)觀塵(能)成就各各崇事(妄)以此羣塵(為)發(生造)	周 流 或 觀 塵 能 成 就 各 各 崇 事 妄 以 此 羣 塵 為 發 生 造 
X13n0285_010:0376b14	作(之)本因立常住解是人則墮生無生執諸迦葉波	作 之 本 因 立 常 住 解 是 人 則 墮 生 無 生 執 諸 迦 葉 波 
X13n0285_010:0376b15	并婆羅門勤心役身事火崇水求出生死成其伴侶	并 婆 羅 門 勤 心 役 身 事 火 崇 水 求 出 生 死 成 其 伴 侶 
X13n0285_010:0376b16	迷佛菩提亡失知見是名第五計著崇事迷心從物	迷 佛 菩 提 亡 失 知 見 是 名 第 五 計 著 崇 事 迷 心 從 物 
X13n0285_010:0376b17	立妄求因求妄冀果違遠圓通背涅槃城生顛化種。	立 妄 求 因 求 妄 冀 果 違 遠 圓 通 背 涅 槃 城 生 顛 化 種 
X13n0285_010:0376b18	四大無生而妄計為能生之本故名生無生執葢	四 大 無 生 而 妄 計 為 能 生 之 本 故 名 生 無 生 執 葢 
X13n0285_010:0376b19	不知如來藏中性具四大清淨本然周徧法界故	不 知 如 來 藏 中 性 具 四 大 清 淨 本 然 周 徧 法 界 故 
X13n0285_010:0376b20	能隨眾生心應所知量循業發現而直計四大為	能 隨 眾 生 心 應 所 知 量 循 業 發 現 而 直 計 四 大 為 
X13n0285_010:0376b21	圓融妙性此則錯解惟地惟水惟火惟風法門而	圓 融 妙 性 此 則 錯 解 惟 地 惟 水 惟 火 惟 風 法 門 而 
X13n0285_010:0376b22	謬同天壤矣。六歸無歸執。	謬 同 天 壤 矣 六 歸 無 歸 執 
X13n0285_010:0376b23	又善男子窮諸行空已滅生滅而於寂滅精妙未圓	又 善 男 子 窮 諸 行 空 已 滅 生 滅 而 於 寂 滅 精 妙 未 圓 
X13n0285_010:0376b24	若於圓明計(此)明中(本自)虗(寂遂欲)非滅羣化以永滅依	若 於 圓 明 計 此 明 中 本 自 虗 寂 遂 欲 非 滅 羣 化 以 永 滅 依 
X13n0285_010:0376c01	為所歸依生勝解者是人則墮歸無歸執無想天中	為 所 歸 依 生 勝 解 者 是 人 則 墮 歸 無 歸 執 無 想 天 中 
X13n0285_010:0376c02	(及四空人)諸舜若多成其伴侶迷佛菩提亡失知見是名	 及 四 空 人 諸 舜 若 多 成 其 伴 侶 迷 佛 菩 提 亡 失 知 見 是 名 
X13n0285_010:0376c03	第六圓虗無心成空亡果違遠圓通背涅槃城生斷	第 六 圓 虗 無 心 成 空 亡 果 違 遠 圓 通 背 涅 槃 城 生 斷 
X13n0285_010:0376c04	滅種。	滅 種 
X13n0285_010:0376c05	非歸而妄計為所歸故云歸無歸執無想天中令	非 歸 而 妄 計 為 所 歸 故 云 歸 無 歸 執 無 想 天 中 令 
X13n0285_010:0376c06	不恒行心心所滅諸舜若多令彼有對色法銷滅	不 恒 行 心 心 所 滅 諸 舜 若 多 令 彼 有 對 色 法 銷 滅 
X13n0285_010:0376c07	皆計虗無而成斷滅也。七貪非貪執。	皆 計 虗 無 而 成 斷 滅 也 七 貪 非 貪 執 
X13n0285_010:0376c08	又善男子窮諸行空已滅生滅而於寂滅精妙未圓	又 善 男 子 窮 諸 行 空 已 滅 生 滅 而 於 寂 滅 精 妙 未 圓 
X13n0285_010:0376c09	若於圓常(之中即欲)固身常住(使其)同於精圓長不傾逝生	若 於 圓 常 之 中 即 欲 固 身 常 住 使 其 同 於 精 圓 長 不 傾 逝 生 
X13n0285_010:0376c10	勝解者是人則墮貪非貪執諸阿斯陀求長命者成	勝 解 者 是 人 則 墮 貪 非 貪 執 諸 阿 斯 陀 求 長 命 者 成 
X13n0285_010:0376c11	其伴侶迷佛菩提亡失知見是名第七執著命元立	其 伴 侶 迷 佛 菩 提 亡 失 知 見 是 名 第 七 執 著 命 元 立 
X13n0285_010:0376c12	固妄因趣長勞果違遠圓通背涅槃城生妄延種。	固 妄 因 趣 長 勞 果 違 遠 圓 通 背 涅 槃 城 生 妄 延 種 
X13n0285_010:0376c13	非所應貪而妄貪故云貪非貪執阿斯陀此翻無	非 所 應 貪 而 妄 貪 故 云 貪 非 貪 執 阿 斯 陀 此 翻 無 
X13n0285_010:0376c14	比長壽仙名虗妄色身全屬塵勞今欲固之則長	比 長 壽 仙 名 虗 妄 色 身 全 屬 塵 勞 今 欲 固 之 則 長 
X13n0285_010:0376c15	勞矣。八真無真執。	勞 矣 八 真 無 真 執 
X13n0285_010:0376c16	又善男子窮諸行空已滅生滅而於寂滅精妙未圓	又 善 男 子 窮 諸 行 空 已 滅 生 滅 而 於 寂 滅 精 妙 未 圓 
X13n0285_010:0376c17	(若)觀(此)命(元)互通(遂乃)却留塵勞恐共銷盡便於此際	 若 觀 此 命 元 互 通 遂 乃 却 留 塵 勞 恐 共 銷 盡 便 於 此 際 
X13n0285_010:0376c18	坐蓮華宮廣化七珍多增寶媛恣縱其心生勝解者	坐 蓮 華 宮 廣 化 七 珍 多 增 寶 媛 恣 縱 其 心 生 勝 解 者 
X13n0285_010:0376c19	是人則墮真無真執吒枳迦羅成其伴侶迷佛菩提	是 人 則 墮 真 無 真 執 吒 枳 迦 羅 成 其 伴 侶 迷 佛 菩 提 
X13n0285_010:0376c20	亡失知見是名第八發邪思因立熾塵果違遠圓通	亡 失 知 見 是 名 第 八 發 邪 思 因 立 熾 塵 果 違 遠 圓 通 
X13n0285_010:0376c21	背涅槃城生天魔種。	背 涅 槃 城 生 天 魔 種 
X13n0285_010:0376c22	無真而妄執為真故云真無真執媛美女也吒枳	無 真 而 妄 執 為 真 故 云 真 無 真 執 媛 美 女 也 吒 枳 
X13n0285_010:0376c23	迦羅亦魔王名。九定性聲聞。	迦 羅 亦 魔 王 名 九 定 性 聲 聞 
X13n0285_010:0376c24	又善男子窮諸行空已滅生滅而於寂滅精妙未圓	又 善 男 子 窮 諸 行 空 已 滅 生 滅 而 於 寂 滅 精 妙 未 圓 
X13n0285_010:0377a01	於命明中分別精麤疏決真偽因果相酬唯求感應	於 命 明 中 分 別 精 麤 疏 決 真 偽 因 果 相 酬 唯 求 感 應 
X13n0285_010:0377a02	背清淨道所謂見苦斷集證滅修道居滅已休更不	背 清 淨 道 所 謂 見 苦 斷 集 證 滅 修 道 居 滅 已 休 更 不 
X13n0285_010:0377a03	前進生勝解者是人則墮定性聲聞諸無聞僧增上	前 進 生 勝 解 者 是 人 則 墮 定 性 聲 聞 諸 無 聞 僧 增 上 
X13n0285_010:0377a04	慢者成其伴侶迷佛菩提亡失知見是名第九圓精	慢 者 成 其 伴 侶 迷 佛 菩 提 亡 失 知 見 是 名 第 九 圓 精 
X13n0285_010:0377a05	應心成趣寂果違遠圓通背涅槃城生纏空種。	應 心 成 趣 寂 果 違 遠 圓 通 背 涅 槃 城 生 纏 空 種 
X13n0285_010:0377a06	命明者識精元明九界壽命之本也妄謂變易細	命 明 者 識 精 元 明 九 界 壽 命 之 本 也 妄 謂 變 易 細 
X13n0285_010:0377a07	相常住為精分段生死形質為麤無漏勝業為真	相 常 住 為 精 分段生死 形 質 為 麤 無 漏 勝 業 為 真 
X13n0285_010:0377a08	有漏雜業為偽變易果酬無漏因分段果酬有漏	有 漏 雜 業 為 偽 變 易 果 酬 無 漏 因 分 段 果 酬 有 漏 
X13n0285_010:0377a09	因故惟以出世道感出世滅背於本自超越世出	因 故 惟 以 出 世 道 感 出 世 滅 背 於 本 自 超 越 世 出 
X13n0285_010:0377a10	世間之清淨道所謂見三界是實苦斷見思之實	世 間 之 清 淨 道 所 謂 見 三 界 是 實 苦 斷 見 思 之 實 
X13n0285_010:0377a11	集為證偏真寂滅乃修無漏真道一得入滅便謂	集 為 證 偏 真 寂 滅 乃 修 無 漏 真 道 一 得 入 滅 便 謂 
X13n0285_010:0377a12	了當不知秪一真諦尚未全彰俗諦中諦何曾知	了 當 不 知 秪 一 真 諦 尚 未 全 彰 俗 諦 中 諦 何 曾 知 
X13n0285_010:0377a13	見但圓精應之因心以成趣寂之小果被空所纏	見 但 圓 精 應 之 因 心 以 成 趣 寂 之 小 果 被 空 所 纏 
X13n0285_010:0377a14	不能迴心出假此真增上慢人出其無聞熏力故	不 能 迴 心 出 假 此 真 增上慢人 出 其 無 聞 熏 力 故 
X13n0285_010:0377a15	也。十定性緣覺。	也 十 定 性 緣 覺 
X13n0285_010:0377a16	又善男子窮諸行空已滅生滅而於寂滅精妙未圓	又 善 男 子 窮 諸 行 空 已 滅 生 滅 而 於 寂 滅 精 妙 未 圓 
X13n0285_010:0377a17	若於圓融清淨覺明發研深妙即立涅槃而不前進	若 於 圓 融 清 淨 覺 明 發 研 深 妙 即 立 涅 槃 而 不 前 進 
X13n0285_010:0377a18	生勝解者是人則墮定性辟支諸緣獨倫不迴心者	生 勝 解 者 是 人 則 墮 定 性 辟 支 諸 緣 獨 倫 不 迴 心 者 
X13n0285_010:0377a19	成其伴侶迷佛菩提亡失知見是名第十圓覺[泳永+曶]心	成 其 伴 侶 迷 佛 菩 提 亡 失 知 見 是 名 第 十 圓 覺 [泳永曶] 心 
X13n0285_010:0377a20	成湛明果違遠圓通背涅槃城生覺圓明不化圓種。	成 湛 明 果 違 遠 圓 通 背 涅 槃 城 生 覺 圓 明 不 化 圓 種 
X13n0285_010:0377a21	圓融清淨覺明徧一切法隨舉一塵罔非全體圓	圓 融 清 淨 覺 明 徧 一 切 法 隨 舉 一 塵 罔 非 全 體 圓 
X13n0285_010:0377a22	明覺性今獨立此深妙之處以為涅槃不知法法	明 覺 性 今 獨 立 此 深 妙 之 處 以 為 涅 槃 不 知 法 法 
X13n0285_010:0377a23	皆深皆妙故雖稱覺悟未臻化圓出有佛世名為	皆 深 皆 妙 故 雖 稱 覺 悟 未 臻 化 圓 出 有 佛 世 名 為 
X13n0285_010:0377a24	緣覺出無佛世名為獨覺仍是定性偏真而已。	緣 覺 出 無 佛 世 名 為 獨 覺 仍 是 定 性 偏 真 而 已 
X13n0285_010:0377b01	三斥邪結正二初斥邪二結正。今初。	三 斥 邪 結 正 二 初 斥 邪 二 結 正 今 初 
X13n0285_010:0377b02	阿難如是十種禪那中途成狂因依迷惑於未足中	阿 難 如 是 十 種 禪 那 中 途 成 狂 因 依 迷 惑 於 未 足 中 
X13n0285_010:0377b03	生滿足證皆是識陰用心交互故生斯位眾生頑迷	生 滿 足 證 皆 是 識 陰 用 心 交 互 故 生 斯 位 眾 生 頑 迷 
X13n0285_010:0377b04	不自忖量逢此現前各以所愛先習迷心而自休息	不 自 忖 量 逢 此 現 前 各 以 所 愛 先 習 迷 心 而 自 休 息 
X13n0285_010:0377b05	將為畢竟所歸寧地自言滿足無上菩提大妄語成	將 為 畢 竟 所 歸 寧 地 自 言 滿 足 無上菩提 大 妄 語 成 
X13n0285_010:0377b06	外道邪魔所感業終墮無間獄聲聞緣覺不成增進	外 道 邪 魔 所 感 業 終 墮 無 間 獄 聲 聞 緣 覺 不 成 增 進 
X13n0285_010:0377b07	汝等存心秉如來道將此法門於我滅後傳示末世	汝 等 存 心 秉 如 來 道 將 此 法 門 於 我 滅 後 傳 示 末 世 
X13n0285_010:0377b08	普令眾生覺了斯義無令見魔自作沉孽保綏哀救	普 令 眾 生 覺 了 斯 義 無 令 見 魔 自 作 沉 孽 保 綏 哀 救 
X13n0285_010:0377b09	消息邪緣令其身心入佛知見從始成就不遭岐路。	消 息 邪 緣 令 其 身 心 入 佛 知 見 從 始 成 就 不 遭 岐 路 
X13n0285_010:0377b10	初卷正示二本即云諸修行人不能得成無上菩	初 卷 正 示 二 本 即 云 諸 修 行 人 不 能 得 成 無 上 菩 
X13n0285_010:0377b11	提乃至別成聲聞緣覺及成外道諸天魔王及魔	提 乃 至 別 成 聲 聞 緣 覺 及 成 外 道 諸 天 魔 王 及 魔 
X13n0285_010:0377b12	眷屬正指此陰魔諸境而言之也外道邪魔所感	眷 屬 正 指 此 陰 魔 諸 境 而 言 之 也 外 道 邪 魔 所 感 
X13n0285_010:0377b13	偽果即是諸天魔眷及十種仙至於業終墮無間	偽 果 即 是 諸 天 魔 眷 及 十 種 仙 至 於 業 終 墮 無 間 
X13n0285_010:0377b14	獄則必更歷鬼畜復形人道乃至或作修羅則修	獄 則 必 更 歷 鬼 畜 復 形 人 道 乃 至 或 作 修 羅 則 修 
X13n0285_010:0377b15	行人適與種種顛倒諸眾生等惟聲聞緣覺得免	行 人 適 與 種 種 顛 倒 諸 眾 生 等 惟 聲 聞 緣 覺 得 免 
X13n0285_010:0377b16	分段苦輪然亦不成增進則變易生死仍在良由	分 段 苦 輪 然 亦 不 成 增 進 則 變易生死 仍 在 良 由 
X13n0285_010:0377b17	不知二種根本迷於常住真心用諸妄想故耳若	不 知 二 種 根 本 迷 於 常 住 真 心 用 諸 妄 想 故 耳 若 
X13n0285_010:0377b18	知二十五門各具五陰虗妄境界只此虗妄五陰	知 二 十 五 門 各 具 五 陰 虗 妄 境 界 只 此 虗 妄 五 陰 
X13n0285_010:0377b19	本皆如來藏性無一可取無一可捨迷之則為二	本 皆 如 來 藏 性 無 一 可 取 無 一 可 捨 迷 之 則 為 二 
X13n0285_010:0377b20	種生死根本悟之則是菩提涅槃元清淨體何至	種 生 死 根 本 悟 之 則 是 菩 提 涅 槃 元 清 淨 體 何 至 
X13n0285_010:0377b21	各以所愛先習迷心而中途成狂也哉見魔亦即	各 以 所 愛 先 習 迷 心 而 中 途 成 狂 也 哉 見 魔 亦 即 
X13n0285_010:0377b22	心魔謂依識陰起於分別我法二執故名見魔須	心 魔 謂 依 識 陰 起 於 分 別 我 法 二 執 故 名 見 魔 須 
X13n0285_010:0377b23	知聲聞緣覺亦是分別法執所攝也。二結正。	知 聲 聞 緣 覺 亦 是 分 別 法 執 所 攝 也 二 結 正 
X13n0285_010:0377b24	如是法門先過去世恒沙劫中微塵如來乘此心開	如 是 法 門 先 過 去 世 恒 沙 劫 中 微 塵 如 來 乘 此 心 開 
X13n0285_010:0377c01	得無上道識陰若盡則汝現前諸根互用從互用中	得 無 上 道 識 陰 若 盡 則 汝 現 前 諸 根 互 用 從 互 用 中 
X13n0285_010:0377c02	能入菩薩金剛乾慧圓明精心於中發化如淨瑠璃	能 入 菩 薩 金 剛 乾 慧 圓 明 精 心 於 中 發 化 如 淨 瑠 璃 
X13n0285_010:0377c03	內含寶月如是乃超十信十住十行十迴向四加行	內 含 寶 月 如 是 乃 超 十 信 十 住 十 行 十 迴 向 四 加 行 
X13n0285_010:0377c04	心菩薩所行金剛十地等覺圓明入於如來妙莊嚴	心 菩薩所行 金 剛 十 地 等 覺 圓 明 入 於 如 來 妙 莊 嚴 
X13n0285_010:0377c05	海圓滿菩提歸無所得。	海 圓 滿 菩 提 歸 無 所 得 
X13n0285_010:0377c06	諸根互用正所謂忽然超越之境界也觀行盡則	諸 根 互 用 正 所 謂 忽 然 超 越 之 境 界 也 觀 行 盡 則 
X13n0285_010:0377c07	入相似便得六根清淨相似盡則入分證便得六	入 相 似 便 得 六 根 清 淨 相 似 盡 則 入 分 證 便 得 六 
X13n0285_010:0377c08	根互用分證盡則階究竟便能入於菩薩金剛乾	根 互 用 分 證 盡 則 階 究 竟 便 能 入 於 菩 薩 金 剛 乾 
X13n0285_010:0377c09	慧究竟盡則第八識轉成大圓鏡智前五識轉為	慧 究 竟 盡 則 第 八 識 轉 成 大圓鏡智 前 五 識 轉 為 
X13n0285_010:0377c10	成所作智故圓明精心於中發化三類分身徧息	成所作智 故 圓 明 精 心 於 中 發 化 三 類 分 身 徧 息 
X13n0285_010:0377c11	苦輪惟如如理及如如智內外明徹譬如瑠璃內	苦 輪 惟 如 如 理 及 如 如 智 內 外 明 徹 譬 如 瑠 璃 內 
X13n0285_010:0377c12	含寶月頓超信住行向地等而成妙覺無上道也	含 寶 月 頓 超 信 住 行 向 地 等 而 成 妙 覺 無 上 道 也 
X13n0285_010:0377c13	言如是乃超者正明圓頓行人一超直入不藉劬	言 如 是 乃 超 者 正 明 圓 頓 行 人 一 超 直 入 不 藉 劬 
X13n0285_010:0377c14	勞肯綮修證也又互用中即能超入金剛乾慧從	勞 肯 綮 修 證 也 又 互 用 中 即 能 超 入 金 剛 乾 慧 從 
X13n0285_010:0377c15	金剛乾慧又即超入妙莊嚴海則重重單複十二	金 剛 乾 慧 又 即 超 入 妙 莊 嚴 海 則 重 重 單 複 十 二 
X13n0285_010:0377c16	之義亦成譬如利刀一截千紙大鵬一舉九萬直	之 義 亦 成 譬 如 利 刀 一 截 千 紙 大 鵬 一 舉 九 萬 直 
X13n0285_010:0377c17	是迅速然非總廢諸位又超字有二義一者剎那	是 迅 速 然 非 總 廢 諸 位 又 超 字 有 二 義 一 者 剎 那 
X13n0285_010:0377c18	頓證為超二者雖歷塵劫但以不遭枝岐中間永	頓 證 為 超 二 者 雖 歷 塵 劫 但 以 不 遭 枝 岐 中 間 永 
X13n0285_010:0377c19	無諸委曲相亦名為超也妙莊嚴海即萬行究竟	無 諸 委 曲 相 亦 名 為 超 也 妙 莊 嚴 海 即 萬 行 究 竟 
X13n0285_010:0377c20	圓滿菩提即智德究竟歸無所得即理體究竟又	圓 滿 菩 提 即 智 德 究 竟 歸 無 所 得 即 理 體 究 竟 又 
X13n0285_010:0377c21	功德莊嚴智慧莊嚴自性清淨莊嚴不縱不橫無	功德莊嚴 智慧莊嚴 自 性 清 淨 莊 嚴 不 縱 不 橫 無 
X13n0285_010:0377c22	二莊嚴故名妙莊嚴海實智菩提圓滿方便菩提	二 莊 嚴 故 名 妙 莊 嚴 海 實 智 菩 提 圓 滿 方 便 菩 提 
X13n0285_010:0377c23	圓滿真性菩提圓滿不縱不橫無二圓滿故名圓	圓 滿 真 性 菩 提 圓 滿 不 縱 不 橫 無 二 圓 滿 故 名 圓 
X13n0285_010:0377c24	滿菩提三諦妙理如頭本不失神珠在衣故理無	滿 菩 提 三 諦 妙 理 如 頭 本 不 失 神 珠 在 衣 故 理 無 
X13n0285_010:0378a01	所得性具萬行如空中鳥跡鏡中羣像故行無所	所 得 性 具 萬 行 如 空 中 鳥 跡 鏡 中 羣 像 故 行 無 所 
X13n0285_010:0378a02	得稱性止觀如日月本明鏡水本照故智無所得	得 稱 性 止 觀 如 日 月 本 明 鏡 水 本 照 故 智 無 所 得 
X13n0285_010:0378a03	不縱不橫無二所歸故名歸無所得彼魔外二乘	不 縱 不 橫 無 二 所 歸 故 名 歸 無 所 得 彼 魔 外 二 乘 
X13n0285_010:0378a04	等由其皆有所得所以皆非究竟也二別明境發	等 由 其 皆 有 所 得 所 以 皆 非 究 竟 也 二 別 明 境 發 
X13n0285_010:0378a05	之相竟。三結勸欽誨遵修。	之 相 竟 三 結 勸 欽 誨 遵 修 
X13n0285_010:0378a06	此是過去先佛世尊奢摩他中毗婆舍那覺明分析	此 是 過 去 先 佛 世 尊 奢 摩 他 中 毗 婆 舍 那 覺 明 分 析 
X13n0285_010:0378a07	微細魔事魔境現前汝能諳識心垢洗除不落邪見	微 細 魔 事 魔 境 現 前 汝 能 諳 識 心 垢 洗 除 不 落 邪 見 
X13n0285_010:0378a08	陰魔銷滅天魔摧碎大力鬼神褫魄逃逝魑魅魍魎	陰 魔 銷 滅 天 魔 摧 碎 大 力 鬼 神 褫 魄 逃 逝 魑 魅 魍 魎 
X13n0285_010:0378a09	無復出生直至菩提無諸少乏下劣增進於大涅槃	無 復 出 生 直 至 菩 提 無 諸 少 乏 下 劣 增 進 於 大 涅 槃 
X13n0285_010:0378a10	心不迷悶若諸末世愚鈍眾生未識禪那不知說法	心 不 迷 悶 若 諸 末 世 愚 鈍 眾 生 未 識 禪 那 不 知 說 法 
X13n0285_010:0378a11	樂修三昧汝恐同邪一心勸令持我佛頂陀羅尼呪	樂 修 三 昧 汝 恐 同 邪 一 心 勸 令 持 我 佛 頂 陀羅尼呪 
X13n0285_010:0378a12	若未能誦寫於禪堂或帶身上一切諸魔所不能動	若 未 能 誦 寫 於 禪 堂 或 帶 身 上 一 切 諸 魔 所 不 能 動 
X13n0285_010:0378a13	汝當恭欽十方如來究竟修進最後垂範。	汝 當 恭 欽 十 方 如 來 究 竟 修 進 最 後 垂 範 
X13n0285_010:0378a14	文有二節從初至心不迷悶結勸遵修顯教從若	文 有 二 節 從 初 至 心 不 迷 悶 結 勸 遵 修 顯 教 從 若 
X13n0285_010:0378a15	諸末世訖文結勸遵修密詮也初文可知次文愚	諸 末 世 訖 文 結 勸 遵 修 密 詮 也 初 文 可 知 次 文 愚 
X13n0285_010:0378a16	鈍眾生言其無多聞性而已非謂茫如白羊者也	鈍 眾 生 言 其 無 多 聞 性 而 已 非 謂 茫 如 白 羊 者 也 
X13n0285_010:0378a17	乏智慧故未識中道禪那妙理缺辯才故不知說	乏 智 慧 故 未 識 中 道 禪 那 妙 理 缺 辯 才 故 不 知 說 
X13n0285_010:0378a18	於修行法要但已發真正菩提之心決欲超生脫	於 修 行 法 要 但 已 發 真 正 菩提之心 決 欲 超 生 脫 
X13n0285_010:0378a19	死證入圓通故樂修三昧也此必親近明師秉承	死 證 入 圓 通 故 樂 修 三 昧 也 此 必 親 近 明 師 秉 承 
X13n0285_010:0378a20	教示於此二十五門稱其所宜隨依一種修行事	教 示 於 此 二 十 五 門 稱 其 所 宜 隨 依 一 種 修 行 事 
X13n0285_010:0378a21	非一概然雖有師承仍須呪護驗知末世師匠既	非 一 概 然 雖 有 師 承 仍 須 呪 護 驗 知 末 世 師 匠 既 
X13n0285_010:0378a22	不諳於此經持呪又不合於軌式其不同邪者幾	不 諳 於 此 經 持 呪 又 不 合 於 軌 式 其 不 同 邪 者 幾 
X13n0285_010:0378a23	希矣以上初正明禪境竟。二更斷餘疑二初疑	希 矣 以 上 初 正 明 禪 境 竟 二 更 斷 餘 疑 二 初 疑 
X13n0285_010:0378a24	問二答釋。初中三初領前法二騰三問三總請	問 二 答 釋 初 中 三 初 領 前 法 二 騰 三 問 三 總 請 
X13n0285_010:0378b01	答。今初。	答 今 初 
X13n0285_010:0378b02	阿難即從座起聞佛示誨頂禮欽奉憶持無失於大	阿 難 即 從 座 起 聞 佛 示 誨 頂 禮 欽 奉 憶 持 無 失 於 大 
X13n0285_010:0378b03	眾中重復白佛。	眾 中 重 復 白 佛 
X13n0285_010:0378b04	二騰三問即為三初問陰本妄想二問併銷次第	二 騰 三 問 即 為 三 初 問 陰 本 妄 想 二 問 併 銷 次 第 
X13n0285_010:0378b05	三問詣何為界。今初。	三 問 詣 何 為 界 今 初 
X13n0285_010:0378b06	如佛所言五陰相中五種虗妄為本想心我等平常	如 佛 所 言 五 陰 相 中 五 種 虗 妄 為 本 想 心 我 等 平 常 
X13n0285_010:0378b07	未蒙如來微細開示。	未 蒙 如 來 微 細 開 示 
X13n0285_010:0378b08	此問五陰何故惟是五種妄想為本更無他本耶。	此 問 五 陰 何 故 惟 是 五 種 妄 想 為 本 更 無 他 本 耶 
X13n0285_010:0378b09	二問併銷次第。	二 問 併 銷 次 第 
X13n0285_010:0378b10	又此五陰為併銷除為次第盡。	又 此 五 陰 為 併 銷 除 為 次 第 盡 
X13n0285_010:0378b11	三問詣何為界。	三 問 詣 何 為 界 
X13n0285_010:0378b12	如是五重詣何為界。	如 是 五 重 詣 何 為 界 
X13n0285_010:0378b13	三總請答。	三 總 請 答 
X13n0285_010:0378b14	惟願如來發宣大慈為此大眾清明心目以為末世	惟 願 如 來 發 宣 大 慈 為 此 大 眾 清 明 心 目 以 為 末 世 
X13n0285_010:0378b15	一切眾生作將來眼。	一 切 眾 生 作 將 來 眼 
X13n0285_010:0378b16	二答釋二初正答所問二結勸傳示。初中三初	二 答 釋 二 初 正 答 所 問 二 結 勸 傳 示 初 中 三 初 
X13n0285_010:0378b17	廣答陰本妄想二超答詣何為界三追答併銷次	廣 答 陰 本 妄 想 二 超 答 詣 何 為 界 三 追 答 併 銷 次 
X13n0285_010:0378b18	第。初又三初總明二別示三結成。今初。	第 初 又 三 初 總 明 二 別 示 三 結 成 今 初 
X13n0285_010:0378b19	佛告阿難精真妙明本覺圓淨非留死生及諸塵垢	佛 告 阿 難 精 真 妙 明 本 覺 圓 淨 非 留 死 生 及 諸 塵 垢 
X13n0285_010:0378b20	乃至虗空皆因妄想之所生起斯元本覺妙明真精	乃 至 虗 空 皆 因 妄 想 之 所 生 起 斯 元 本 覺 妙 明 真 精 
X13n0285_010:0378b21	妄以發生諸器世間如演若多迷頭認影妄元無因	妄 以 發 生 諸 器 世 間 如 演 若 多 迷 頭 認 影 妄 元 無 因 
X13n0285_010:0378b22	於妄想中立因緣性迷因緣者稱為自然彼虗空性	於 妄 想 中 立 因 緣 性 迷 因 緣 者 稱 為 自 然 彼 虗 空 性 
X13n0285_010:0378b23	猶實幻生因緣自然皆是眾生妄心計度阿難知妄	猶 實 幻 生 因 緣 自 然 皆 是 眾 生 妄 心 計 度 阿 難 知 妄 
X13n0285_010:0378b24	所起說妄因緣若妄元無說妄因緣元無所有何況	所 起 說 妄 因 緣 若 妄 元 無 說 妄 因 緣 元 無 所 有 何 況 
X13n0285_010:0378c01	不知推自然者是故如來與汝發明五陰本因同是	不 知 推 自 然 者 是 故 如 來 與 汝 發 明 五 陰 本 因 同 是 
X13n0285_010:0378c02	妄想。	妄 想 
X13n0285_010:0378c03	精真妙明本覺圓淨亦指現前一念心之實性而	精 真 妙 明 本 覺 圓 淨 亦 指 現 前 一 念 心 之 實 性 而 
X13n0285_010:0378c04	言之也不雜名精不妄名真妙明者寂而常照也	言 之 也 不 雜 名 精 不 妄 名 真 妙 明 者 寂 而 常 照 也 
X13n0285_010:0378c05	從來無不覺故名為本覺圓淨者照而常寂也死	從 來 無 不 覺 故 名 為 本 覺 圓 淨 者 照 而 常 寂 也 死 
X13n0285_010:0378c06	生徧指分段變易塵垢徧指九界惑業知妄所起	生 徧 指 分 段 變 易 塵 垢 徧 指 九 界 惑 業 知 妄 所 起 
X13n0285_010:0378c07	謂知其無起而妄有緣起所以強說虗妄因緣此	謂 知 其 無 起 而 妄 有 緣 起 所 以 強 說 虗 妄 因 緣 此 
X13n0285_010:0378c08	如以藥療病也若了知妄體元無起非實起會須	如 以 藥 療 病 也 若 了 知 妄 體 元 無 起 非 實 起 會 須 
X13n0285_010:0378c09	說妄因緣亦復元無所有此如病去藥除也葢知	說 妄 因 緣 亦 復 元 無 所 有 此 如 病 去 藥 除 也 葢 知 
X13n0285_010:0378c10	妄所起秪是不變隨緣達妄元無秪是隨緣不變	妄 所 起 秪 是 不 變 隨 緣 達 妄 元 無 秪 是 隨 緣 不 變 
X13n0285_010:0378c11	斯則因緣二字已屬強名何況更欲推為自然者	斯 則 因 緣 二 字 已 屬 強 名 何 況 更 欲 推 為 自 然 者 
X13n0285_010:0378c12	耶是故發明五陰本因同是妄想夫既曰妄想為	耶 是 故 發 明 五 陰 本 因 同 是 妄 想 夫 既 曰 妄 想 為 
X13n0285_010:0378c13	本謂之說妄因緣可也既惟妄想為本妄豈有本	本 謂 之 說 妄 因 緣 可 也 既 惟 妄 想 為 本 妄 豈 有 本 
X13n0285_010:0378c14	謂之元無所有可也。二別示即為五初明色陰	謂 之 元 無 所 有 可 也 二 別 示 即 為 五 初 明 色 陰 
X13n0285_010:0378c15	惟是堅固妄想(至)五明識陰惟是顛倒妄想。今	惟 是 堅 固 妄 想 至 五 明 識 陰 惟 是 顛 倒 妄 想 今 
X13n0285_010:0378c16	初。	初 
X13n0285_010:0378c17	汝體先因父母想生汝心非想則不能來想中傳命	汝 體 先 因 父 母 想 生 汝 心 非 想 則 不 能 來 想 中 傳 命 
X13n0285_010:0378c18	如我先言心想醋味口中涎生心想登高足心酸起	如 我 先 言 心 想 醋 味 口 中 涎 生 心 想 登 高 足 心 酸 起 
X13n0285_010:0378c19	懸崖不有醋物未來(設使)汝(之色)體必非虗妄通倫(則此)口	懸 崖 不 有 醋 物 未 來 設 使 汝 之 色 體 必 非 虗 妄 通 倫 則 此 口 
X13n0285_010:0378c20	水如何因談醋出是故當知汝現色身名為堅固第	水 如 何 因 談 醋 出 是故當知 汝 現 色 身 名 為 堅 固 第 
X13n0285_010:0378c21	一妄想。	一 妄 想 
X13n0285_010:0378c22	人謂色有實法不知惟是堅固妄想而已妄想謂	人 謂 色 有 實 法 不 知 惟 是 堅 固 妄 想 而 已 妄 想 謂 
X13n0285_010:0378c23	之堅固豈真有堅固哉試觀口水惟想所成一切	之 堅 固 豈 真 有 堅 固 哉 試 觀 口 水 惟 想 所 成 一 切 
X13n0285_010:0378c24	色法亦如是矣。二明受陰惟是虗明妄想。	色 法 亦 如 是 矣 二 明 受 陰 惟 是 虗 明 妄 想 
X13n0285_010:0379a01	即此所說臨高想心能令汝形真受酸澀由因受生	即 此 所 說 臨 高 想 心 能 令 汝 形 真 受 酸 澀 由 因 受 生 
X13n0285_010:0379a02	能動色體(則知)汝今現前順益違損二現驅馳名為虗	能 動 色 體 則 知 汝 今 現 前 順 益 違 損 二 現 驅 馳 名 為 虗 
X13n0285_010:0379a03	明第二妄想。	明 第 二 妄 想 
X13n0285_010:0379a04	順之則益違之則損人謂實有違順二境以為所	順 之 則 益 違 之 則 損 人 謂 實 有 違 順 二 境 以 為 所 
X13n0285_010:0379a05	受不知惟是虗明妄想而已妄想謂有所明豈真	受 不 知 惟 是 虗 明 妄 想 而 已 妄 想 謂 有 所 明 豈 真 
X13n0285_010:0379a06	有所明哉足心酸澀惟想所成一切諸受亦如是	有 所 明 哉 足 心 酸 澀 惟 想 所 成 一 切 諸 受 亦 如 是 
X13n0285_010:0379a07	矣。三明想陰惟是融通妄想。	矣 三 明 想 陰 惟 是 融 通 妄 想 
X13n0285_010:0379a08	由汝念慮使汝色身身非念倫汝身何因隨念所使	由 汝 念 慮 使 汝 色 身 身 非 念 倫 汝 身 何 因 隨 念 所 使 
X13n0285_010:0379a09	種種取像心生形取與念相應寤即想心寐為諸夢	種 種 取 像 心 生 形 取 與 念 相 應 寤 即 想 心 寐 為 諸 夢 
X13n0285_010:0379a10	則汝想念搖動妄情名為融通第三妄想。	則 汝 想 念 搖 動 妄 情 名 為 融 通 第 三 妄 想 
X13n0285_010:0379a11	前後四陰既云惟是妄想為本此之想陰又豈更	前 後 四 陰 既 云 惟 是 妄 想 為 本 此 之 想 陰 又 豈 更 
X13n0285_010:0379a12	有他本即以妄想所現之境還為妄想所依是故	有 他 本 即 以 妄 想 所 現 之 境 還 為 妄 想 所 依 是 故 
X13n0285_010:0379a13	色受二陰則明想外無境今之想陰須明境外無	色 受 二 陰 則 明 想 外 無 境 今 之 想 陰 須 明 境 外 無 
X13n0285_010:0379a14	想只此所想之境但是隨想所成除却融通妄想	想 只 此 所 想 之 境 但 是 隨 想 所 成 除 却 融 通 妄 想 
X13n0285_010:0379a15	豈復更有本哉葢人謂色心兩法寤寐二境決定	豈 復 更 有 本 哉 葢 人 謂 色 心 兩 法 寤 寐 二 境 決 定 
X13n0285_010:0379a16	不相融通今試觀由汝念慮便能使汝色身設使	不 相 融 通 今 試 觀 由 汝 念 慮 便 能 使 汝 色 身 設 使 
X13n0285_010:0379a17	身非念倫汝身何因隨念所使且夫心中種種取	身 非 念 倫 汝 身 何 因 隨 念 所 使 且 夫 心 中 種 種 取 
X13n0285_010:0379a18	像心既生想形隨取物所取之物必與所念相應	像 心 既 生 想 形 隨 取 物 所 取 之 物 必 與 所 念 相 應 
X13n0285_010:0379a19	又寤時即為想心寐時便為諸夢則若色若心若	又 寤 時 即 為 想 心 寐 時 便 為 諸 夢 則 若 色 若 心 若 
X13n0285_010:0379a20	寤若寐何嘗不互融互通當知現前想念搖動妄	寤 若 寐 何 嘗 不 互 融 互 通 當 知 現 前 想 念 搖 動 妄 
X13n0285_010:0379a21	情更非實有外境令我搖動不過即是融通妄想	情 更 非 實 有 外 境 令 我 搖 動 不 過 即 是 融 通 妄 想 
X13n0285_010:0379a22	而已。四明行陰惟是幽隱妄想。	而 已 四 明 行 陰 惟 是 幽 隱 妄 想 
X13n0285_010:0379a23	化理不住運運密移甲長髮生氣銷容皺日夜相代	化 理 不 住 運 運 密 移 甲 長 髮 生 氣 銷 容 皺 日 夜 相 代 
X13n0285_010:0379a24	曾無覺悟阿難此若非汝云何體遷如必是真汝何	曾 無 覺 悟 阿 難 此 若 非 汝 云 何 體 遷 如 必 是 真 汝 何 
X13n0285_010:0379b01	無覺則汝諸行念念不停名為幽隱第四妄想。	無 覺 則 汝 諸 行 念 念 不 停 名 為 幽 隱 第 四 妄 想 
X13n0285_010:0379b02	能令體遷故不離汝想曾無覺悟故惟是虗妄也	能 令 體 遷 故 不 離 汝 想 曾 無 覺 悟 故 惟 是 虗 妄 也 
X13n0285_010:0379b03	除却幽隱妄想豈復更有諸行。五明識陰惟是	除 却 幽 隱 妄 想 豈 復 更 有 諸 行 五 明 識 陰 惟 是 
X13n0285_010:0379b04	顛倒妄想。	顛 倒 妄 想 
X13n0285_010:0379b05	又汝精明湛不搖處(設欲)名恒常者於身(總)不由(於)見	又 汝 精 明 湛 不 搖 處 設 欲 名 恒 常 者 於 身 總 不 由 於 見 
X13n0285_010:0379b06	聞覺知若實精真(便決)不容習妄何因汝等曾於昔年	聞 覺 知 若 實 精 真 便 決 不 容 習 妄 何 因 汝 等 曾 於 昔 年 
X13n0285_010:0379b07	覩一奇物經歷年歲憶忘俱無於後忽然覆覩前異	覩 一 奇 物 經 歷 年 歲 憶 忘 俱 無 於 後 忽 然 覆 覩 前 異 
X13n0285_010:0379b08	記憶宛然曾不遺失則此精了湛不搖中念念受熏	記 憶 宛 然 曾 不 遺 失 則 此 精 了 湛 不 搖 中 念 念 受 熏 
X13n0285_010:0379b09	有何籌算阿難當知此湛非真如急流水望如恬靜	有 何 籌 算 阿 難 當 知 此 湛 非 真 如 急 流 水 望 如 恬 靜 
X13n0285_010:0379b10	流急不見非是無流若非(妄)想(根)元寧受(此虗)妄(熏)習	流 急 不 見 非 是 無 流 若 非 妄 想 根 元 寧 受 此 虗 妄 熏 習 
X13n0285_010:0379b11	非汝六根互用開合(使彼妄習無寄則)此之妄想無時得滅	非 汝 六 根 互 用 開 合 使 彼 妄 習 無 寄 則 此 之 妄 想 無 時 得 滅 
X13n0285_010:0379b12	故汝現在見聞覺知中串習幾則湛了內罔象虗無	故 汝 現 在 見聞覺知 中 串 習 幾 則 湛 了 內 罔 象 虗 無 
X13n0285_010:0379b13	(名為)第五顛倒微細精想。	 名 為 第 五 顛 倒 微 細 精 想 
X13n0285_010:0379b14	識陰雖云通指八識須以第八為總報主此第八	識 陰 雖 云 通 指 八 識 須 以 第 八 為 總 報 主 此 第 八 
X13n0285_010:0379b15	識見分恒托六根門頭任運緣於現量性境故云	識 見 分 恒 托 六 根 門 頭 任 運 緣 於 現 量 性 境 故 云 
X13n0285_010:0379b16	於身不出見聞覺知也串與慣同常也幾微也除	於 身 不 出 見聞覺知 也 串 與 慣 同 常 也 幾 微 也 除 
X13n0285_010:0379b17	却顛倒微細精想豈復更有罔象虗無陳習。三	却 顛 倒 微 細 精 想 豈 復 更 有 罔 象 虗 無 陳 習 三 
X13n0285_010:0379b18	結成。	結 成 
X13n0285_010:0379b19	阿難是五受陰五妄想成。	阿 難 是 五 受 陰 五 妄 想 成 
X13n0285_010:0379b20	言五受陰者以是眾生之所執受故也是故五陰	言 五 受 陰 者 以 是 眾 生 之 所 執 受 故 也 是 故 五 陰 
X13n0285_010:0379b21	通名為受通名為想當知亦復通名為識以受想	通 名 為 受 通 名 為 想 當 知 亦 復 通 名 為 識 以 受 想 
X13n0285_010:0379b22	行三陰不過皆是識之心所色陰不過即是識之	行 三 陰 不 過 皆 是 識 之 心 所 色 陰 不 過 即 是 識 之 
X13n0285_010:0379b23	相分故也又復通名為行以色受想識皆是遷流	相 分 故 也 又 復 通 名 為 行 以 色 受 想 識 皆 是 遷 流 
X13n0285_010:0379b24	造作法故又復通名為色以初是有對有表色後	造 作 法 故 又 復 通 名 為 色 以 初 是 有 對 有 表 色 後 
X13n0285_010:0379c01	四皆是無對無表色故也。二超答詣何為界。	四 皆 是 無 對 無 表 色 故 也 二 超 答 詣 何 為 界 
X13n0285_010:0379c02	汝今欲知因界淺深唯色與空是色邊際唯觸及離	汝 今 欲 知 因 界 淺 深 唯 色 與 空 是 色 邊 際 唯 觸 及 離 
X13n0285_010:0379c03	是受邊際唯記與忘是想邊際唯滅與生是行邊際	是 受 邊 際 唯 記 與 忘 是 想 邊 際 唯 滅 與 生 是 行 邊 際 
X13n0285_010:0379c04	湛入合湛歸識邊際。	湛 入 合 湛 歸 識 邊 際 
X13n0285_010:0379c05	色空皆是色陰邊際則十界色法無不竪窮橫徧	色 空 皆 是 色 陰 邊 際 則 十 界 色 法 無 不 竪 窮 橫 徧 
X13n0285_010:0379c06	觸離皆是受陰邊際則十界諸受亦皆竪窮橫徧	觸 離 皆 是 受 陰 邊 際 則 十 界 諸 受 亦 皆 竪 窮 橫 徧 
X13n0285_010:0379c07	記忘皆是想陰邊際滅生皆是行陰邊際入合皆	記 忘 皆 是 想 陰 邊 際 滅 生 皆 是 行 陰 邊 際 入 合 皆 
X13n0285_010:0379c08	是識陰邊際則十界想行識等一一皆復豎窮橫	是 識 陰 邊 際 則 十 界 想 行 識 等 一 一 皆 復 豎 窮 橫 
X13n0285_010:0379c09	徧所以觀相元妄無可指陳惟是五種妄想為本	徧 所 以 觀 相 元 妄 無 可 指 陳 惟 是 五 種 妄 想 為 本 
X13n0285_010:0379c10	觀性元真皆如來藏清淨本然周徧法界也。三	觀 性 元 真 皆 如 來 藏 清 淨 本 然 周 徧 法 界 也 三 
X13n0285_010:0379c11	追答併銷次第。	追 答 併 銷 次 第 
X13n0285_010:0379c12	此五陰元重疊生起生因識有滅從色除理則頓悟	此 五 陰 元 重 疊 生 起 生 因 識 有 滅 從 色 除 理 則 頓 悟 
X13n0285_010:0379c13	乘悟併銷事非頓除因次第盡我已示汝劫波巾結	乘 悟 併 銷 事 非 頓 除 因 次 第 盡 我 已 示 汝 劫 波 巾 結 
X13n0285_010:0379c14	何所不明再此詢問。	何 所 不 明 再 此 詢 問 
X13n0285_010:0379c15	重疊生起者意顯一念迷妄法爾頓具五疊渾濁	重 疊 生 起 者 意 顯 一 念 迷 妄 法 爾 頓 具 五 疊 渾 濁 
X13n0285_010:0379c16	非謂實有先後也生因識有二句大須體會葢一	非 謂 實 有 先 後 也 生 因 識 有 二 句 大 須 體 會 葢 一 
X13n0285_010:0379c17	往就迷情言須云生因色有滅從識除今是原始	往 就 迷 情 言 須 云 生 因 色 有 滅 從 識 除 今 是 原 始 
X13n0285_010:0379c18	要終故云生因識有滅從色除耳請試辯之迷情	要 終 故 云 生 因 識 有 滅 從 色 除 耳 請 試 辯 之 迷 情 
X13n0285_010:0379c19	所見必須先有色空方成觸離因有觸離方有記	所 見 必 須 先 有 色 空 方 成 觸 離 因 有 觸 離 方 有 記 
X13n0285_010:0379c20	忘因有記忘方名生滅因有生滅方成了別了別	忘 因 有 記 忘 方 名 生 滅 因 有 生 滅 方 成 了 別 了 別 
X13n0285_010:0379c21	之性稱為湛明豈非生因色有乎下手功夫必須	之 性 稱 為 湛 明 豈 非 生 因 色 有 乎 下 手 功 夫 必 須 
X13n0285_010:0379c22	先斷分別無分別則無造作無造作則無諸想無	先 斷 分 別 無 分 別 則 無 造 作 無 造 作 則 無 諸 想 無 
X13n0285_010:0379c23	諸想則不取諸受無諸受則不召諸色豈非滅從	諸 想 則 不 取 諸 受 無 諸 受 則 不 召 諸 色 豈 非 滅 從 
X13n0285_010:0379c24	識除乎今原其所自始者一念無明心動即為識	識 除 乎 今 原 其 所 自 始 者 一 念 無 明 心 動 即 為 識 
X13n0285_010:0380a01	本此識動相即為行本動必取境即為想本能取	本 此 識 動 相 即 為 行 本 動 必 取 境 即 為 想 本 能 取 
X13n0285_010:0380a02	見分即為受本所取相分即為色本是一念頓具	見 分 即 為 受 本 所 取 相 分 即 為 色 本 是 一 念 頓 具 
X13n0285_010:0380a03	五疊渾濁仍是生因識有也要其所由終者動靜	五 疊 渾 濁 仍 是 生 因 識 有 也 要 其 所 由 終 者 動 靜 
X13n0285_010:0380a04	等二相了然不生故色性自滅聞所聞等皆盡故	等 二 相 了 然 不 生 故 色 性 自 滅 聞 所 聞 等 皆 盡 故 
X13n0285_010:0380a05	受性自滅覺所覺空故想性自滅生滅既滅故行	受 性 自 滅 覺 所 覺 空 故 想 性 自 滅 生 滅 既 滅 故 行 
X13n0285_010:0380a06	性自滅忽然超越故識性自滅是一念圓超五種	性 自 滅 忽 然 超 越 故 識 性 自 滅 是 一 念 圓 超 五 種 
X13n0285_010:0380a07	妄想仍是滅從色除也悟生即無生故理則頓悟	妄 想 仍 是 滅 從 色 除 也 悟 生 即 無 生 故 理 則 頓 悟 
X13n0285_010:0380a08	乘悟併銷所謂一銷一切銷喻如巾之六結一解	乘 悟 併 銷 所 謂 一 銷 一 切 銷 喻 如 巾 之 六 結 一 解 
X13n0285_010:0380a09	一切解約橫喻也無滅而論滅故事非頓除因次	一 切 解 約 橫 喻 也 無 滅 而 論 滅 故 事 非 頓 除 因 次 
X13n0285_010:0380a10	第盡所謂先得人空次悟法空然後入無生忍喻	第 盡 所 謂 先 得 人 空 次 悟 法 空 然 後 入 無 生 忍 喻 
X13n0285_010:0380a11	如巾之一結要須從中下手漸令分散約豎喻也	如 巾 之 一 結 要 須 從 中 下 手 漸 令 分 散 約 豎 喻 也 
X13n0285_010:0380a12	然而事理本自不二迷悟不免天殊以理從事則	然 而 事 理 本 自 不 二 迷 悟 不 免 天 殊 以 理 從 事 則 
X13n0285_010:0380a13	何理非事以事從理則何事非理倘不深知六即	何 理 非 事 以 事 從 理 則 何 事 非 理 倘 不 深 知 六 即 
X13n0285_010:0380a14	妙義通達橫豎法門何由能識此經宗趣今不避	妙 義 通 達 橫 豎 法 門 何 由 能 識 此 經 宗 趣 今 不 避 
X13n0285_010:0380a15	繁再為點示先約義立成四句次融會收入一途	繁 再 為 點 示 先 約 義 立 成 四 句 次 融 會 收 入 一 途 
X13n0285_010:0380a16	先立四句者一頓悟頓除二頓悟漸除三漸悟頓	先 立 四 句 者 一 頓 悟 頓 除 二 頓 悟 漸 除 三 漸 悟 頓 
X13n0285_010:0380a17	除四漸悟漸除一頓悟頓除者即是最利根人事	除 四 漸 悟 漸 除 一 頓 悟 頓 除 者 即 是 最 利 根 人 事 
X13n0285_010:0380a18	理二障俱薄始則於觀行中乘此心開超入金剛	理 二 障 俱 薄 始 則 於 觀 行 中 乘 此 心 開 超 入 金 剛 
X13n0285_010:0380a19	乾慧次又於金剛乾慧中圓明精心頓超信住行	乾 慧 次 又 於 金 剛 乾 慧 中 圓 明 精 心 頓 超 信 住 行 
X13n0285_010:0380a20	向地等入妙覺海也二頓悟漸除者如阿難等先	向 地 等 入 妙 覺 海 也 二 頓 悟 漸 除 者 如 阿 難 等 先 
X13n0285_010:0380a21	悟藏性頓獲法身次復定境修觀滌除根中積生	悟 藏 性 頓 獲 法 身 次 復 定 境 修 觀 滌 除 根 中 積 生 
X13n0285_010:0380a22	虗習者是也三漸悟頓除者如滿慈輩所知障重	虗 習 者 是 也 三 漸 悟 頓 除 者 如 滿 慈 輩 所 知 障 重 
X13n0285_010:0380a23	故開悟為難由其三緣先斷故但使三因不生則	故 開 悟 為 難 由 其 三 緣 先 斷 故 但 使 三 因 不 生 則 
X13n0285_010:0380a24	狂心頓歇歇即菩提也四漸悟漸除者二障俱重	狂 心 頓 歇 歇 即 菩 提 也 四 漸 悟 漸 除 者 二 障 俱 重 
X13n0285_010:0380b01	須以聞熏漸開圓解次依圓解而起真修乃至歷	須 以 聞 熏 漸 開 圓 解 次 依 圓 解 而 起 真 修 乃 至 歷 
X13n0285_010:0380b02	劫辛勤修證者是也此之四句但約圓家建立非	劫 辛 勤 修 證 者 是 也 此 之 四 句 但 約 圓 家 建 立 非 
X13n0285_010:0380b03	關藏通別等設於前三教門各立四句義亦可得	關 藏 通 別 等 設 於 前 三 教 門 各 立 四 句 義 亦 可 得 
X13n0285_010:0380b04	非此所急故不說之次會一途全者事之理無漸	非 此 所 急 故 不 說 之 次 會 一 途 全 者 事 之 理 無 漸 
X13n0285_010:0380b05	而非頓縱令六結解不同時而解法畢竟無二未	而 非 頓 縱 令 六 結 解 不 同 時 而 解 法 畢 竟 無 二 未 
X13n0285_010:0380b06	有知解此結而不知解彼結者是故頓漸二悟同	有 知 解 此 結 而 不 知 解 彼 結 者 是 故 頓 漸 二 悟 同 
X13n0285_010:0380b07	名為頓全理之事無頓而非漸縱令五陰剎那同	名 為 頓 全 理 之 事 無 頓 而 非 漸 縱 令 五 陰 剎 那 同 
X13n0285_010:0380b08	盡而次第終自炳然未有色不盡而受先盡乃至	盡 而 次 第 終 自 炳 然 未 有 色 不 盡 而 受 先 盡 乃 至 
X13n0285_010:0380b09	行不盡而識先盡者是故頓漸二除同名為漸也	行 不 盡 而 識 先 盡 者 是 故 頓 漸 二 除 同 名 為 漸 也 
X13n0285_010:0380b10	所以劫波巾喻約六根則橫而兼豎以根根皆有	所 以 劫 波 巾 喻 約 六 根 則 橫 而 兼 豎 以 根 根 皆 有 
X13n0285_010:0380b11	五陰重疊故約五陰則豎而復橫以觀行中亦盡	五 陰 重 疊 故 約 五 陰 則 豎 而 復 橫 以 觀 行 中 亦 盡 
X13n0285_010:0380b12	五陰乃至究竟位中亦復盡五陰故法喻巧妙所	五 陰 乃 至 究 竟 位 中 亦 復 盡 五 陰 故 法 喻 巧 妙 所 
X13n0285_010:0380b13	應深思初正答所問竟。二結勸傳示。	應 深 思 初 正 答 所 問 竟 二 結 勸 傳 示 
X13n0285_010:0380b14	汝應將此妄想根元心得開通傳示末法之中諸修	汝 應 將 此 妄 想 根 元 心 得 開 通 傳 示 末 法 之 中 諸 修 
X13n0285_010:0380b15	行者令識虗妄深厭自生知有涅槃不戀三界。	行 者 令 識 虗 妄 深 厭 自 生 知 有 涅 槃 不 戀 三 界 
X13n0285_010:0380b16	五陰既惟妄想為本所以無非虗妄九界眾生皆	五 陰 既 惟 妄 想 為 本 所 以 無 非 虗 妄 九 界 眾 生 皆 
X13n0285_010:0380b17	由不知五陰虗妄不能深起厭離所以不知涅槃	由 不 知 五 陰 虗 妄 不 能 深 起 厭 離 所 以 不 知 涅 槃 
X13n0285_010:0380b18	真性而久戀三土之三界也涅槃三義者一性淨	真 性 而 久 戀 三 土 之 三 界 也 涅 槃 三 義 者 一 性 淨 
X13n0285_010:0380b19	涅槃即法身德二圓淨涅槃即般若德三方便淨	涅 槃 即 法 身 德 二 圓 淨 涅 槃 即 般 若 德 三 方 便 淨 
X13n0285_010:0380b20	涅槃即解脫德若離而言之橫約三人豎約三位	涅 槃 即 解 脫 德 若 離 而 言 之 橫 約 三 人 豎 約 三 位 
X13n0285_010:0380b21	三人者性淨屬佛方便淨屬菩薩圓淨屬二乘三	三 人 者 性 淨 屬 佛 方 便 淨 屬 菩 薩 圓 淨 屬 二 乘 三 
X13n0285_010:0380b22	位者圓淨屬七信方便淨屬十信性淨屬初住以	位 者 圓 淨 屬 七 信 方 便 淨 屬 十 信 性 淨 屬 初 住 以 
X13n0285_010:0380b23	上今合而言之正因性顯名性淨緣因性顯名方	上 今 合 而 言 之 正 因 性 顯 名 性 淨 緣 因 性 顯 名 方 
X13n0285_010:0380b24	便淨了因性顯名圓淨三因圓顯則三德涅槃圓	便 淨 了 因 性 顯 名 圓 淨 三 因 圓 顯 則 三 德 涅 槃 圓 
X13n0285_010:0380c01	證所謂舉一即三言三即一也又知涅槃亦具橫	證 所 謂 舉 一 即 三 言 三 即 一 也 又 知 涅 槃 亦 具 橫 
X13n0285_010:0380c02	豎二義一豎義者知有圓淨涅槃不戀同居三界	豎 二 義 一 豎 義 者 知 有 圓 淨 涅 槃 不 戀 同 居 三 界 
X13n0285_010:0380c03	知有方便淨涅槃不戀有餘三界知有性淨涅槃	知 有 方 便 淨 涅 槃 不 戀 有 餘 三 界 知 有 性 淨 涅 槃 
X13n0285_010:0380c04	不戀實報三界破界內陰顯圓淨涅槃破有餘陰	不 戀 實 報 三 界 破 界 內 陰 顯 圓 淨 涅 槃 破 有 餘 陰 
X13n0285_010:0380c05	顯方便淨涅槃破實報陰顯性淨涅槃三涅槃顯	顯 方 便 淨 涅 槃 破 實 報 陰 顯 性 淨 涅 槃 三 涅 槃 顯 
X13n0285_010:0380c06	即法性五陰顯所謂去泥純水也二橫義者十界	即 法 性 五 陰 顯 所 謂 去 泥 純 水 也 二 橫 義 者 十 界 
X13n0285_010:0380c07	五陰皆即空故名圓淨涅槃十異五陰皆即假故	五 陰 皆 即 空 故 名 圓 淨 涅 槃 十 異 五 陰 皆 即 假 故 
X13n0285_010:0380c08	名方便淨涅槃十界五陰皆即中故名性淨涅槃	名 方 便 淨 涅 槃 十 界 五 陰 皆 即 中 故 名 性 淨 涅 槃 
X13n0285_010:0380c09	證此三涅槃性故一切變現不為煩惱也大章正	證 此 三 涅 槃 性 故 一 切 變 現 不 為 煩 惱 也 大 章 正 
X13n0285_010:0380c10	宗分竟。	宗 分 竟 
X13n0285_010:0380c11	三流通分二初如來歎述二大眾歡喜。初中二	三 流 通 分 二 初 如 來 歎 述 二 大 眾 歡 喜 初 中 二 
X13n0285_010:0380c12	初明滅惡力用二明生善力用。今初。	初 明 滅 惡 力 用 二 明 生 善 力 用 今 初 
X13n0285_010:0380c13	阿難若復有人徧滿十方所有虗空盈滿七寶持以	阿 難 若 復 有 人 徧 滿 十 方 所 有 虗 空 盈 滿 七 寶 持 以 
X13n0285_010:0380c14	奉上微塵諸佛承事供養心無虗度於意云何是人	奉 上 微 塵 諸 佛 承事供養 心 無 虗 度 於意云何 是 人 
X13n0285_010:0380c15	以此施佛因緣得福多不阿難答言虗空無盡珍寶	以 此 施 佛 因 緣 得 福 多 不 阿 難 答 言 虗 空 無 盡 珍 寶 
X13n0285_010:0380c16	無邊昔有眾生施佛七錢捨身猶獲轉輪王位況復	無 邊 昔 有 眾 生 施 佛 七 錢 捨 身 猶 獲 轉輪王位 況 復 
X13n0285_010:0380c17	現前虗空既窮佛土充滿皆施珍寶窮劫思議尚不	現 前 虗 空 既 窮 佛 土 充 滿 皆 施 珍 寶 窮 劫 思 議 尚 不 
X13n0285_010:0380c18	能及是福云何更有邊際佛告阿難諸佛如來語無	能 及 是 福 云 何 更 有 邊 際 佛 告 阿 難 諸佛如來 語 無 
X13n0285_010:0380c19	虗妄若復有人身具四重十波羅夷瞬息即經此方	虗 妄 若 復 有 人 身 具 四 重 十 波 羅 夷 瞬 息 即 經 此 方 
X13n0285_010:0380c20	他方阿鼻地獄乃至窮盡十方無間靡不經歷能以	他 方 阿鼻地獄 乃 至 窮 盡 十 方 無 間 靡 不 經 歷 能 以 
X13n0285_010:0380c21	一念將此法門於末劫中開示未學是人罪障應念	一 念 將 此 法 門 於 末 劫 中 開 示 未 學 是 人 罪 障 應 念 
X13n0285_010:0380c22	銷滅變其所受地獄苦因成安樂國得福超越前之	銷 滅 變 其 所 受 地 獄 苦 因 成 安 樂 國 得 福 超 越 前 之 
X13n0285_010:0380c23	施人百倍千倍萬倍千萬億倍如是乃至算數譬喻	施 人 百 倍 千 倍 萬 倍 千 萬 億 倍 如 是 乃 至 算 數 譬 喻 
X13n0285_010:0380c24	所不能及。	所 不 能 及 
X13n0285_010:0381a01	先以財施增上功德而為能校次正明法施功德	先 以 財 施 增 上 功 德 而 為 能 校 次 正 明 法 施 功 德 
X13n0285_010:0381a02	能滅重罪兼得勝福也此法門者全性成修之法	能 滅 重 罪 兼 得 勝 福 也 此 法 門 者 全 性 成 修 之 法 
X13n0285_010:0381a03	一路涅槃之門凡夫現在陰入處界大等本與諸	一 路 涅 槃 之 門 凡 夫 現 在 陰 入 處 界 大 等 本 與 諸 
X13n0285_010:0381a04	佛無二無別皆如來藏妙真如性一念迷妄既可	佛 無 二 無 別 皆 如 來 藏 妙 真 如 性 一 念 迷 妄 既 可 
X13n0285_010:0381a05	舉此法身般若解脫之全體大用而為阿鼻惑業	舉 此 法 身 般 若 解 脫 之 全 體 大 用 而 為 阿 鼻 惑 業 
X13n0285_010:0381a06	苦三則一念了悟豈不能舉此阿鼻惑業苦之全	苦 三 則 一 念 了 悟 豈 不 能 舉 此 阿 鼻 惑 業 苦 之 全 
X13n0285_010:0381a07	體大用而還成法身般若解脫三德耶葢十界升	體 大 用 而 還 成 法 身 般 若 解 脫 三 德 耶 葢 十 界 升 
X13n0285_010:0381a08	沉元不外於現前一念一念能造四重十夷備經	沉 元 不 外 於 現 前 一 念 一 念 能 造 四 重 十 夷 備 經 
X13n0285_010:0381a09	無間所以一念還能弘通此法莊嚴淨土也法門	無 間 所 以 一 念 還 能 弘 通 此 法 莊 嚴 淨 土 也 法 門 
X13n0285_010:0381a10	既圓頓難思末劫又多疑障重未學則聞熏乏種	既 圓 頓 難 思 末 劫 又 多 疑 障 重 未 學 則 聞 熏 乏 種 
X13n0285_010:0381a11	今秉此一念弘毅深心了知心佛眾生三無差別	今 秉 此 一 念 弘 毅 深 心 了 知 心 佛 眾 生 三無差別 
X13n0285_010:0381a12	聖世像季不作二想能為希有殊勝難事令未學	聖 世 像 季 不 作 二 想 能 為 希 有 殊 勝 難 事 令 未 學 
X13n0285_010:0381a13	頓同有學末劫猶如正法則地獄苦因何不當體	頓 同 有 學 末 劫 猶 如 正 法 則 地 獄 苦 因 何 不 當 體 
X13n0285_010:0381a14	變成蓮華淨界乎正報轉故依報隨轉慧性起故	變 成 蓮 華 淨 界 乎 正 報 轉 故 依 報 隨 轉 慧 性 起 故 
X13n0285_010:0381a15	福性亦超弘經之士須向此一念薦取始得。二	福 性 亦 超 弘 經 之 士 須 向 此 一 念 薦 取 始 得 二 
X13n0285_010:0381a16	明生善力用。	明 生 善 力 用 
X13n0285_010:0381a17	阿難若復有人能誦此經能持此呪如我廣說窮劫	阿 難 若 復 有 人 能 誦 此 經 能 持 此 呪 如 我 廣 說 窮 劫 
X13n0285_010:0381a18	不盡依我教言如教行道直至菩提無復魔業。	不 盡 依 我 教 言 如 教 行 道 直 至 菩 提 無 復 魔 業 
X13n0285_010:0381a19	滅惡既極至阿鼻生善則徑歸佛果顯說密說功	滅 惡 既 極 至 阿 鼻 生 善 則 徑 歸 佛 果 顯 說 密 說 功 
X13n0285_010:0381a20	用實均窮劫廣宣如何得盡我輩生雖末劫獲遘	用 實 均 窮 劫 廣 宣 如 何 得 盡 我 輩 生 雖 末 劫 獲 遘 
X13n0285_010:0381a21	上乘碎首粉身莫酬至德所願依教修行戒乘但	上 乘 碎 首 粉 身 莫 酬 至 德 所 願 依 教 修 行 戒 乘 但 
X13n0285_010:0381a22	急遵最後之叮嚀祈報恩於萬一耳。二大眾歡	急 遵 最 後 之 叮 嚀 祈 報 恩 於 萬 一 耳 二 大 眾 歡 
X13n0285_010:0381a23	喜。	喜 
X13n0285_010:0381a24	佛說此經已比丘比丘尼優婆塞優婆夷一切世間	佛 說 此 經 已 比 丘 比 丘 尼 優 婆 塞 優 婆 夷 一切世間 
X13n0285_010:0381b01	天人阿修羅及諸他方菩薩一乘聖仙童子并初發	天 人 阿 修 羅 及 諸 他 方 菩 薩 一 乘 聖 仙 童 子 并 初 發 
X13n0285_010:0381b02	心大力鬼神皆大歡喜作禮而去。	心 大 力 鬼 神 皆大歡喜 作 禮 而 去 
X13n0285_010:0381b03	大論釋三義故歡喜一能說人清淨二所說法清	大 論 釋 三 義 故 歡 喜 一 能 說 人 清 淨 二 所 說 法 清 
X13n0285_010:0381b04	淨三依法得果清淨能說人者即是如來法王為	淨 三 依 法 得 果 清 淨 能 說 人 者 即 是 如 來 法 王 為 
X13n0285_010:0381b05	度眾生故說不為名利故說所說法者即今了義	度 眾 生 故 說 不 為 名 利 故 說 所 說 法 者 即 今 了 義 
X13n0285_010:0381b06	極典乃是圓頓真宗非復權漸曲說依法得果者	極 典 乃 是 圓 頓 真 宗 非 復 權 漸 曲 說 依 法 得 果 者 
X13n0285_010:0381b07	始則不歷僧祇頓獲法身次則普會大眾獲法眼	始 則 不 歷 僧 祇 頓 獲 法 身 次 則 普 會 大 眾 獲 法 眼 
X13n0285_010:0381b08	淨無量眾生發無等心後則頓悟增上妙理斷除	淨 無 量 眾 生 發 無 等 心 後 則 頓 悟 增 上 妙 理 斷 除 
X13n0285_010:0381b09	微細煩惱乃至節節聞經處處受益也我輩今者	微 細 煩 惱 乃 至 節 節 聞 經 處 處 受 益 也 我 輩 今 者 
X13n0285_010:0381b10	值此遺文深心玩索雖復世遠地偏而心心相印	值 此 遺 文 深 心 玩 索 雖 復 世 遠 地 偏 而 心 心 相 印 
X13n0285_010:0381b11	何殊給園初唱前之二喜幸皆有之所愧夙根劣	何 殊 給 園 初 唱 前 之 二 喜 幸 皆 有 之 所 愧 夙 根 劣 
X13n0285_010:0381b12	弱尅果未期是故缺於第三喜耳然一字沾神永	弱 尅 果 未 期 是 故 缺 於 第 三 喜 耳 然 一 字 沾 神 永 
X13n0285_010:0381b13	作金剛種子亦可懸為未來喜也。	作 金 剛 種 子 亦 可 懸 為 未 來 喜 也 
